y	z	x_f	y_f	z_f	px_f	py_f	pz_f	p_y_max	p_z_max	E_f	L_x_max	L_x_f	px0=-2.0000000000e+03|kdamp=0.0000000000e+00|T=1.2000000000e+02|N=100000|pri=100|tfwhm=5.0000000000e+01|stable=0.0000000000e+00|Eo=1.0000000000e+00|delta=0.0000000000e+00|w0=5.0000000000e+00|lambda=1.0000000000e+00|l=0|p=0
-2.0000000000e+01	-2.0000000000e+01	-1.1987998502e+02	-2.0000000000e+01	-2.0000000000e+01	-2.0000000000e+03	-7.0040396301e-27	-1.2567120320e-30	1.2656811889e-14	1.2567120320e-30	2.0000002500e+03	2.5313623778e-13	1.4005565836e-25
-2.0000000000e+01	-1.9500000000e+01	-1.1987998502e+02	-2.0000000000e+01	-1.9500000000e+01	-2.0000000000e+03	-1.5330932515e-26	-5.9487493480e-30	2.7887974084e-14	5.9487493480e-30	2.0000002500e+03	5.4381549465e-13	2.9883420906e-25
-2.0000000000e+01	-1.9000000000e+01	-1.1987998502e+02	-2.0000000000e+01	-1.9000000000e+01	-2.0000000000e+03	-3.2980051264e-26	-2.7036978889e-29	6.0231505314e-14	2.7036978889e-29	2.0000002500e+03	1.1443986010e-12	6.2608023445e-25
-2.0000000000e+01	-1.8500000000e+01	-1.1987998502e+02	-2.0000000000e+01	-1.8500000000e+01	-2.0000000000e+03	-7.0514376802e-26	-1.1798261350e-28	1.2751009775e-13	1.1798261350e-28	2.0000002500e+03	2.3589368084e-12	1.3021563186e-24
-2.0000000000e+01	-1.8000000000e+01	-1.1987998502e+02	-2.0000000000e+01	-1.8000000000e+01	-2.0000000000e+03	-1.4498333584e-25	-4.9429786259e-28	2.6459373112e-13	4.9429786259e-28	2.0000002500e+03	4.7626871602e-12	2.5998140879e-24
-2.0000000000e+01	-1.7500000000e+01	-1.1987998502e+02	-2.0000000000e+01	-1.7500000000e+01	-2.0000000000e+03	-3.0216705128e-25	-1.9881650745e-27	5.3818133620e-13	1.9881650745e-27	2.0000002500e+03	9.4181733835e-12	5.2481600959e-24
-2.0000000000e+01	-1.7000000000e+01	-1.1987998502e+02	-2.0000000000e+01	-1.7000000000e+01	-2.0000000000e+03	-5.9566479622e-25	-7.6769674305e-27	1.0729804897e-12	7.6769674305e-27	2.0000002500e+03	1.8240668325e-11	9.9727621871e-24
-2.0000000000e+01	-1.6500000000e+01	-1.1987998502e+02	-2.0000000000e+01	-1.6500000000e+01	-2.0000000000e+03	-1.1586421257e-24	-2.8456358706e-26	2.0968585173e-12	2.8456358706e-26	2.0000002500e+03	3.4598165535e-11	1.8548467900e-23
-2.0000000000e+01	-1.6000000000e+01	-1.1987998502e+02	-2.0000000000e+01	-1.6000000000e+01	-2.0000000000e+03	-2.2461289068e-24	-1.0125073665e-25	4.0166181025e-12	1.0125073665e-25	2.0000002500e+03	6.4265889639e-11	3.3913047776e-23
-2.0000000000e+01	-1.5500000000e+01	-1.1987998502e+02	-2.0000000000e+01	-1.5500000000e+01	-2.0000000000e+03	-4.1621166329e-24	-3.4579678753e-25	7.5416446421e-12	3.4579678753e-25	2.0000002500e+03	1.1689549195e-10	5.7596872060e-23
-2.0000000000e+01	-1.5000000000e+01	-1.1987998502e+02	-2.0000000000e+01	-1.5000000000e+01	-2.0000000000e+03	-7.6487389853e-24	-1.1334954552e-24	1.3879879598e-11	1.1334954552e-24	2.0000002500e+03	2.0819819397e-10	9.2061175675e-23
-2.0000000000e+01	-1.4500000000e+01	-1.1987998502e+02	-2.0000000000e+01	-1.4500000000e+01	-2.0000000000e+03	-1.3742279495e-23	-3.5658577562e-24	2.5039142001e-11	3.5658577562e-24	2.0000002500e+03	3.6306755902e-10	1.2794589755e-22
-2.0000000000e+01	-1.4000000000e+01	-1.1987998502e+02	-2.0000000000e+01	-1.4000000000e+01	-2.0000000000e+03	-2.4698208179e-23	-1.0765141874e-23	4.4275889797e-11	1.0765141874e-23	2.0000002500e+03	6.1986245716e-10	1.3047207702e-22
-2.0000000000e+01	-1.3500000000e+01	-1.1987998502e+02	-2.0000000000e+01	-1.3500000000e+01	-2.0000000000e+03	-4.1653952999e-23	-3.1185263695e-23	7.6741319610e-11	3.1185263695e-23	2.0000002500e+03	1.0360078147e-09	6.1376908418e-23
-2.0000000000e+01	-1.3000000000e+01	-1.1987998502e+02	-2.0000000000e+01	-1.3000000000e+01	-2.0000000000e+03	-7.1874640139e-23	-8.6678453739e-23	1.3037830729e-10	8.6678453739e-23	2.0000002500e+03	1.6949179948e-09	7.9919875297e-22
-2.0000000000e+01	-1.2500000000e+01	-1.1987998502e+02	-2.0000000000e+01	-1.2500000000e+01	-2.0000000000e+03	-1.2012721570e-22	-2.3113099429e-22	2.1711784714e-10	2.3113099429e-22	2.0000002500e+03	2.7139730893e-09	3.1210296895e-21
-2.0000000000e+01	-1.2000000000e+01	-1.1987998502e+02	-2.0000000000e+01	-1.2000000000e+01	-2.0000000000e+03	-1.9705180142e-22	-5.9120488361e-22	3.5440498353e-10	5.9120488361e-22	2.0000002500e+03	4.2528598024e-09	9.4594760553e-21
-2.0000000000e+01	-1.1500000000e+01	-1.1987998502e+02	-2.0000000000e+01	-1.1500000000e+01	-2.0000000000e+03	-3.1398560888e-22	-1.4504121200e-21	5.6704591570e-10	1.4504121200e-21	2.0000002500e+03	6.5210280306e-09	2.5397407897e-20
-2.0000000000e+01	-1.1000000000e+01	-1.1987998502e+02	-2.0000000000e+01	-1.1000000000e+01	-2.0000000000e+03	-4.9354490036e-22	-3.4123321556e-21	8.8930501933e-10	3.4123321556e-21	2.0000002500e+03	9.7823552126e-09	6.2817649209e-20
-2.0000000000e+01	-1.0500000000e+01	-1.1987998502e+02	-2.0000000000e+01	-1.0500000000e+01	-2.0000000000e+03	-7.5094759733e-22	-7.6973488048e-21	1.3670908317e-09	7.6973488048e-21	2.0000002500e+03	1.4354453733e-08	1.4606202632e-19
-2.0000000000e+01	-1.0000000000e+01	-1.1987998502e+02	-2.0000000000e+01	-1.0000000000e+01	-2.0000000000e+03	-1.1448931410e-21	-1.6644599248e-20	2.0599567791e-09	1.6644599248e-20	2.0000002500e+03	2.0599567790e-08	3.2144305356e-19
-2.0000000000e+01	-9.5000000000e+00	-1.1987998502e+02	-2.0000000000e+01	-9.5000000000e+00	-2.0000000000e+03	-1.5163421532e-20	-3.4494245049e-20	3.0425165989e-09	3.4494245049e-20	2.0000002500e+03	2.8903907689e-08	5.4583239642e-19
-2.0000000000e+01	-9.0000000000e+00	-1.1987998502e+02	-2.0000000000e+01	-9.0000000000e+00	-2.0000000000e+03	-1.6066362016e-19	-6.8492570441e-20	4.4047565960e-09	6.8492570441e-20	2.0000002500e+03	3.9642809363e-08	7.6121172601e-20
-2.0000000000e+01	-8.5000000000e+00	-1.1987998502e+02	-2.0000000000e+01	-8.5000000000e+00	-2.0000000000e+03	-3.2843295488e-19	-1.3026448255e-19	6.2506471449e-09	1.3026448255e-19	2.0000002500e+03	5.3130500730e-08	1.8639046549e-19
-2.0000000000e+01	-8.0000000000e+00	-1.1987998502e+02	-2.0000000000e+01	-8.0000000000e+00	-2.0000000000e+03	-5.3509744374e-19	-2.3720915038e-19	8.6944509608e-09	2.3720915038e-19	2.0000002500e+03	6.9555607684e-08	4.6340345765e-19
-2.0000000000e+01	-7.5000000000e+00	-1.1987998502e+02	-2.0000000000e+01	-7.5000000000e+00	-2.0000000000e+03	-1.1342162567e-18	-4.1339507008e-19	1.1854232794e-08	4.1339507008e-19	2.0000002500e+03	8.8906745949e-08	2.3872052378e-19
-2.0000000000e+01	-7.0000000000e+00	-1.1987998502e+02	-2.0000000000e+01	-7.0000000000e+00	-2.0000000000e+03	-1.9750629589e-18	-6.8911685010e-19	1.5842322555e-08	6.8911685010e-19	2.0000002500e+03	1.1089625788e-07	4.3103710191e-20
-2.0000000000e+01	-6.5000000000e+00	-1.1987998502e+02	-2.0000000000e+01	-6.5000000000e+00	-2.0000000000e+03	-3.3177942249e-18	-1.0980628691e-18	2.0752879365e-08	1.0980628691e-18	2.0000002500e+03	1.3489371586e-07	3.9559491966e-19
-2.0000000000e+01	-6.0000000000e+00	-1.1987998502e+02	-2.0000000000e+01	-6.0000000000e+00	-2.0000000000e+03	-5.5086328250e-18	-1.6711381004e-18	2.6647224574e-08	1.6711381004e-18	2.0000002500e+03	1.5988334743e-07	3.7096505913e-19
-2.0000000000e+01	-5.5000000000e+00	-1.1987998502e+02	-2.0000000000e+01	-5.5000000000e+00	-2.0000000000e+03	-8.8402684964e-18	-2.4266058577e-18	3.3538197115e-08	2.4266058577e-18	2.0000002500e+03	1.8446008411e-07	8.9359575564e-20
-2.0000000000e+01	-5.0000000000e+00	-1.1987998502e+02	-2.0000000000e+01	-5.0000000000e+00	-2.0000000000e+03	-1.3487580187e-17	-3.3574552965e-18	4.1375337952e-08	3.3574552965e-18	2.0000002500e+03	2.0687668973e-07	2.8879500759e-19
-2.0000000000e+01	-4.5000000000e+00	-1.1987998502e+02	-2.0000000000e+01	-4.5000000000e+00	-2.0000000000e+03	-1.9595590696e-17	-4.4185996257e-18	5.0033110773e-08	4.4185996257e-18	2.0000002500e+03	2.2514899844e-07	1.9183438320e-19
-2.0000000000e+01	-4.0000000000e+00	-1.1987998502e+02	-2.0000000000e+01	-4.0000000000e+00	-2.0000000000e+03	-2.7659805879e-17	-5.5181341314e-18	5.9304488928e-08	5.5181341314e-18	2.0000002500e+03	2.3721795566e-07	2.7654088858e-19
-2.0000000000e+01	-3.5000000000e+00	-1.1987998502e+02	-2.0000000000e+01	-3.5000000000e+00	-2.0000000000e+03	-3.7280259310e-17	-6.5176142139e-18	6.8901985986e-08	6.5176142139e-18	2.0000002500e+03	2.4115695089e-07	1.2862330920e-19
-2.0000000000e+01	-3.0000000000e+00	-1.1987998502e+02	-2.0000000000e+01	-3.0000000000e+00	-2.0000000000e+03	-4.8349758408e-17	-7.2453342576e-18	7.8467537311e-08	7.2453342576e-18	2.0000002500e+03	2.3540261187e-07	1.4259007063e-19
-2.0000000000e+01	-2.5000000000e+00	-1.1987998502e+02	-2.0000000000e+01	-2.5000000000e+00	-2.0000000000e+03	-6.0272883742e-17	-7.5235353531e-18	8.7591591146e-08	7.5235353531e-18	2.0000002500e+03	2.1897897780e-07	2.1150229314e-19
-2.0000000000e+01	-2.0000000000e+00	-1.1987998502e+02	-2.0000000000e+01	-2.0000000000e+00	-2.0000000000e+03	-7.2131737794e-17	-7.2058457255e-18	9.5840466503e-08	7.2058457255e-18	2.0000002500e+03	1.9168093294e-07	1.4656107885e-19
-2.0000000000e+01	-1.5000000000e+00	-1.1987998502e+02	-2.0000000000e+01	-1.5000000000e+00	-2.0000000000e+03	-8.2915208565e-17	-6.2165216525e-18	1.0278968442e-07	6.2165216525e-18	2.0000002500e+03	1.5418452658e-07	4.2379798679e-20
-2.0000000000e+01	-1.0000000000e+00	-1.1987998502e+02	-2.0000000000e+01	-1.0000000000e+00	-2.0000000000e+03	-9.1640535696e-17	-4.5802126279e-18	1.0805982424e-07	4.5802126279e-18	2.0000002500e+03	1.0805982420e-07	3.6283137197e-20
-2.0000000000e+01	-5.0000000000e-01	-1.1987998502e+02	-2.0000000000e+01	-5.0000000000e-01	-2.0000000000e+03	-9.7330308246e-17	-2.4317185796e-18	1.1135073583e-07	2.4317185796e-18	2.0000002500e+03	5.5675367893e-08	3.0782530119e-20
-2.0000000000e+01	0.0000000000e+00	-1.1987998502e+02	-2.0000000000e+01	-5.7652038057e-34	-2.0000000000e+03	-9.9350376613e-17	-1.2152623569e-32	1.1246982933e-07	1.2152623569e-32	2.0000002500e+03	2.4305247139e-31	2.4305247139e-31
-2.0000000000e+01	5.0000000000e-01	-1.1987998502e+02	-2.0000000000e+01	5.0000000000e-01	-2.0000000000e+03	-9.7330308246e-17	2.4317185796e-18	1.1135073583e-07	2.4317185796e-18	2.0000002500e+03	5.5675367893e-08	3.0782530119e-20
-2.0000000000e+01	1.0000000000e+00	-1.1987998502e+02	-2.0000000000e+01	1.0000000000e+00	-2.0000000000e+03	-9.1640535696e-17	4.5802126279e-18	1.0805982424e-07	4.5802126279e-18	2.0000002500e+03	1.0805982420e-07	3.6283137197e-20
-2.0000000000e+01	1.5000000000e+00	-1.1987998502e+02	-2.0000000000e+01	1.5000000000e+00	-2.0000000000e+03	-8.2915208565e-17	6.2165216525e-18	1.0278968442e-07	6.2165216525e-18	2.0000002500e+03	1.5418452658e-07	4.2379798679e-20
-2.0000000000e+01	2.0000000000e+00	-1.1987998502e+02	-2.0000000000e+01	2.0000000000e+00	-2.0000000000e+03	-7.2131737794e-17	7.2058457255e-18	9.5840466503e-08	7.2058457255e-18	2.0000002500e+03	1.9168093294e-07	1.4656107885e-19
-2.0000000000e+01	2.5000000000e+00	-1.1987998502e+02	-2.0000000000e+01	2.5000000000e+00	-2.0000000000e+03	-6.0272883742e-17	7.5235353531e-18	8.7591591146e-08	7.5235353531e-18	2.0000002500e+03	2.1897897780e-07	2.1150229314e-19
-2.0000000000e+01	3.0000000000e+00	-1.1987998502e+02	-2.0000000000e+01	3.0000000000e+00	-2.0000000000e+03	-4.8349758408e-17	7.2453342576e-18	7.8467537311e-08	7.2453342576e-18	2.0000002500e+03	2.3540261187e-07	1.4259007063e-19
-2.0000000000e+01	3.5000000000e+00	-1.1987998502e+02	-2.0000000000e+01	3.5000000000e+00	-2.0000000000e+03	-3.7280259310e-17	6.5176142139e-18	6.8901985986e-08	6.5176142139e-18	2.0000002500e+03	2.4115695089e-07	1.2862330920e-19
-2.0000000000e+01	4.0000000000e+00	-1.1987998502e+02	-2.0000000000e+01	4.0000000000e+00	-2.0000000000e+03	-2.7659805879e-17	5.5181341314e-18	5.9304488928e-08	5.5181341314e-18	2.0000002500e+03	2.3721795566e-07	2.7654088858e-19
-2.0000000000e+01	4.5000000000e+00	-1.1987998502e+02	-2.0000000000e+01	4.5000000000e+00	-2.0000000000e+03	-1.9595590696e-17	4.4185996257e-18	5.0033110773e-08	4.4185996257e-18	2.0000002500e+03	2.2514899844e-07	1.9183438320e-19
-2.0000000000e+01	5.0000000000e+00	-1.1987998502e+02	-2.0000000000e+01	5.0000000000e+00	-2.0000000000e+03	-1.3487580187e-17	3.3574552965e-18	4.1375337952e-08	3.3574552965e-18	2.0000002500e+03	2.0687668973e-07	2.8879500759e-19
-2.0000000000e+01	5.5000000000e+00	-1.1987998502e+02	-2.0000000000e+01	5.5000000000e+00	-2.0000000000e+03	-8.8402684964e-18	2.4266058577e-18	3.3538197115e-08	2.4266058577e-18	2.0000002500e+03	1.8446008411e-07	8.9359575564e-20
-2.0000000000e+01	6.0000000000e+00	-1.1987998502e+02	-2.0000000000e+01	6.0000000000e+00	-2.0000000000e+03	-5.5086328250e-18	1.6711381004e-18	2.6647224574e-08	1.6711381004e-18	2.0000002500e+03	1.5988334743e-07	3.7096505913e-19
-2.0000000000e+01	6.5000000000e+00	-1.1987998502e+02	-2.0000000000e+01	6.5000000000e+00	-2.0000000000e+03	-3.3177942249e-18	1.0980628691e-18	2.0752879365e-08	1.0980628691e-18	2.0000002500e+03	1.3489371586e-07	3.9559491966e-19
-2.0000000000e+01	7.0000000000e+00	-1.1987998502e+02	-2.0000000000e+01	7.0000000000e+00	-2.0000000000e+03	-1.9750629589e-18	6.8911685010e-19	1.5842322555e-08	6.8911685010e-19	2.0000002500e+03	1.1089625788e-07	4.3103710191e-20
-2.0000000000e+01	7.5000000000e+00	-1.1987998502e+02	-2.0000000000e+01	7.5000000000e+00	-2.0000000000e+03	-1.1342162567e-18	4.1339507008e-19	1.1854232794e-08	4.1339507008e-19	2.0000002500e+03	8.8906745949e-08	2.3872052378e-19
-2.0000000000e+01	8.0000000000e+00	-1.1987998502e+02	-2.0000000000e+01	8.0000000000e+00	-2.0000000000e+03	-5.3509744374e-19	2.3720915038e-19	8.6944509608e-09	2.3720915038e-19	2.0000002500e+03	6.9555607684e-08	4.6340345765e-19
-2.0000000000e+01	8.5000000000e+00	-1.1987998502e+02	-2.0000000000e+01	8.5000000000e+00	-2.0000000000e+03	-3.2843295488e-19	1.3026448255e-19	6.2506471449e-09	1.3026448255e-19	2.0000002500e+03	5.3130500730e-08	1.8639046549e-19
-2.0000000000e+01	9.0000000000e+00	-1.1987998502e+02	-2.0000000000e+01	9.0000000000e+00	-2.0000000000e+03	-1.6066362016e-19	6.8492570441e-20	4.4047565960e-09	6.8492570441e-20	2.0000002500e+03	3.9642809363e-08	7.6121172601e-20
-2.0000000000e+01	9.5000000000e+00	-1.1987998502e+02	-2.0000000000e+01	9.5000000000e+00	-2.0000000000e+03	-1.5163421532e-20	3.4494245049e-20	3.0425165989e-09	3.4494245049e-20	2.0000002500e+03	2.8903907689e-08	5.4583239642e-19
-2.0000000000e+01	1.0000000000e+01	-1.1987998502e+02	-2.0000000000e+01	1.0000000000e+01	-2.0000000000e+03	-1.1448931410e-21	1.6644599248e-20	2.0599567791e-09	1.6644599248e-20	2.0000002500e+03	2.0599567790e-08	3.2144305356e-19
-2.0000000000e+01	1.0500000000e+01	-1.1987998502e+02	-2.0000000000e+01	1.0500000000e+01	-2.0000000000e+03	-7.5094759733e-22	7.6973488048e-21	1.3670908317e-09	7.6973488048e-21	2.0000002500e+03	1.4354453733e-08	1.4606202632e-19
-2.0000000000e+01	1.1000000000e+01	-1.1987998502e+02	-2.0000000000e+01	1.1000000000e+01	-2.0000000000e+03	-4.9354490036e-22	3.4123321556e-21	8.8930501933e-10	3.4123321556e-21	2.0000002500e+03	9.7823552126e-09	6.2817649209e-20
-2.0000000000e+01	1.1500000000e+01	-1.1987998502e+02	-2.0000000000e+01	1.1500000000e+01	-2.0000000000e+03	-3.1398560888e-22	1.4504121200e-21	5.6704591570e-10	1.4504121200e-21	2.0000002500e+03	6.5210280306e-09	2.5397407897e-20
-2.0000000000e+01	1.2000000000e+01	-1.1987998502e+02	-2.0000000000e+01	1.2000000000e+01	-2.0000000000e+03	-1.9705180142e-22	5.9120488361e-22	3.5440498353e-10	5.9120488361e-22	2.0000002500e+03	4.2528598024e-09	9.4594760553e-21
-2.0000000000e+01	1.2500000000e+01	-1.1987998502e+02	-2.0000000000e+01	1.2500000000e+01	-2.0000000000e+03	-1.2012721570e-22	2.3113099429e-22	2.1711784714e-10	2.3113099429e-22	2.0000002500e+03	2.7139730893e-09	3.1210296895e-21
-2.0000000000e+01	1.3000000000e+01	-1.1987998502e+02	-2.0000000000e+01	1.3000000000e+01	-2.0000000000e+03	-7.1874640139e-23	8.6678453739e-23	1.3037830729e-10	8.6678453739e-23	2.0000002500e+03	1.6949179948e-09	7.9919875297e-22
-2.0000000000e+01	1.3500000000e+01	-1.1987998502e+02	-2.0000000000e+01	1.3500000000e+01	-2.0000000000e+03	-4.1653952999e-23	3.1185263695e-23	7.6741319610e-11	3.1185263695e-23	2.0000002500e+03	1.0360078147e-09	6.1376908418e-23
-2.0000000000e+01	1.4000000000e+01	-1.1987998502e+02	-2.0000000000e+01	1.4000000000e+01	-2.0000000000e+03	-2.4698208179e-23	1.0765141874e-23	4.4275889797e-11	1.0765141874e-23	2.0000002500e+03	6.1986245716e-10	1.3047207702e-22
-2.0000000000e+01	1.4500000000e+01	-1.1987998502e+02	-2.0000000000e+01	1.4500000000e+01	-2.0000000000e+03	-1.3742279495e-23	3.5658577562e-24	2.5039142001e-11	3.5658577562e-24	2.0000002500e+03	3.6306755902e-10	1.2794589755e-22
-2.0000000000e+01	1.5000000000e+01	-1.1987998502e+02	-2.0000000000e+01	1.5000000000e+01	-2.0000000000e+03	-7.6487389853e-24	1.1334954552e-24	1.3879879598e-11	1.1334954552e-24	2.0000002500e+03	2.0819819397e-10	9.2061175675e-23
-2.0000000000e+01	1.5500000000e+01	-1.1987998502e+02	-2.0000000000e+01	1.5500000000e+01	-2.0000000000e+03	-4.1621166329e-24	3.4579678753e-25	7.5416446421e-12	3.4579678753e-25	2.0000002500e+03	1.1689549195e-10	5.7596872060e-23
-2.0000000000e+01	1.6000000000e+01	-1.1987998502e+02	-2.0000000000e+01	1.6000000000e+01	-2.0000000000e+03	-2.2461289068e-24	1.0125073665e-25	4.0166181025e-12	1.0125073665e-25	2.0000002500e+03	6.4265889639e-11	3.3913047776e-23
-2.0000000000e+01	1.6500000000e+01	-1.1987998502e+02	-2.0000000000e+01	1.6500000000e+01	-2.0000000000e+03	-1.1586421257e-24	2.8456358706e-26	2.0968585173e-12	2.8456358706e-26	2.0000002500e+03	3.4598165535e-11	1.8548467900e-23
-2.0000000000e+01	1.7000000000e+01	-1.1987998502e+02	-2.0000000000e+01	1.7000000000e+01	-2.0000000000e+03	-5.9566479622e-25	7.6769674305e-27	1.0729804897e-12	7.6769674305e-27	2.0000002500e+03	1.8240668325e-11	9.9727621871e-24
-2.0000000000e+01	1.7500000000e+01	-1.1987998502e+02	-2.0000000000e+01	1.7500000000e+01	-2.0000000000e+03	-3.0216705128e-25	1.9881650745e-27	5.3818133620e-13	1.9881650745e-27	2.0000002500e+03	9.4181733835e-12	5.2481600959e-24
-2.0000000000e+01	1.8000000000e+01	-1.1987998502e+02	-2.0000000000e+01	1.8000000000e+01	-2.0000000000e+03	-1.4498333584e-25	4.9429786259e-28	2.6459373112e-13	4.9429786259e-28	2.0000002500e+03	4.7626871602e-12	2.5998140879e-24
-2.0000000000e+01	1.8500000000e+01	-1.1987998502e+02	-2.0000000000e+01	1.8500000000e+01	-2.0000000000e+03	-7.0514376802e-26	1.1798261350e-28	1.2751009775e-13	1.1798261350e-28	2.0000002500e+03	2.3589368084e-12	1.3021563186e-24
-2.0000000000e+01	1.9000000000e+01	-1.1987998502e+02	-2.0000000000e+01	1.9000000000e+01	-2.0000000000e+03	-3.2980051264e-26	2.7036978889e-29	6.0231505314e-14	2.7036978889e-29	2.0000002500e+03	1.1443986010e-12	6.2608023445e-25
-2.0000000000e+01	1.9500000000e+01	-1.1987998502e+02	-2.0000000000e+01	1.9500000000e+01	-2.0000000000e+03	-1.5330932515e-26	5.9487493480e-30	2.7887974084e-14	5.9487493480e-30	2.0000002500e+03	5.4381549465e-13	2.9883420906e-25
-2.0000000000e+01	2.0000000000e+01	-1.1987998502e+02	-2.0000000000e+01	2.0000000000e+01	-2.0000000000e+03	-7.0040396301e-27	1.2567120320e-30	1.2656811889e-14	1.2567120320e-30	2.0000002500e+03	2.5313623778e-13	1.4005565836e-25
-1.9500000000e+01	-2.0000000000e+01	-1.1987998502e+02	-1.9500000000e+01	-2.0000000000e+01	-2.0000000000e+03	-1.5330932515e-26	-6.1012813826e-30	2.7887974084e-14	6.1012813826e-30	2.0000002500e+03	5.5775948169e-13	3.0649967531e-25
-1.9500000000e+01	-1.9500000000e+01	-1.1987998502e+02	-1.9500000000e+01	-1.9500000000e+01	-2.0000000000e+03	-3.3861889674e-26	-2.8880915217e-29	6.1448262433e-14	2.8880915217e-29	2.0000002500e+03	1.1982411174e-12	6.5974367079e-25
-1.9500000000e+01	-1.9000000000e+01	-1.1987998502e+02	-1.9500000000e+01	-1.9000000000e+01	-2.0000000000e+03	-7.3216535878e-26	-1.3126333778e-28	1.3271388356e-13	1.3126333778e-28	2.0000002500e+03	2.5215637876e-12	1.3885545466e-24
-1.9500000000e+01	-1.8500000000e+01	-1.1987998502e+02	-1.9500000000e+01	-1.8500000000e+01	-2.0000000000e+03	-1.5626034049e-25	-5.7280037503e-28	2.8095529370e-13	5.7280037503e-28	2.0000002500e+03	5.1976729334e-12	2.8796466918e-24
-1.9500000000e+01	-1.8000000000e+01	-1.1987998502e+02	-1.9500000000e+01	-1.8000000000e+01	-2.0000000000e+03	-3.2378351432e-25	-2.3997942805e-27	5.8300488157e-13	2.3997942805e-27	2.0000002500e+03	1.0494087868e-11	5.7813072693e-24
-1.9500000000e+01	-1.7500000000e+01	-1.1987998502e+02	-1.9500000000e+01	-1.7500000000e+01	-2.0000000000e+03	-6.4827892125e-25	-9.6524535820e-27	1.1858268329e-12	9.6524535820e-27	2.0000002500e+03	2.0751969575e-11	1.1156658277e-23
-1.9500000000e+01	-1.7000000000e+01	-1.1987998502e+02	-1.9500000000e+01	-1.7000000000e+01	-2.0000000000e+03	-1.3097526698e-24	-3.7271337639e-26	2.3642013764e-12	3.7271337639e-26	2.0000002500e+03	4.0191423399e-11	2.1539004303e-23
-1.9500000000e+01	-1.6500000000e+01	-1.1987998502e+02	-1.9500000000e+01	-1.6500000000e+01	-2.0000000000e+03	-2.5417565387e-24	-1.3815436407e-25	4.6202105633e-12	1.3815436407e-25	2.0000002500e+03	7.6233474294e-11	3.9244972790e-23
-1.9500000000e+01	-1.6000000000e+01	-1.1987998502e+02	-1.9500000000e+01	-1.6000000000e+01	-2.0000000000e+03	-4.8809933701e-24	-4.9156785231e-25	8.8502019726e-12	4.9156785231e-25	2.0000002500e+03	1.4160323156e-10	6.8510320802e-23
-1.9500000000e+01	-1.5500000000e+01	-1.1987998502e+02	-1.9500000000e+01	-1.5500000000e+01	-2.0000000000e+03	-9.2248133747e-24	-1.6788281231e-24	1.6617232852e-11	1.6788281231e-24	2.0000002500e+03	2.5756710921e-10	1.1024745891e-22
-1.9500000000e+01	-1.5000000000e+01	-1.1987998502e+02	-1.9500000000e+01	-1.5000000000e+01	-2.0000000000e+03	-1.6790824139e-23	-5.5030703472e-24	3.0582877102e-11	5.5030703472e-24	2.0000002500e+03	4.5874315654e-10	1.4455249031e-22
-1.9500000000e+01	-1.4500000000e+01	-1.1987998502e+02	-1.9500000000e+01	-1.4500000000e+01	-2.0000000000e+03	-3.0704985833e-23	-1.7312081835e-23	5.5171156002e-11	1.7312081835e-23	2.0000002500e+03	7.9998176203e-10	1.0763669878e-22
-1.9500000000e+01	-1.4000000000e+01	-1.1987998502e+02	-1.9500000000e+01	-1.4000000000e+01	-2.0000000000e+03	-5.3404336174e-23	-5.2264288101e-23	9.7557337348e-11	5.2264288101e-23	2.0000002500e+03	1.3658027229e-09	2.7149291153e-22
-1.9500000000e+01	-1.3500000000e+01	-1.1987998502e+02	-1.9500000000e+01	-1.3500000000e+01	-2.0000000000e+03	-9.3650573965e-23	-1.5140307720e-22	1.6909154937e-10	1.5140307720e-22	2.0000002500e+03	2.2827359166e-09	1.6880772569e-21
-1.9500000000e+01	-1.3000000000e+01	-1.1987998502e+02	-1.9500000000e+01	-1.3000000000e+01	-2.0000000000e+03	-1.6145539801e-22	-4.2082006269e-22	2.8727509635e-10	4.2082006269e-22	2.0000002500e+03	3.7345762525e-09	6.1070710484e-21
-1.9500000000e+01	-1.2500000000e+01	-1.1987998502e+02	-1.9500000000e+01	-1.2500000000e+01	-2.0000000000e+03	-2.6472319148e-22	-1.1221307639e-21	4.7839668847e-10	1.1221307639e-21	2.0000002500e+03	5.9799586059e-09	1.8572510002e-20
-1.9500000000e+01	-1.2000000000e+01	-1.1987998502e+02	-1.9500000000e+01	-1.2000000000e+01	-2.0000000000e+03	-4.3550813339e-22	-2.8702735853e-21	7.8089467417e-10	2.8702735853e-21	2.0000002500e+03	9.3707360900e-09	5.0744237313e-20
-1.9500000000e+01	-1.1500000000e+01	-1.1987998502e+02	-1.9500000000e+01	-1.1500000000e+01	-2.0000000000e+03	-6.8705855176e-22	-7.0416867505e-21	1.2494269442e-09	7.0416867505e-21	2.0000002500e+03	1.4368409858e-08	1.2941171829e-19
-1.9500000000e+01	-1.1000000000e+01	-1.1987998502e+02	-1.9500000000e+01	-1.1000000000e+01	-2.0000000000e+03	-1.0778461924e-21	-1.6566721829e-20	1.9594915014e-09	1.6566721829e-20	2.0000002500e+03	2.1554406516e-08	3.1119476755e-19
-1.9500000000e+01	-1.0500000000e+01	-1.1987998502e+02	-1.9500000000e+01	-1.0500000000e+01	-2.0000000000e+03	-1.0411131666e-20	-3.7370288311e-20	3.0122430529e-09	3.7370288311e-20	2.0000002500e+03	3.1628552055e-08	6.1940373957e-19
-1.9500000000e+01	-1.0000000000e+01	-1.1987998502e+02	-1.9500000000e+01	-1.0000000000e+01	-2.0000000000e+03	-1.6942559493e-19	-8.0808793846e-20	4.5389014053e-09	8.0808793846e-20	2.0000002500e+03	4.5389014052e-08	1.1848446932e-19
-1.9500000000e+01	-9.5000000000e+00	-1.1987998502e+02	-1.9500000000e+01	-9.5000000000e+00	-2.0000000000e+03	-3.5885160895e-19	-1.6746803545e-19	6.7038702010e-09	1.6746803545e-19	2.0000002500e+03	6.3686766908e-08	1.4346359362e-19
-1.9500000000e+01	-9.0000000000e+00	-1.1987998502e+02	-1.9500000000e+01	-9.0000000000e+00	-2.0000000000e+03	-7.1362736112e-19	-3.3252840289e-19	9.7054249423e-09	3.3252840289e-19	2.0000002500e+03	8.7348824478e-08	6.1657606272e-20
-1.9500000000e+01	-8.5000000000e+00	-1.1987998502e+02	-1.9500000000e+01	-8.5000000000e+00	-2.0000000000e+03	-1.4366536977e-18	-6.3242830654e-19	1.3772653581e-08	6.3242830654e-19	2.0000002500e+03	1.1706755543e-07	1.2079554702e-19
-1.9500000000e+01	-8.0000000000e+00	-1.1987998502e+02	-1.9500000000e+01	-8.0000000000e+00	-2.0000000000e+03	-2.8157336688e-18	-1.1516399431e-18	1.9157322176e-08	1.1516399431e-18	2.0000002500e+03	1.5325857740e-07	6.8890459327e-20
-1.9500000000e+01	-7.5000000000e+00	-1.1987998502e+02	-1.9500000000e+01	-7.5000000000e+00	-2.0000000000e+03	-5.1852664011e-18	-2.0070147978e-18	2.6119574175e-08	2.0070147978e-18	2.0000002500e+03	1.9589680629e-07	2.4729054988e-19
-1.9500000000e+01	-7.0000000000e+00	-1.1987998502e+02	-1.9500000000e+01	-7.0000000000e+00	-2.0000000000e+03	-9.3711409607e-18	-3.3456318560e-18	3.4906916904e-08	3.3456318560e-18	2.0000002500e+03	2.4434841830e-07	3.5816553255e-19
-1.9500000000e+01	-6.5000000000e+00	-1.1987998502e+02	-1.9500000000e+01	-6.5000000000e+00	-2.0000000000e+03	-1.6033886146e-17	-5.3310467073e-18	4.5726820231e-08	5.3310467073e-18	2.0000002500e+03	2.9722433145e-07	2.6484915866e-19
-1.9500000000e+01	-6.0000000000e+00	-1.1987998502e+02	-1.9500000000e+01	-6.0000000000e+00	-2.0000000000e+03	-2.6438207118e-17	-8.1133016321e-18	5.8714399403e-08	8.1133016321e-18	2.0000002500e+03	3.5228639635e-07	4.1986087919e-19
-1.9500000000e+01	-5.5000000000e+00	-1.1987998502e+02	-1.9500000000e+01	-5.5000000000e+00	-2.0000000000e+03	-4.1734956410e-17	-1.1781064211e-17	7.3897943675e-08	1.1781064211e-17	2.0000002500e+03	4.0643869011e-07	1.8849185024e-19
-1.9500000000e+01	-5.0000000000e+00	-1.1987998502e+02	-1.9500000000e+01	-5.0000000000e+00	-2.0000000000e+03	-6.3572805249e-17	-1.6300297102e-17	9.1166271794e-08	1.6300297102e-17	2.0000002500e+03	4.5583135883e-07	8.2327470913e-21
-1.9500000000e+01	-4.5000000000e+00	-1.1987998502e+02	-1.9500000000e+01	-4.5000000000e+00	-2.0000000000e+03	-9.3020621215e-17	-2.1452105931e-17	1.1024277749e-07	2.1452105931e-17	2.0000002500e+03	4.9609249853e-07	2.7672982132e-19
-1.9500000000e+01	-4.0000000000e+00	-1.1987998502e+02	-1.9500000000e+01	-4.0000000000e+00	-2.0000000000e+03	-1.3071483749e-16	-2.6790297369e-17	1.3067129900e-07	2.6790297369e-17	2.0000002500e+03	5.2268519575e-07	4.4855125861e-19
-1.9500000000e+01	-3.5000000000e+00	-1.1987998502e+02	-1.9500000000e+01	-3.5000000000e+00	-2.0000000000e+03	-1.7637372437e-16	-3.1642729003e-17	1.5181838973e-07	3.1642729003e-17	2.0000002500e+03	5.3136436376e-07	2.7481974412e-19
-1.9500000000e+01	-3.0000000000e+00	-1.1987998502e+02	-1.9500000000e+01	-3.0000000000e+00	-2.0000000000e+03	-2.2875236074e-16	-3.5175777658e-17	1.7289509134e-07	3.5175777658e-17	2.0000002500e+03	5.1868527372e-07	3.2941788451e-19
-1.9500000000e+01	-2.5000000000e+00	-1.1987998502e+02	-1.9500000000e+01	-2.5000000000e+00	-2.0000000000e+03	-2.8501274514e-16	-3.6526431684e-17	1.9299899897e-07	3.6526431684e-17	2.0000002500e+03	4.8249749710e-07	2.6644502613e-19
-1.9500000000e+01	-2.0000000000e+00	-1.1987998502e+02	-1.9500000000e+01	-2.0000000000e+00	-2.0000000000e+03	-3.4124677136e-16	-3.4984062580e-17	2.1117454147e-07	3.4984062580e-17	2.0000002500e+03	4.2234908263e-07	3.0432241578e-19
-1.9500000000e+01	-1.5000000000e+00	-1.1987998502e+02	-1.9500000000e+01	-1.5000000000e+00	-2.0000000000e+03	-3.9246852402e-16	-3.0180937922e-17	2.2648642341e-07	3.0180937922e-17	2.0000002500e+03	3.3972963485e-07	1.7449654813e-19
-1.9500000000e+01	-1.0000000000e+00	-1.1987998502e+02	-1.9500000000e+01	-1.0000000000e+00	-2.0000000000e+03	-4.3376955220e-16	-2.2236729915e-17	2.3809863066e-07	2.2236729915e-17	2.0000002500e+03	2.3809863046e-07	1.5331886763e-19
-1.9500000000e+01	-5.0000000000e-01	-1.1987998502e+02	-1.9500000000e+01	-5.0000000000e-01	-2.0000000000e+03	-4.6053865414e-16	-1.1805886249e-17	2.4534981350e-07	1.1805886249e-17	2.0000002500e+03	1.2267490664e-07	5.4545202734e-20
-1.9500000000e+01	0.0000000000e+00	-1.1987998502e+02	-1.9500000000e+01	-2.7290064477e-33	-2.0000000000e+03	-4.6996946111e-16	-5.7525439159e-32	2.4781562012e-07	5.7525439159e-32	2.0000002500e+03	1.1217460636e-30	1.1217460636e-30
-1.9500000000e+01	5.0000000000e-01	-1.1987998502e+02	-1.9500000000e+01	5.0000000000e-01	-2.0000000000e+03	-4.6053865414e-16	1.1805886249e-17	2.4534981350e-07	1.1805886249e-17	2.0000002500e+03	1.2267490664e-07	5.4545202734e-20
-1.9500000000e+01	1.0000000000e+00	-1.1987998502e+02	-1.9500000000e+01	1.0000000000e+00	-2.0000000000e+03	-4.3376955220e-16	2.2236729915e-17	2.3809863066e-07	2.2236729915e-17	2.0000002500e+03	2.3809863046e-07	1.5331886763e-19
-1.9500000000e+01	1.5000000000e+00	-1.1987998502e+02	-1.9500000000e+01	1.5000000000e+00	-2.0000000000e+03	-3.9246852402e-16	3.0180937922e-17	2.2648642341e-07	3.0180937922e-17	2.0000002500e+03	3.3972963485e-07	1.7449654813e-19
-1.9500000000e+01	2.0000000000e+00	-1.1987998502e+02	-1.9500000000e+01	2.0000000000e+00	-2.0000000000e+03	-3.4124677136e-16	3.4984062580e-17	2.1117454147e-07	3.4984062580e-17	2.0000002500e+03	4.2234908263e-07	3.0432241578e-19
-1.9500000000e+01	2.5000000000e+00	-1.1987998502e+02	-1.9500000000e+01	2.5000000000e+00	-2.0000000000e+03	-2.8501274514e-16	3.6526431684e-17	1.9299899897e-07	3.6526431684e-17	2.0000002500e+03	4.8249749710e-07	2.6644502613e-19
-1.9500000000e+01	3.0000000000e+00	-1.1987998502e+02	-1.9500000000e+01	3.0000000000e+00	-2.0000000000e+03	-2.2875236074e-16	3.5175777658e-17	1.7289509134e-07	3.5175777658e-17	2.0000002500e+03	5.1868527372e-07	3.2941788451e-19
-1.9500000000e+01	3.5000000000e+00	-1.1987998502e+02	-1.9500000000e+01	3.5000000000e+00	-2.0000000000e+03	-1.7637372437e-16	3.1642729003e-17	1.5181838973e-07	3.1642729003e-17	2.0000002500e+03	5.3136436376e-07	2.7481974412e-19
-1.9500000000e+01	4.0000000000e+00	-1.1987998502e+02	-1.9500000000e+01	4.0000000000e+00	-2.0000000000e+03	-1.3071483749e-16	2.6790297369e-17	1.3067129900e-07	2.6790297369e-17	2.0000002500e+03	5.2268519575e-07	4.4855125861e-19
-1.9500000000e+01	4.5000000000e+00	-1.1987998502e+02	-1.9500000000e+01	4.5000000000e+00	-2.0000000000e+03	-9.3020621215e-17	2.1452105931e-17	1.1024277749e-07	2.1452105931e-17	2.0000002500e+03	4.9609249853e-07	2.7672982132e-19
-1.9500000000e+01	5.0000000000e+00	-1.1987998502e+02	-1.9500000000e+01	5.0000000000e+00	-2.0000000000e+03	-6.3572805249e-17	1.6300297102e-17	9.1166271794e-08	1.6300297102e-17	2.0000002500e+03	4.5583135883e-07	8.2327470913e-21
-1.9500000000e+01	5.5000000000e+00	-1.1987998502e+02	-1.9500000000e+01	5.5000000000e+00	-2.0000000000e+03	-4.1734956410e-17	1.1781064211e-17	7.3897943675e-08	1.1781064211e-17	2.0000002500e+03	4.0643869011e-07	1.8849185024e-19
-1.9500000000e+01	6.0000000000e+00	-1.1987998502e+02	-1.9500000000e+01	6.0000000000e+00	-2.0000000000e+03	-2.6438207118e-17	8.1133016321e-18	5.8714399403e-08	8.1133016321e-18	2.0000002500e+03	3.5228639635e-07	4.1986087919e-19
-1.9500000000e+01	6.5000000000e+00	-1.1987998502e+02	-1.9500000000e+01	6.5000000000e+00	-2.0000000000e+03	-1.6033886146e-17	5.3310467073e-18	4.5726820231e-08	5.3310467073e-18	2.0000002500e+03	2.9722433145e-07	2.6484915866e-19
-1.9500000000e+01	7.0000000000e+00	-1.1987998502e+02	-1.9500000000e+01	7.0000000000e+00	-2.0000000000e+03	-9.3711409607e-18	3.3456318560e-18	3.4906916904e-08	3.3456318560e-18	2.0000002500e+03	2.4434841830e-07	3.5816553255e-19
-1.9500000000e+01	7.5000000000e+00	-1.1987998502e+02	-1.9500000000e+01	7.5000000000e+00	-2.0000000000e+03	-5.1852664011e-18	2.0070147978e-18	2.6119574175e-08	2.0070147978e-18	2.0000002500e+03	1.9589680629e-07	2.4729054988e-19
-1.9500000000e+01	8.0000000000e+00	-1.1987998502e+02	-1.9500000000e+01	8.0000000000e+00	-2.0000000000e+03	-2.8157336688e-18	1.1516399431e-18	1.9157322176e-08	1.1516399431e-18	2.0000002500e+03	1.5325857740e-07	6.8890459327e-20
-1.9500000000e+01	8.5000000000e+00	-1.1987998502e+02	-1.9500000000e+01	8.5000000000e+00	-2.0000000000e+03	-1.4366536977e-18	6.3242830654e-19	1.3772653581e-08	6.3242830654e-19	2.0000002500e+03	1.1706755543e-07	1.2079554702e-19
-1.9500000000e+01	9.0000000000e+00	-1.1987998502e+02	-1.9500000000e+01	9.0000000000e+00	-2.0000000000e+03	-7.1362736112e-19	3.3252840289e-19	9.7054249423e-09	3.3252840289e-19	2.0000002500e+03	8.7348824478e-08	6.1657606272e-20
-1.9500000000e+01	9.5000000000e+00	-1.1987998502e+02	-1.9500000000e+01	9.5000000000e+00	-2.0000000000e+03	-3.5885160895e-19	1.6746803545e-19	6.7038702010e-09	1.6746803545e-19	2.0000002500e+03	6.3686766908e-08	1.4346359362e-19
-1.9500000000e+01	1.0000000000e+01	-1.1987998502e+02	-1.9500000000e+01	1.0000000000e+01	-2.0000000000e+03	-1.6942559493e-19	8.0808793846e-20	4.5389014053e-09	8.0808793846e-20	2.0000002500e+03	4.5389014052e-08	1.1848446932e-19
-1.9500000000e+01	1.0500000000e+01	-1.1987998502e+02	-1.9500000000e+01	1.0500000000e+01	-2.0000000000e+03	-1.0411131666e-20	3.7370288311e-20	3.0122430529e-09	3.7370288311e-20	2.0000002500e+03	3.1628552055e-08	6.1940373957e-19
-1.9500000000e+01	1.1000000000e+01	-1.1987998502e+02	-1.9500000000e+01	1.1000000000e+01	-2.0000000000e+03	-1.0778461924e-21	1.6566721829e-20	1.9594915014e-09	1.6566721829e-20	2.0000002500e+03	2.1554406516e-08	3.1119476755e-19
-1.9500000000e+01	1.1500000000e+01	-1.1987998502e+02	-1.9500000000e+01	1.1500000000e+01	-2.0000000000e+03	-6.8705855176e-22	7.0416867505e-21	1.2494269442e-09	7.0416867505e-21	2.0000002500e+03	1.4368409858e-08	1.2941171829e-19
-1.9500000000e+01	1.2000000000e+01	-1.1987998502e+02	-1.9500000000e+01	1.2000000000e+01	-2.0000000000e+03	-4.3550813339e-22	2.8702735853e-21	7.8089467417e-10	2.8702735853e-21	2.0000002500e+03	9.3707360900e-09	5.0744237313e-20
-1.9500000000e+01	1.2500000000e+01	-1.1987998502e+02	-1.9500000000e+01	1.2500000000e+01	-2.0000000000e+03	-2.6472319148e-22	1.1221307639e-21	4.7839668847e-10	1.1221307639e-21	2.0000002500e+03	5.9799586059e-09	1.8572510002e-20
-1.9500000000e+01	1.3000000000e+01	-1.1987998502e+02	-1.9500000000e+01	1.3000000000e+01	-2.0000000000e+03	-1.6145539801e-22	4.2082006269e-22	2.8727509635e-10	4.2082006269e-22	2.0000002500e+03	3.7345762525e-09	6.1070710484e-21
-1.9500000000e+01	1.3500000000e+01	-1.1987998502e+02	-1.9500000000e+01	1.3500000000e+01	-2.0000000000e+03	-9.3650573965e-23	1.5140307720e-22	1.6909154937e-10	1.5140307720e-22	2.0000002500e+03	2.2827359166e-09	1.6880772569e-21
-1.9500000000e+01	1.4000000000e+01	-1.1987998502e+02	-1.9500000000e+01	1.4000000000e+01	-2.0000000000e+03	-5.3404336174e-23	5.2264288101e-23	9.7557337348e-11	5.2264288101e-23	2.0000002500e+03	1.3658027229e-09	2.7149291153e-22
-1.9500000000e+01	1.4500000000e+01	-1.1987998502e+02	-1.9500000000e+01	1.4500000000e+01	-2.0000000000e+03	-3.0704985833e-23	1.7312081835e-23	5.5171156002e-11	1.7312081835e-23	2.0000002500e+03	7.9998176203e-10	1.0763669878e-22
-1.9500000000e+01	1.5000000000e+01	-1.1987998502e+02	-1.9500000000e+01	1.5000000000e+01	-2.0000000000e+03	-1.6790824139e-23	5.5030703472e-24	3.0582877102e-11	5.5030703472e-24	2.0000002500e+03	4.5874315654e-10	1.4455249031e-22
-1.9500000000e+01	1.5500000000e+01	-1.1987998502e+02	-1.9500000000e+01	1.5500000000e+01	-2.0000000000e+03	-9.2248133747e-24	1.6788281231e-24	1.6617232852e-11	1.6788281231e-24	2.0000002500e+03	2.5756710921e-10	1.1024745891e-22
-1.9500000000e+01	1.6000000000e+01	-1.1987998502e+02	-1.9500000000e+01	1.6000000000e+01	-2.0000000000e+03	-4.8809933701e-24	4.9156785231e-25	8.8502019726e-12	4.9156785231e-25	2.0000002500e+03	1.4160323156e-10	6.8510320802e-23
-1.9500000000e+01	1.6500000000e+01	-1.1987998502e+02	-1.9500000000e+01	1.6500000000e+01	-2.0000000000e+03	-2.5417565387e-24	1.3815436407e-25	4.6202105633e-12	1.3815436407e-25	2.0000002500e+03	7.6233474294e-11	3.9244972790e-23
-1.9500000000e+01	1.7000000000e+01	-1.1987998502e+02	-1.9500000000e+01	1.7000000000e+01	-2.0000000000e+03	-1.3097526698e-24	3.7271337639e-26	2.3642013764e-12	3.7271337639e-26	2.0000002500e+03	4.0191423399e-11	2.1539004303e-23
-1.9500000000e+01	1.7500000000e+01	-1.1987998502e+02	-1.9500000000e+01	1.7500000000e+01	-2.0000000000e+03	-6.4827892125e-25	9.6524535820e-27	1.1858268329e-12	9.6524535820e-27	2.0000002500e+03	2.0751969575e-11	1.1156658277e-23
-1.9500000000e+01	1.8000000000e+01	-1.1987998502e+02	-1.9500000000e+01	1.8000000000e+01	-2.0000000000e+03	-3.2378351432e-25	2.3997942805e-27	5.8300488157e-13	2.3997942805e-27	2.0000002500e+03	1.0494087868e-11	5.7813072693e-24
-1.9500000000e+01	1.8500000000e+01	-1.1987998502e+02	-1.9500000000e+01	1.8500000000e+01	-2.0000000000e+03	-1.5626034049e-25	5.7280037503e-28	2.8095529370e-13	5.7280037503e-28	2.0000002500e+03	5.1976729334e-12	2.8796466918e-24
-1.9500000000e+01	1.9000000000e+01	-1.1987998502e+02	-1.9500000000e+01	1.9000000000e+01	-2.0000000000e+03	-7.3216535878e-26	1.3126333778e-28	1.3271388356e-13	1.3126333778e-28	2.0000002500e+03	2.5215637876e-12	1.3885545466e-24
-1.9500000000e+01	1.9500000000e+01	-1.1987998502e+02	-1.9500000000e+01	1.9500000000e+01	-2.0000000000e+03	-3.3861889674e-26	2.8880915217e-29	6.1448262433e-14	2.8880915217e-29	2.0000002500e+03	1.1982411174e-12	6.5974367079e-25
-1.9500000000e+01	2.0000000000e+01	-1.1987998502e+02	-1.9500000000e+01	2.0000000000e+01	-2.0000000000e+03	-1.5330932515e-26	6.1012813826e-30	2.7887974084e-14	6.1012813826e-30	2.0000002500e+03	5.5775948169e-13	3.0649967531e-25
-1.9000000000e+01	-2.0000000000e+01	-1.1987998502e+02	-1.9000000000e+01	-2.0000000000e+01	-2.0000000000e+03	-3.2980051264e-26	-2.8459977778e-29	6.0231505314e-14	2.8459977778e-29	2.0000002500e+03	1.2046301063e-12	6.5906028571e-25
-1.9000000000e+01	-1.9500000000e+01	-1.1987998502e+02	-1.9000000000e+01	-1.9500000000e+01	-2.0000000000e+03	-7.3216535878e-26	-1.3471763614e-28	1.3271388356e-13	1.3471763614e-28	2.0000002500e+03	2.5879207294e-12	1.4251628145e-24
-1.9000000000e+01	-1.9000000000e+01	-1.1987998502e+02	-1.9000000000e+01	-1.9000000000e+01	-2.0000000000e+03	-1.5864331080e-25	-6.1228968832e-28	2.8663096712e-13	6.1228968832e-28	2.0000002500e+03	5.4459883752e-12	3.0025894011e-24
-1.9000000000e+01	-1.8500000000e+01	-1.1987998502e+02	-1.9000000000e+01	-1.8500000000e+01	-2.0000000000e+03	-3.3322282862e-25	-2.6718790566e-27	6.0679776214e-13	2.6718790566e-27	2.0000002500e+03	1.1225758600e-11	6.1138566275e-24
-1.9000000000e+01	-1.8000000000e+01	-1.1987998502e+02	-1.9000000000e+01	-1.8000000000e+01	-2.0000000000e+03	-6.9767836193e-25	-1.1194057053e-26	1.2591542690e-12	1.1194057053e-26	2.0000002500e+03	2.2664776842e-11	1.2345523431e-23
-1.9000000000e+01	-1.7500000000e+01	-1.1987998502e+02	-1.9000000000e+01	-1.7500000000e+01	-2.0000000000e+03	-1.4137829760e-24	-4.5024741070e-26	2.5611087764e-12	4.5024741070e-26	2.0000002500e+03	4.4819403588e-11	2.3885731999e-23
-1.9000000000e+01	-1.7000000000e+01	-1.1987998502e+02	-1.9000000000e+01	-1.7000000000e+01	-2.0000000000e+03	-2.8061847340e-24	-1.7385551894e-25	5.1061223499e-12	1.7385551894e-25	2.0000002500e+03	8.6804079949e-11	4.4401885618e-23
-1.9000000000e+01	-1.6500000000e+01	-1.1987998502e+02	-1.9000000000e+01	-1.6500000000e+01	-2.0000000000e+03	-5.5884689032e-24	-6.4443350252e-25	9.9785748600e-12	6.4443350252e-25	2.0000002500e+03	1.6464648519e-10	7.9965500355e-23
-1.9000000000e+01	-1.6000000000e+01	-1.1987998502e+02	-1.9000000000e+01	-1.6000000000e+01	-2.0000000000e+03	-1.0489969075e-23	-2.2929626214e-24	1.9114367560e-11	2.2929626214e-24	2.0000002500e+03	3.0582988095e-10	1.2427321540e-22
-1.9000000000e+01	-1.5500000000e+01	-1.1987998502e+02	-1.9000000000e+01	-1.5500000000e+01	-2.0000000000e+03	-1.9646783536e-23	-7.8310453297e-24	3.5889338746e-11	7.8310453297e-24	2.0000002500e+03	5.5628475056e-10	1.5573528355e-22
-1.9000000000e+01	-1.5000000000e+01	-1.1987998502e+02	-1.9000000000e+01	-1.5000000000e+01	-2.0000000000e+03	-3.6289278178e-23	-2.5669568402e-23	6.6051865909e-11	2.5669568402e-23	2.0000002500e+03	9.9077798864e-10	5.6617373032e-23
-1.9000000000e+01	-1.4500000000e+01	-1.1987998502e+02	-1.9000000000e+01	-1.4500000000e+01	-2.0000000000e+03	-6.4855801642e-23	-8.0753768500e-23	1.1915680092e-10	8.0753768500e-23	2.0000002500e+03	1.7277736133e-09	5.9391247770e-22
-1.9000000000e+01	-1.4000000000e+01	-1.1987998502e+02	-1.9000000000e+01	-1.4000000000e+01	-2.0000000000e+03	-1.1710934933e-22	-2.4379148980e-22	2.1070104501e-10	2.4379148980e-22	2.0000002500e+03	2.9498146302e-09	2.9925074155e-21
-1.9000000000e+01	-1.3500000000e+01	-1.1987998502e+02	-1.9000000000e+01	-1.3500000000e+01	-2.0000000000e+03	-2.0260911581e-22	-7.0623332091e-22	3.6519822214e-10	7.0623332091e-22	2.0000002500e+03	4.9301759989e-09	1.0683210034e-20
-1.9000000000e+01	-1.3000000000e+01	-1.1987998502e+02	-1.9000000000e+01	-1.3000000000e+01	-2.0000000000e+03	-3.4794915381e-22	-1.9629531703e-21	6.2044705864e-10	1.9629531703e-21	2.0000002500e+03	8.0658117623e-09	3.2772771235e-20
-1.9000000000e+01	-1.2500000000e+01	-1.1987998502e+02	-1.9000000000e+01	-1.2500000000e+01	-2.0000000000e+03	-5.6465140116e-22	-5.2342802439e-21	1.0332250237e-09	5.2342802439e-21	2.0000002500e+03	1.2915312796e-08	9.2393182120e-20
-1.9000000000e+01	-1.2000000000e+01	-1.1987998502e+02	-1.9000000000e+01	-1.2000000000e+01	-2.0000000000e+03	-9.3006690107e-22	-1.3388650241e-20	1.6865499650e-09	1.3388650241e-20	2.0000002500e+03	2.0238599580e-08	2.4322355177e-19
-1.9000000000e+01	-1.1500000000e+01	-1.1987998502e+02	-1.9000000000e+01	-1.1500000000e+01	-2.0000000000e+03	-1.5075220524e-21	-3.2846583508e-20	2.6984701506e-09	3.2846583508e-20	2.0000002500e+03	3.1032406732e-08	6.0674858304e-19
-1.9000000000e+01	-1.1000000000e+01	-1.1987998502e+02	-1.9000000000e+01	-1.1000000000e+01	-2.0000000000e+03	-1.3677689340e-19	-7.7276969465e-20	4.2320436194e-09	7.7276969465e-20	2.0000002500e+03	4.6552479813e-08	3.6283407540e-20
-1.9000000000e+01	-1.0500000000e+01	-1.1987998502e+02	-1.9000000000e+01	-1.0500000000e+01	-2.0000000000e+03	-3.3308166125e-19	-1.7431708328e-19	6.5057408940e-09	1.7431708328e-19	2.0000002500e+03	6.8310279386e-08	1.8533286080e-19
-1.9000000000e+01	-1.0000000000e+01	-1.1987998502e+02	-1.9000000000e+01	-1.0000000000e+01	-2.0000000000e+03	-7.1378339466e-19	-3.7693991359e-19	9.8029660846e-09	3.7693991359e-19	2.0000002500e+03	9.8029660842e-08	2.4024411521e-20
-1.9000000000e+01	-9.5000000000e+00	-1.1987998502e+02	-1.9000000000e+01	-9.5000000000e+00	-2.0000000000e+03	-1.5150335156e-18	-7.8116976888e-19	1.4478792630e-08	7.8116976888e-19	2.0000002500e+03	1.3754852998e-07	4.4940721064e-19
-1.9000000000e+01	-9.0000000000e+00	-1.1987998502e+02	-1.9000000000e+01	-9.0000000000e+00	-2.0000000000e+03	-3.2389867320e-18	-1.5511087530e-18	2.0961449270e-08	1.5511087530e-18	2.0000002500e+03	1.8865304341e-07	3.2018571770e-19
-1.9000000000e+01	-8.5000000000e+00	-1.1987998502e+02	-1.9000000000e+01	-8.5000000000e+00	-2.0000000000e+03	-6.6409353471e-18	-2.9500189258e-18	2.9745712431e-08	2.9500189258e-18	2.0000002500e+03	2.5283855564e-07	3.9759086002e-19
-1.9000000000e+01	-8.0000000000e+00	-1.1987998502e+02	-1.9000000000e+01	-8.0000000000e+00	-2.0000000000e+03	-1.2814166928e-17	-5.3719284743e-18	4.1375337952e-08	5.3719284743e-18	2.0000002500e+03	3.3100270357e-07	4.4669441057e-19
-1.9000000000e+01	-7.5000000000e+00	-1.1987998502e+02	-1.9000000000e+01	-7.5000000000e+00	-2.0000000000e+03	-2.3693778128e-17	-9.3619016997e-18	5.6412174872e-08	9.3619016997e-18	2.0000002500e+03	4.2309131146e-07	1.7279633506e-19
-1.9000000000e+01	-7.0000000000e+00	-1.1987998502e+02	-1.9000000000e+01	-7.0000000000e+00	-2.0000000000e+03	-4.2427107488e-17	-1.5606001806e-17	7.5390781163e-08	1.5606001806e-17	2.0000002500e+03	5.2773546801e-07	4.7571810390e-19
-1.9000000000e+01	-6.5000000000e+00	-1.1987998502e+02	-1.9000000000e+01	-6.5000000000e+00	-2.0000000000e+03	-7.2749977269e-17	-2.4867148605e-17	9.8759243244e-08	2.4867148605e-17	2.0000002500e+03	6.4193508087e-07	3.9902875007e-19
-1.9000000000e+01	-6.0000000000e+00	-1.1987998502e+02	-1.9000000000e+01	-6.0000000000e+00	-2.0000000000e+03	-1.1984911029e-16	-3.7845227859e-17	1.2680937847e-07	3.7845227859e-17	2.0000002500e+03	7.6085627050e-07	3.5332434289e-20
-1.9000000000e+01	-5.5000000000e+00	-1.1987998502e+02	-1.9000000000e+01	-5.5000000000e+00	-2.0000000000e+03	-1.8994144150e-16	-5.4953837498e-17	1.5960228502e-07	5.4953837498e-17	2.0000002500e+03	8.7781256714e-07	5.5501579846e-19
-1.9000000000e+01	-5.0000000000e+00	-1.1987998502e+02	-1.9000000000e+01	-5.0000000000e+00	-2.0000000000e+03	-2.8902823588e-16	-7.6034207279e-17	1.9689783737e-07	7.6034207279e-17	2.0000002500e+03	9.8448918621e-07	4.9124109957e-19
-1.9000000000e+01	-4.5000000000e+00	-1.1987998502e+02	-1.9000000000e+01	-4.5000000000e+00	-2.0000000000e+03	-4.2265302452e-16	-1.0006528462e-16	2.3809863065e-07	1.0006528462e-16	2.0000002500e+03	1.0714438371e-06	6.9820262304e-19
-1.9000000000e+01	-4.0000000000e+00	-1.1987998502e+02	-1.9000000000e+01	-4.0000000000e+00	-2.0000000000e+03	-5.9379617198e-16	-1.2496576046e-16	2.8221946205e-07	1.2496576046e-16	2.0000002500e+03	1.1288778471e-06	8.3523914498e-19
-1.9000000000e+01	-3.5000000000e+00	-1.1987998502e+02	-1.9000000000e+01	-3.5000000000e+00	-2.0000000000e+03	-8.0155067243e-16	-1.4760036585e-16	3.2789223502e-07	1.4760036585e-16	2.0000002500e+03	1.1476228213e-06	1.0204022721e-18
-1.9000000000e+01	-3.0000000000e+00	-1.1987998502e+02	-1.9000000000e+01	-3.0000000000e+00	-2.0000000000e+03	-1.0395185829e-15	-1.6408059024e-16	3.7341298397e-07	1.6408059024e-16	2.0000002500e+03	1.1202389505e-06	1.0245342589e-18
-1.9000000000e+01	-2.5000000000e+00	-1.1987998502e+02	-1.9000000000e+01	-2.5000000000e+00	-2.0000000000e+03	-1.2951734540e-15	-1.7038083787e-16	4.1683272529e-07	1.7038083787e-16	2.0000002500e+03	1.0420818118e-06	6.9771564304e-19
-1.9000000000e+01	-2.0000000000e+00	-1.1987998502e+02	-1.9000000000e+01	-2.0000000000e+00	-2.0000000000e+03	-1.5506099102e-15	-1.6318631795e-16	4.5608764868e-07	1.6318631795e-16	2.0000002500e+03	9.1217529597e-07	6.7977927327e-19
-1.9000000000e+01	-1.5000000000e+00	-1.1987998502e+02	-1.9000000000e+01	-1.5000000000e+00	-2.0000000000e+03	-1.7835869629e-15	-1.4078170940e-16	4.8915773464e-07	1.4078170940e-16	2.0000002500e+03	7.3373660075e-07	5.2796569273e-19
-1.9000000000e+01	-1.0000000000e+00	-1.1987998502e+02	-1.9000000000e+01	-1.0000000000e+00	-2.0000000000e+03	-1.9712993297e-15	-1.0372523402e-16	5.1423738803e-07	1.0372523402e-16	2.0000002500e+03	5.1423738715e-07	5.1988332020e-19
-1.9000000000e+01	-5.0000000000e-01	-1.1987998502e+02	-1.9000000000e+01	-5.0000000000e-01	-2.0000000000e+03	-2.0930341705e-15	-5.5069622140e-17	5.2989824806e-07	5.5069622140e-17	2.0000002500e+03	2.6494912356e-07	1.9426461638e-19
-1.9000000000e+01	0.0000000000e+00	-1.1987998502e+02	-1.9000000000e+01	-1.2403294440e-32	-2.0000000000e+03	-2.1353110965e-15	-2.6145228066e-31	5.3522381400e-07	2.6145228066e-31	2.0000002500e+03	4.9675933326e-30	4.9675933326e-30
-1.9000000000e+01	5.0000000000e-01	-1.1987998502e+02	-1.9000000000e+01	5.0000000000e-01	-2.0000000000e+03	-2.0930341705e-15	5.5069622140e-17	5.2989824806e-07	5.5069622140e-17	2.0000002500e+03	2.6494912356e-07	1.9426461638e-19
-1.9000000000e+01	1.0000000000e+00	-1.1987998502e+02	-1.9000000000e+01	1.0000000000e+00	-2.0000000000e+03	-1.9712993297e-15	1.0372523402e-16	5.1423738803e-07	1.0372523402e-16	2.0000002500e+03	5.1423738715e-07	5.1988332020e-19
-1.9000000000e+01	1.5000000000e+00	-1.1987998502e+02	-1.9000000000e+01	1.5000000000e+00	-2.0000000000e+03	-1.7835869629e-15	1.4078170940e-16	4.8915773464e-07	1.4078170940e-16	2.0000002500e+03	7.3373660075e-07	5.2796569273e-19
-1.9000000000e+01	2.0000000000e+00	-1.1987998502e+02	-1.9000000000e+01	2.0000000000e+00	-2.0000000000e+03	-1.5506099102e-15	1.6318631795e-16	4.5608764868e-07	1.6318631795e-16	2.0000002500e+03	9.1217529597e-07	6.7977927327e-19
-1.9000000000e+01	2.5000000000e+00	-1.1987998502e+02	-1.9000000000e+01	2.5000000000e+00	-2.0000000000e+03	-1.2951734540e-15	1.7038083787e-16	4.1683272529e-07	1.7038083787e-16	2.0000002500e+03	1.0420818118e-06	6.9771564304e-19
-1.9000000000e+01	3.0000000000e+00	-1.1987998502e+02	-1.9000000000e+01	3.0000000000e+00	-2.0000000000e+03	-1.0395185829e-15	1.6408059024e-16	3.7341298397e-07	1.6408059024e-16	2.0000002500e+03	1.1202389505e-06	1.0245342589e-18
-1.9000000000e+01	3.5000000000e+00	-1.1987998502e+02	-1.9000000000e+01	3.5000000000e+00	-2.0000000000e+03	-8.0155067243e-16	1.4760036585e-16	3.2789223502e-07	1.4760036585e-16	2.0000002500e+03	1.1476228213e-06	1.0204022721e-18
-1.9000000000e+01	4.0000000000e+00	-1.1987998502e+02	-1.9000000000e+01	4.0000000000e+00	-2.0000000000e+03	-5.9379617198e-16	1.2496576046e-16	2.8221946205e-07	1.2496576046e-16	2.0000002500e+03	1.1288778471e-06	8.3523914498e-19
-1.9000000000e+01	4.5000000000e+00	-1.1987998502e+02	-1.9000000000e+01	4.5000000000e+00	-2.0000000000e+03	-4.2265302452e-16	1.0006528462e-16	2.3809863065e-07	1.0006528462e-16	2.0000002500e+03	1.0714438371e-06	6.9820262304e-19
-1.9000000000e+01	5.0000000000e+00	-1.1987998502e+02	-1.9000000000e+01	5.0000000000e+00	-2.0000000000e+03	-2.8902823588e-16	7.6034207279e-17	1.9689783737e-07	7.6034207279e-17	2.0000002500e+03	9.8448918621e-07	4.9124109957e-19
-1.9000000000e+01	5.5000000000e+00	-1.1987998502e+02	-1.9000000000e+01	5.5000000000e+00	-2.0000000000e+03	-1.8994144150e-16	5.4953837498e-17	1.5960228502e-07	5.4953837498e-17	2.0000002500e+03	8.7781256714e-07	5.5501579846e-19
-1.9000000000e+01	6.0000000000e+00	-1.1987998502e+02	-1.9000000000e+01	6.0000000000e+00	-2.0000000000e+03	-1.1984911029e-16	3.7845227859e-17	1.2680937847e-07	3.7845227859e-17	2.0000002500e+03	7.6085627050e-07	3.5332434289e-20
-1.9000000000e+01	6.5000000000e+00	-1.1987998502e+02	-1.9000000000e+01	6.5000000000e+00	-2.0000000000e+03	-7.2749977269e-17	2.4867148605e-17	9.8759243244e-08	2.4867148605e-17	2.0000002500e+03	6.4193508087e-07	3.9902875007e-19
-1.9000000000e+01	7.0000000000e+00	-1.1987998502e+02	-1.9000000000e+01	7.0000000000e+00	-2.0000000000e+03	-4.2427107488e-17	1.5606001806e-17	7.5390781163e-08	1.5606001806e-17	2.0000002500e+03	5.2773546801e-07	4.7571810390e-19
-1.9000000000e+01	7.5000000000e+00	-1.1987998502e+02	-1.9000000000e+01	7.5000000000e+00	-2.0000000000e+03	-2.3693778128e-17	9.3619016997e-18	5.6412174872e-08	9.3619016997e-18	2.0000002500e+03	4.2309131146e-07	1.7279633506e-19
-1.9000000000e+01	8.0000000000e+00	-1.1987998502e+02	-1.9000000000e+01	8.0000000000e+00	-2.0000000000e+03	-1.2814166928e-17	5.3719284743e-18	4.1375337952e-08	5.3719284743e-18	2.0000002500e+03	3.3100270357e-07	4.4669441057e-19
-1.9000000000e+01	8.5000000000e+00	-1.1987998502e+02	-1.9000000000e+01	8.5000000000e+00	-2.0000000000e+03	-6.6409353471e-18	2.9500189258e-18	2.9745712431e-08	2.9500189258e-18	2.0000002500e+03	2.5283855564e-07	3.9759086002e-19
-1.9000000000e+01	9.0000000000e+00	-1.1987998502e+02	-1.9000000000e+01	9.0000000000e+00	-2.0000000000e+03	-3.2389867320e-18	1.5511087530e-18	2.0961449270e-08	1.5511087530e-18	2.0000002500e+03	1.8865304341e-07	3.2018571770e-19
-1.9000000000e+01	9.5000000000e+00	-1.1987998502e+02	-1.9000000000e+01	9.5000000000e+00	-2.0000000000e+03	-1.5150335156e-18	7.8116976888e-19	1.4478792630e-08	7.8116976888e-19	2.0000002500e+03	1.3754852998e-07	4.4940721064e-19
-1.9000000000e+01	1.0000000000e+01	-1.1987998502e+02	-1.9000000000e+01	1.0000000000e+01	-2.0000000000e+03	-7.1378339466e-19	3.7693991359e-19	9.8029660846e-09	3.7693991359e-19	2.0000002500e+03	9.8029660842e-08	2.4024411521e-20
-1.9000000000e+01	1.0500000000e+01	-1.1987998502e+02	-1.9000000000e+01	1.0500000000e+01	-2.0000000000e+03	-3.3308166125e-19	1.7431708328e-19	6.5057408940e-09	1.7431708328e-19	2.0000002500e+03	6.8310279386e-08	1.8533286080e-19
-1.9000000000e+01	1.1000000000e+01	-1.1987998502e+02	-1.9000000000e+01	1.1000000000e+01	-2.0000000000e+03	-1.3677689340e-19	7.7276969465e-20	4.2320436194e-09	7.7276969465e-20	2.0000002500e+03	4.6552479813e-08	3.6283407540e-20
-1.9000000000e+01	1.1500000000e+01	-1.1987998502e+02	-1.9000000000e+01	1.1500000000e+01	-2.0000000000e+03	-1.5075220524e-21	3.2846583508e-20	2.6984701506e-09	3.2846583508e-20	2.0000002500e+03	3.1032406732e-08	6.0674858304e-19
-1.9000000000e+01	1.2000000000e+01	-1.1987998502e+02	-1.9000000000e+01	1.2000000000e+01	-2.0000000000e+03	-9.3006690107e-22	1.3388650241e-20	1.6865499650e-09	1.3388650241e-20	2.0000002500e+03	2.0238599580e-08	2.4322355177e-19
-1.9000000000e+01	1.2500000000e+01	-1.1987998502e+02	-1.9000000000e+01	1.2500000000e+01	-2.0000000000e+03	-5.6465140116e-22	5.2342802439e-21	1.0332250237e-09	5.2342802439e-21	2.0000002500e+03	1.2915312796e-08	9.2393182120e-20
-1.9000000000e+01	1.3000000000e+01	-1.1987998502e+02	-1.9000000000e+01	1.3000000000e+01	-2.0000000000e+03	-3.4794915381e-22	1.9629531703e-21	6.2044705864e-10	1.9629531703e-21	2.0000002500e+03	8.0658117623e-09	3.2772771235e-20
-1.9000000000e+01	1.3500000000e+01	-1.1987998502e+02	-1.9000000000e+01	1.3500000000e+01	-2.0000000000e+03	-2.0260911581e-22	7.0623332091e-22	3.6519822214e-10	7.0623332091e-22	2.0000002500e+03	4.9301759989e-09	1.0683210034e-20
-1.9000000000e+01	1.4000000000e+01	-1.1987998502e+02	-1.9000000000e+01	1.4000000000e+01	-2.0000000000e+03	-1.1710934933e-22	2.4379148980e-22	2.1070104501e-10	2.4379148980e-22	2.0000002500e+03	2.9498146302e-09	2.9925074155e-21
-1.9000000000e+01	1.4500000000e+01	-1.1987998502e+02	-1.9000000000e+01	1.4500000000e+01	-2.0000000000e+03	-6.4855801642e-23	8.0753768500e-23	1.1915680092e-10	8.0753768500e-23	2.0000002500e+03	1.7277736133e-09	5.9391247770e-22
-1.9000000000e+01	1.5000000000e+01	-1.1987998502e+02	-1.9000000000e+01	1.5000000000e+01	-2.0000000000e+03	-3.6289278178e-23	2.5669568402e-23	6.6051865909e-11	2.5669568402e-23	2.0000002500e+03	9.9077798864e-10	5.6617373032e-23
-1.9000000000e+01	1.5500000000e+01	-1.1987998502e+02	-1.9000000000e+01	1.5500000000e+01	-2.0000000000e+03	-1.9646783536e-23	7.8310453297e-24	3.5889338746e-11	7.8310453297e-24	2.0000002500e+03	5.5628475056e-10	1.5573528355e-22
-1.9000000000e+01	1.6000000000e+01	-1.1987998502e+02	-1.9000000000e+01	1.6000000000e+01	-2.0000000000e+03	-1.0489969075e-23	2.2929626214e-24	1.9114367560e-11	2.2929626214e-24	2.0000002500e+03	3.0582988095e-10	1.2427321540e-22
-1.9000000000e+01	1.6500000000e+01	-1.1987998502e+02	-1.9000000000e+01	1.6500000000e+01	-2.0000000000e+03	-5.5884689032e-24	6.4443350252e-25	9.9785748600e-12	6.4443350252e-25	2.0000002500e+03	1.6464648519e-10	7.9965500355e-23
-1.9000000000e+01	1.7000000000e+01	-1.1987998502e+02	-1.9000000000e+01	1.7000000000e+01	-2.0000000000e+03	-2.8061847340e-24	1.7385551894e-25	5.1061223499e-12	1.7385551894e-25	2.0000002500e+03	8.6804079949e-11	4.4401885618e-23
-1.9000000000e+01	1.7500000000e+01	-1.1987998502e+02	-1.9000000000e+01	1.7500000000e+01	-2.0000000000e+03	-1.4137829760e-24	4.5024741070e-26	2.5611087764e-12	4.5024741070e-26	2.0000002500e+03	4.4819403588e-11	2.3885731999e-23
-1.9000000000e+01	1.8000000000e+01	-1.1987998502e+02	-1.9000000000e+01	1.8000000000e+01	-2.0000000000e+03	-6.9767836193e-25	1.1194057053e-26	1.2591542690e-12	1.1194057053e-26	2.0000002500e+03	2.2664776842e-11	1.2345523431e-23
-1.9000000000e+01	1.8500000000e+01	-1.1987998502e+02	-1.9000000000e+01	1.8500000000e+01	-2.0000000000e+03	-3.3322282862e-25	2.6718790566e-27	6.0679776214e-13	2.6718790566e-27	2.0000002500e+03	1.1225758600e-11	6.1138566275e-24
-1.9000000000e+01	1.9000000000e+01	-1.1987998502e+02	-1.9000000000e+01	1.9000000000e+01	-2.0000000000e+03	-1.5864331080e-25	6.1228968832e-28	2.8663096712e-13	6.1228968832e-28	2.0000002500e+03	5.4459883752e-12	3.0025894011e-24
-1.9000000000e+01	1.9500000000e+01	-1.1987998502e+02	-1.9000000000e+01	1.9500000000e+01	-2.0000000000e+03	-7.3216535878e-26	1.3471763614e-28	1.3271388356e-13	1.3471763614e-28	2.0000002500e+03	2.5879207294e-12	1.4251628145e-24
-1.9000000000e+01	2.0000000000e+01	-1.1987998502e+02	-1.9000000000e+01	2.0000000000e+01	-2.0000000000e+03	-3.2980051264e-26	2.8459977778e-29	6.0231505314e-14	2.8459977778e-29	2.0000002500e+03	1.2046301063e-12	6.5906028571e-25
-1.8500000000e+01	-2.0000000000e+01	-1.1987998502e+02	-1.8500000000e+01	-2.0000000000e+01	-2.0000000000e+03	-7.0514376802e-26	-1.2754877135e-28	1.2751009775e-13	1.2754877135e-28	2.0000002500e+03	2.5502019550e-12	1.4079278838e-24
-1.8500000000e+01	-1.9500000000e+01	-1.1987998502e+02	-1.8500000000e+01	-1.9500000000e+01	-2.0000000000e+03	-1.5626034049e-25	-6.0376255746e-28	2.8095529370e-13	6.0376255746e-28	2.0000002500e+03	5.4786282271e-12	3.0359070323e-24
-1.8500000000e+01	-1.9000000000e+01	-1.1987998502e+02	-1.8500000000e+01	-1.9000000000e+01	-2.0000000000e+03	-3.3322282862e-25	-2.7440920040e-27	6.0679776214e-13	2.7440920040e-27	2.0000002500e+03	1.1529157481e-11	6.2804680418e-24
-1.8500000000e+01	-1.8500000000e+01	-1.1987998502e+02	-1.8500000000e+01	-1.8500000000e+01	-2.0000000000e+03	-7.1448809613e-25	-1.1974531165e-26	1.2845908725e-12	1.1974531165e-26	2.0000002500e+03	2.3764931142e-11	1.2996500952e-23
-1.8500000000e+01	-1.8000000000e+01	-1.1987998502e+02	-1.8500000000e+01	-1.8000000000e+01	-2.0000000000e+03	-1.4578675968e-24	-5.0168283147e-26	2.6656296084e-12	5.0168283147e-26	2.0000002500e+03	4.7981332951e-11	2.5313503505e-23
-1.8500000000e+01	-1.7500000000e+01	-1.1987998502e+02	-1.8500000000e+01	-1.7500000000e+01	-2.0000000000e+03	-2.9740280701e-24	-2.0178688995e-25	5.4218673223e-12	2.0178688995e-25	2.0000002500e+03	9.4882678140e-11	4.8312433762e-23
-1.8500000000e+01	-1.7000000000e+01	-1.1987998502e+02	-1.8500000000e+01	-1.7000000000e+01	-2.0000000000e+03	-5.9404213822e-24	-7.7916637905e-25	1.0809661100e-11	7.7916637905e-25	2.0000002500e+03	1.8376423869e-10	8.6572585486e-23
-1.8500000000e+01	-1.6500000000e+01	-1.1987998502e+02	-1.8500000000e+01	-1.6500000000e+01	-2.0000000000e+03	-1.1751675921e-23	-2.8881505848e-24	2.1124643144e-11	2.8881505848e-24	2.0000002500e+03	3.4855661188e-10	1.4047186687e-22
-1.8500000000e+01	-1.6000000000e+01	-1.1987998502e+02	-1.8500000000e+01	-1.6000000000e+01	-2.0000000000e+03	-2.2182967455e-23	-1.0276345519e-23	4.0465116441e-11	1.0276345519e-23	2.0000002500e+03	6.4744186306e-10	1.6481508719e-22
-1.8500000000e+01	-1.5500000000e+01	-1.1987998502e+02	-1.8500000000e+01	-1.5500000000e+01	-2.0000000000e+03	-4.1484795839e-23	-3.5096310263e-23	7.5977730721e-11	3.5096310263e-23	2.0000002500e+03	1.1776548262e-09	6.2674043720e-24
-1.8500000000e+01	-1.5000000000e+01	-1.1987998502e+02	-1.8500000000e+01	-1.5000000000e+01	-2.0000000000e+03	-7.7484532809e-23	-1.1504302415e-22	1.3983180123e-10	1.1504302415e-22	2.0000002500e+03	2.0974770184e-09	9.6602795461e-22
-1.8500000000e+01	-1.4500000000e+01	-1.1987998502e+02	-1.8500000000e+01	-1.4500000000e+01	-2.0000000000e+03	-1.3848467836e-22	-3.6191328168e-22	2.5225494952e-10	3.6191328168e-22	2.0000002500e+03	3.6576967680e-09	4.6873678748e-21
-1.8500000000e+01	-1.4000000000e+01	-1.1987998502e+02	-1.8500000000e+01	-1.4000000000e+01	-2.0000000000e+03	-2.4885706380e-22	-1.0925976553e-21	4.4605411580e-10	1.0925976553e-21	2.0000002500e+03	6.2447576211e-09	1.6729057729e-20
-1.8500000000e+01	-1.3500000000e+01	-1.1987998502e+02	-1.8500000000e+01	-1.3500000000e+01	-2.0000000000e+03	-4.3077228842e-22	-3.1651181554e-21	7.7312464233e-10	3.1651181554e-21	2.0000002500e+03	1.0437182671e-08	5.2739259982e-20
-1.8500000000e+01	-1.3000000000e+01	-1.1987998502e+02	-1.8500000000e+01	-1.3000000000e+01	-2.0000000000e+03	-7.3912888589e-22	-8.7973457688e-21	1.3134864335e-09	8.7973457688e-21	2.0000002500e+03	1.7075323635e-08	1.5314222121e-19
-1.8500000000e+01	-1.2500000000e+01	-1.1987998502e+02	-1.8500000000e+01	-1.2500000000e+01	-2.0000000000e+03	-1.2140106405e-21	-2.3458416560e-20	2.1873373923e-09	2.3458416560e-20	2.0000002500e+03	2.7341717404e-08	4.1880557336e-19
-1.8500000000e+01	-1.2000000000e+01	-1.1987998502e+02	-1.8500000000e+01	-1.2000000000e+01	-2.0000000000e+03	-7.1169526994e-20	-6.0003767453e-20	3.5704263040e-09	6.0003767453e-20	2.0000002500e+03	4.2845115648e-08	2.5603537395e-19
-1.8500000000e+01	-1.1500000000e+01	-1.1987998502e+02	-1.8500000000e+01	-1.1500000000e+01	-2.0000000000e+03	-2.6044835590e-19	-1.4720817430e-19	5.7126613538e-09	1.4720817430e-19	2.0000002500e+03	6.5695605567e-08	2.7180486823e-19
-1.8500000000e+01	-1.1000000000e+01	-1.1987998502e+02	-1.8500000000e+01	-1.1000000000e+01	-2.0000000000e+03	-5.3053604398e-19	-3.4633134944e-19	8.9592364128e-09	3.4633134944e-19	2.0000002500e+03	9.8551600538e-08	5.7123348092e-19
-1.8500000000e+01	-1.0500000000e+01	-1.1987998502e+02	-1.8500000000e+01	-1.0500000000e+01	-2.0000000000e+03	-1.3635813896e-18	-7.8123496691e-19	1.3772653581e-08	7.8123496691e-19	2.0000002500e+03	1.4461286259e-07	1.3524229715e-19
-1.8500000000e+01	-1.0000000000e+01	-1.1987998502e+02	-1.8500000000e+01	-1.0000000000e+01	-2.0000000000e+03	-3.0704205107e-18	-1.6893274909e-18	2.0752879365e-08	1.6893274909e-18	2.0000002500e+03	2.0752879363e-07	5.4835347429e-19
-1.8500000000e+01	-9.5000000000e+00	-1.1987998502e+02	-1.8500000000e+01	-9.5000000000e+00	-2.0000000000e+03	-6.8459255584e-18	-3.5009600153e-18	3.0651604240e-08	3.5009600153e-18	2.0000002500e+03	2.9119024025e-07	2.6853252188e-19
-1.8500000000e+01	-9.0000000000e+00	-1.1987998502e+02	-1.8500000000e+01	-9.0000000000e+00	-2.0000000000e+03	-1.4234233642e-17	-6.9515871450e-18	4.4375388456e-08	6.9515871450e-18	2.0000002500e+03	3.9937849604e-07	4.9625940696e-19
-1.8500000000e+01	-8.5000000000e+00	-1.1987998502e+02	-1.8500000000e+01	-8.5000000000e+00	-2.0000000000e+03	-2.8799748919e-17	-1.3221067577e-17	6.2971673717e-08	1.3221067577e-17	2.0000002500e+03	5.3525922649e-07	2.0811563844e-19
-1.8500000000e+01	-8.0000000000e+00	-1.1987998502e+02	-1.8500000000e+01	-8.0000000000e+00	-2.0000000000e+03	-5.5756978586e-17	-2.4075313130e-17	8.7591591144e-08	2.4075313130e-17	2.0000002500e+03	7.0073272895e-07	6.6253578516e-19
-1.8500000000e+01	-7.5000000000e+00	-1.1987998502e+02	-1.8500000000e+01	-7.5000000000e+00	-2.0000000000e+03	-1.0358246927e-16	-4.1957132525e-17	1.1942457516e-07	4.1957132525e-17	2.0000002500e+03	8.9568431339e-07	6.6156782508e-19
-1.8500000000e+01	-7.0000000000e+00	-1.1987998502e+02	-1.8500000000e+01	-7.0000000000e+00	-2.0000000000e+03	-1.8494476431e-16	-6.9941247725e-17	1.5960228502e-07	6.9941247725e-17	2.0000002500e+03	1.1172159945e-06	7.0026722860e-19
-1.8500000000e+01	-6.5000000000e+00	-1.1987998502e+02	-1.8500000000e+01	-6.5000000000e+00	-2.0000000000e+03	-3.1729137917e-16	-1.1144682811e-16	2.0907331966e-07	1.1144682811e-16	2.0000002500e+03	1.3589765769e-06	6.2764451305e-19
-1.8500000000e+01	-6.0000000000e+00	-1.1987998502e+02	-1.8500000000e+01	-6.0000000000e+00	-2.0000000000e+03	-5.2313480147e-16	-1.6961054406e-16	2.6845545645e-07	1.6961054406e-16	2.0000002500e+03	1.6107327373e-06	1.0137437279e-18
-1.8500000000e+01	-5.5000000000e+00	-1.1987998502e+02	-1.8500000000e+01	-5.5000000000e+00	-2.0000000000e+03	-8.2874624614e-16	-2.4628601289e-16	3.3787804023e-07	2.4628601289e-16	2.0000002500e+03	1.8583292192e-06	1.8131152801e-18
-1.8500000000e+01	-5.0000000000e+00	-1.1987998502e+02	-1.8500000000e+01	-5.0000000000e+00	-2.0000000000e+03	-1.2610945823e-15	-3.4076167573e-16	4.1683272528e-07	3.4076167573e-16	2.0000002500e+03	2.0841636236e-06	1.3819102444e-18
-1.8500000000e+01	-4.5000000000e+00	-1.1987998502e+02	-1.8500000000e+01	-4.5000000000e+00	-2.0000000000e+03	-1.8440362584e-15	-4.4846149238e-16	5.0405480548e-07	4.4846149238e-16	2.0000002500e+03	2.2682466209e-06	1.6255538541e-18
-1.8500000000e+01	-4.0000000000e+00	-1.1987998502e+02	-1.8500000000e+01	-4.0000000000e+00	-2.0000000000e+03	-2.5908372563e-15	-5.6005768283e-16	5.9745860644e-07	5.6005768283e-16	2.0000002500e+03	2.3898344211e-06	2.2818928284e-18
-1.8500000000e+01	-3.5000000000e+00	-1.1987998502e+02	-1.8500000000e+01	-3.5000000000e+00	-2.0000000000e+03	-3.4971695891e-15	-6.6149894643e-16	6.9414786780e-07	6.6149894643e-16	2.0000002500e+03	2.4295175318e-06	2.3630530423e-18
-1.8500000000e+01	-3.0000000000e+00	-1.1987998502e+02	-1.8500000000e+01	-3.0000000000e+00	-2.0000000000e+03	-4.5354470432e-15	-7.3535818793e-16	7.9051529432e-07	7.3535818793e-16	2.0000002500e+03	2.3715458769e-06	2.2146527736e-18
-1.8500000000e+01	-2.5000000000e+00	-1.1987998502e+02	-1.8500000000e+01	-2.5000000000e+00	-2.0000000000e+03	-5.6514455516e-15	-7.6359393886e-16	8.8243488768e-07	7.6359393886e-16	2.0000002500e+03	2.2060872129e-06	2.1260100644e-18
-1.8500000000e+01	-2.0000000000e+00	-1.1987998502e+02	-1.8500000000e+01	-2.0000000000e+00	-2.0000000000e+03	-6.7662410310e-15	-7.3135033758e-16	9.6553756140e-07	7.3135033758e-16	2.0000002500e+03	1.9310751167e-06	2.5008167131e-18
-1.8500000000e+01	-1.5000000000e+00	-1.1987998502e+02	-1.8500000000e+01	-1.5000000000e+00	-2.0000000000e+03	-7.7827070110e-15	-6.3093984833e-16	1.0355469341e-06	6.3093984833e-16	2.0000002500e+03	1.5533203960e-06	1.6733223673e-18
-1.8500000000e+01	-1.0000000000e+00	-1.1987998502e+02	-1.8500000000e+01	-1.0000000000e+00	-2.0000000000e+03	-8.6015171315e-15	-4.6486424762e-16	1.0886405610e-06	4.6486424762e-16	2.0000002500e+03	1.0886405571e-06	1.5285505872e-18
-1.8500000000e+01	-5.0000000000e-01	-1.1987998502e+02	-1.8500000000e+01	-5.0000000000e-01	-2.0000000000e+03	-9.1331414940e-15	-2.4680492365e-16	1.1217946020e-06	2.4680492365e-16	2.0000002500e+03	5.6089729897e-07	6.7965943609e-19
-1.8500000000e+01	0.0000000000e+00	-1.1987998502e+02	-1.8500000000e+01	-5.4124874677e-32	-2.0000000000e+03	-9.3174419187e-15	-1.1409123595e-30	1.1330688253e-06	1.1409123595e-30	2.0000002500e+03	2.1106878650e-29	2.1106878650e-29
-1.8500000000e+01	5.0000000000e-01	-1.1987998502e+02	-1.8500000000e+01	5.0000000000e-01	-2.0000000000e+03	-9.1331414940e-15	2.4680492365e-16	1.1217946020e-06	2.4680492365e-16	2.0000002500e+03	5.6089729897e-07	6.7965943609e-19
-1.8500000000e+01	1.0000000000e+00	-1.1987998502e+02	-1.8500000000e+01	1.0000000000e+00	-2.0000000000e+03	-8.6015171315e-15	4.6486424762e-16	1.0886405610e-06	4.6486424762e-16	2.0000002500e+03	1.0886405571e-06	1.5285505872e-18
-1.8500000000e+01	1.5000000000e+00	-1.1987998502e+02	-1.8500000000e+01	1.5000000000e+00	-2.0000000000e+03	-7.7827070110e-15	6.3093984833e-16	1.0355469341e-06	6.3093984833e-16	2.0000002500e+03	1.5533203960e-06	1.6733223673e-18
-1.8500000000e+01	2.0000000000e+00	-1.1987998502e+02	-1.8500000000e+01	2.0000000000e+00	-2.0000000000e+03	-6.7662410310e-15	7.3135033758e-16	9.6553756140e-07	7.3135033758e-16	2.0000002500e+03	1.9310751167e-06	2.5008167131e-18
-1.8500000000e+01	2.5000000000e+00	-1.1987998502e+02	-1.8500000000e+01	2.5000000000e+00	-2.0000000000e+03	-5.6514455516e-15	7.6359393886e-16	8.8243488768e-07	7.6359393886e-16	2.0000002500e+03	2.2060872129e-06	2.1260100644e-18
-1.8500000000e+01	3.0000000000e+00	-1.1987998502e+02	-1.8500000000e+01	3.0000000000e+00	-2.0000000000e+03	-4.5354470432e-15	7.3535818793e-16	7.9051529432e-07	7.3535818793e-16	2.0000002500e+03	2.3715458769e-06	2.2146527736e-18
-1.8500000000e+01	3.5000000000e+00	-1.1987998502e+02	-1.8500000000e+01	3.5000000000e+00	-2.0000000000e+03	-3.4971695891e-15	6.6149894643e-16	6.9414786780e-07	6.6149894643e-16	2.0000002500e+03	2.4295175318e-06	2.3630530423e-18
-1.8500000000e+01	4.0000000000e+00	-1.1987998502e+02	-1.8500000000e+01	4.0000000000e+00	-2.0000000000e+03	-2.5908372563e-15	5.6005768283e-16	5.9745860644e-07	5.6005768283e-16	2.0000002500e+03	2.3898344211e-06	2.2818928284e-18
-1.8500000000e+01	4.5000000000e+00	-1.1987998502e+02	-1.8500000000e+01	4.5000000000e+00	-2.0000000000e+03	-1.8440362584e-15	4.4846149238e-16	5.0405480548e-07	4.4846149238e-16	2.0000002500e+03	2.2682466209e-06	1.6255538541e-18
-1.8500000000e+01	5.0000000000e+00	-1.1987998502e+02	-1.8500000000e+01	5.0000000000e+00	-2.0000000000e+03	-1.2610945823e-15	3.4076167573e-16	4.1683272528e-07	3.4076167573e-16	2.0000002500e+03	2.0841636236e-06	1.3819102444e-18
-1.8500000000e+01	5.5000000000e+00	-1.1987998502e+02	-1.8500000000e+01	5.5000000000e+00	-2.0000000000e+03	-8.2874624614e-16	2.4628601289e-16	3.3787804023e-07	2.4628601289e-16	2.0000002500e+03	1.8583292192e-06	1.8131152801e-18
-1.8500000000e+01	6.0000000000e+00	-1.1987998502e+02	-1.8500000000e+01	6.0000000000e+00	-2.0000000000e+03	-5.2313480147e-16	1.6961054406e-16	2.6845545645e-07	1.6961054406e-16	2.0000002500e+03	1.6107327373e-06	1.0137437279e-18
-1.8500000000e+01	6.5000000000e+00	-1.1987998502e+02	-1.8500000000e+01	6.5000000000e+00	-2.0000000000e+03	-3.1729137917e-16	1.1144682811e-16	2.0907331966e-07	1.1144682811e-16	2.0000002500e+03	1.3589765769e-06	6.2764451305e-19
-1.8500000000e+01	7.0000000000e+00	-1.1987998502e+02	-1.8500000000e+01	7.0000000000e+00	-2.0000000000e+03	-1.8494476431e-16	6.9941247725e-17	1.5960228502e-07	6.9941247725e-17	2.0000002500e+03	1.1172159945e-06	7.0026722860e-19
-1.8500000000e+01	7.5000000000e+00	-1.1987998502e+02	-1.8500000000e+01	7.5000000000e+00	-2.0000000000e+03	-1.0358246927e-16	4.1957132525e-17	1.1942457516e-07	4.1957132525e-17	2.0000002500e+03	8.9568431339e-07	6.6156782508e-19
-1.8500000000e+01	8.0000000000e+00	-1.1987998502e+02	-1.8500000000e+01	8.0000000000e+00	-2.0000000000e+03	-5.5756978586e-17	2.4075313130e-17	8.7591591144e-08	2.4075313130e-17	2.0000002500e+03	7.0073272895e-07	6.6253578516e-19
-1.8500000000e+01	8.5000000000e+00	-1.1987998502e+02	-1.8500000000e+01	8.5000000000e+00	-2.0000000000e+03	-2.8799748919e-17	1.3221067577e-17	6.2971673717e-08	1.3221067577e-17	2.0000002500e+03	5.3525922649e-07	2.0811563844e-19
-1.8500000000e+01	9.0000000000e+00	-1.1987998502e+02	-1.8500000000e+01	9.0000000000e+00	-2.0000000000e+03	-1.4234233642e-17	6.9515871450e-18	4.4375388456e-08	6.9515871450e-18	2.0000002500e+03	3.9937849604e-07	4.9625940696e-19
-1.8500000000e+01	9.5000000000e+00	-1.1987998502e+02	-1.8500000000e+01	9.5000000000e+00	-2.0000000000e+03	-6.8459255584e-18	3.5009600153e-18	3.0651604240e-08	3.5009600153e-18	2.0000002500e+03	2.9119024025e-07	2.6853252188e-19
-1.8500000000e+01	1.0000000000e+01	-1.1987998502e+02	-1.8500000000e+01	1.0000000000e+01	-2.0000000000e+03	-3.0704205107e-18	1.6893274909e-18	2.0752879365e-08	1.6893274909e-18	2.0000002500e+03	2.0752879363e-07	5.4835347429e-19
-1.8500000000e+01	1.0500000000e+01	-1.1987998502e+02	-1.8500000000e+01	1.0500000000e+01	-2.0000000000e+03	-1.3635813896e-18	7.8123496691e-19	1.3772653581e-08	7.8123496691e-19	2.0000002500e+03	1.4461286259e-07	1.3524229715e-19
-1.8500000000e+01	1.1000000000e+01	-1.1987998502e+02	-1.8500000000e+01	1.1000000000e+01	-2.0000000000e+03	-5.3053604398e-19	3.4633134944e-19	8.9592364128e-09	3.4633134944e-19	2.0000002500e+03	9.8551600538e-08	5.7123348092e-19
-1.8500000000e+01	1.1500000000e+01	-1.1987998502e+02	-1.8500000000e+01	1.1500000000e+01	-2.0000000000e+03	-2.6044835590e-19	1.4720817430e-19	5.7126613538e-09	1.4720817430e-19	2.0000002500e+03	6.5695605567e-08	2.7180486823e-19
-1.8500000000e+01	1.2000000000e+01	-1.1987998502e+02	-1.8500000000e+01	1.2000000000e+01	-2.0000000000e+03	-7.1169526994e-20	6.0003767453e-20	3.5704263040e-09	6.0003767453e-20	2.0000002500e+03	4.2845115648e-08	2.5603537395e-19
-1.8500000000e+01	1.2500000000e+01	-1.1987998502e+02	-1.8500000000e+01	1.2500000000e+01	-2.0000000000e+03	-1.2140106405e-21	2.3458416560e-20	2.1873373923e-09	2.3458416560e-20	2.0000002500e+03	2.7341717404e-08	4.1880557336e-19
-1.8500000000e+01	1.3000000000e+01	-1.1987998502e+02	-1.8500000000e+01	1.3000000000e+01	-2.0000000000e+03	-7.3912888589e-22	8.7973457688e-21	1.3134864335e-09	8.7973457688e-21	2.0000002500e+03	1.7075323635e-08	1.5314222121e-19
-1.8500000000e+01	1.3500000000e+01	-1.1987998502e+02	-1.8500000000e+01	1.3500000000e+01	-2.0000000000e+03	-4.3077228842e-22	3.1651181554e-21	7.7312464233e-10	3.1651181554e-21	2.0000002500e+03	1.0437182671e-08	5.2739259982e-20
-1.8500000000e+01	1.4000000000e+01	-1.1987998502e+02	-1.8500000000e+01	1.4000000000e+01	-2.0000000000e+03	-2.4885706380e-22	1.0925976553e-21	4.4605411580e-10	1.0925976553e-21	2.0000002500e+03	6.2447576211e-09	1.6729057729e-20
-1.8500000000e+01	1.4500000000e+01	-1.1987998502e+02	-1.8500000000e+01	1.4500000000e+01	-2.0000000000e+03	-1.3848467836e-22	3.6191328168e-22	2.5225494952e-10	3.6191328168e-22	2.0000002500e+03	3.6576967680e-09	4.6873678748e-21
-1.8500000000e+01	1.5000000000e+01	-1.1987998502e+02	-1.8500000000e+01	1.5000000000e+01	-2.0000000000e+03	-7.7484532809e-23	1.1504302415e-22	1.3983180123e-10	1.1504302415e-22	2.0000002500e+03	2.0974770184e-09	9.6602795461e-22
-1.8500000000e+01	1.5500000000e+01	-1.1987998502e+02	-1.8500000000e+01	1.5500000000e+01	-2.0000000000e+03	-4.1484795839e-23	3.5096310263e-23	7.5977730721e-11	3.5096310263e-23	2.0000002500e+03	1.1776548262e-09	6.2674043720e-24
-1.8500000000e+01	1.6000000000e+01	-1.1987998502e+02	-1.8500000000e+01	1.6000000000e+01	-2.0000000000e+03	-2.2182967455e-23	1.0276345519e-23	4.0465116441e-11	1.0276345519e-23	2.0000002500e+03	6.4744186306e-10	1.6481508719e-22
-1.8500000000e+01	1.6500000000e+01	-1.1987998502e+02	-1.8500000000e+01	1.6500000000e+01	-2.0000000000e+03	-1.1751675921e-23	2.8881505848e-24	2.1124643144e-11	2.8881505848e-24	2.0000002500e+03	3.4855661188e-10	1.4047186687e-22
-1.8500000000e+01	1.7000000000e+01	-1.1987998502e+02	-1.8500000000e+01	1.7000000000e+01	-2.0000000000e+03	-5.9404213822e-24	7.7916637905e-25	1.0809661100e-11	7.7916637905e-25	2.0000002500e+03	1.8376423869e-10	8.6572585486e-23
-1.8500000000e+01	1.7500000000e+01	-1.1987998502e+02	-1.8500000000e+01	1.7500000000e+01	-2.0000000000e+03	-2.9740280701e-24	2.0178688995e-25	5.4218673223e-12	2.0178688995e-25	2.0000002500e+03	9.4882678140e-11	4.8312433762e-23
-1.8500000000e+01	1.8000000000e+01	-1.1987998502e+02	-1.8500000000e+01	1.8000000000e+01	-2.0000000000e+03	-1.4578675968e-24	5.0168283147e-26	2.6656296084e-12	5.0168283147e-26	2.0000002500e+03	4.7981332951e-11	2.5313503505e-23
-1.8500000000e+01	1.8500000000e+01	-1.1987998502e+02	-1.8500000000e+01	1.8500000000e+01	-2.0000000000e+03	-7.1448809613e-25	1.1974531165e-26	1.2845908725e-12	1.1974531165e-26	2.0000002500e+03	2.3764931142e-11	1.2996500952e-23
-1.8500000000e+01	1.9000000000e+01	-1.1987998502e+02	-1.8500000000e+01	1.9000000000e+01	-2.0000000000e+03	-3.3322282862e-25	2.7440920040e-27	6.0679776214e-13	2.7440920040e-27	2.0000002500e+03	1.1529157481e-11	6.2804680418e-24
-1.8500000000e+01	1.9500000000e+01	-1.1987998502e+02	-1.8500000000e+01	1.9500000000e+01	-2.0000000000e+03	-1.5626034049e-25	6.0376255746e-28	2.8095529370e-13	6.0376255746e-28	2.0000002500e+03	5.4786282271e-12	3.0359070323e-24
-1.8500000000e+01	2.0000000000e+01	-1.1987998502e+02	-1.8500000000e+01	2.0000000000e+01	-2.0000000000e+03	-7.0514376802e-26	1.2754877135e-28	1.2751009775e-13	1.2754877135e-28	2.0000002500e+03	2.5502019550e-12	1.4079278838e-24
-1.8000000000e+01	-2.0000000000e+01	-1.1987998502e+02	-1.8000000000e+01	-2.0000000000e+01	-2.0000000000e+03	-1.4498333584e-25	-5.4921984732e-28	2.6459373112e-13	5.4921984732e-28	2.0000002500e+03	5.2918746225e-12	2.8897807596e-24
-1.8000000000e+01	-1.9500000000e+01	-1.1987998502e+02	-1.8000000000e+01	-1.9500000000e+01	-2.0000000000e+03	-3.2378351432e-25	-2.5997771372e-27	5.8300488157e-13	2.5997771372e-27	2.0000002500e+03	1.1368595191e-11	6.2669825407e-24
-1.8000000000e+01	-1.9000000000e+01	-1.1987998502e+02	-1.8000000000e+01	-1.9000000000e+01	-2.0000000000e+03	-6.9767836193e-25	-1.1815949111e-26	1.2591542690e-12	1.1815949111e-26	2.0000002500e+03	2.3923931111e-11	1.3043201793e-23
-1.8000000000e+01	-1.8500000000e+01	-1.1987998502e+02	-1.8000000000e+01	-1.8500000000e+01	-2.0000000000e+03	-1.4578675968e-24	-5.1561846568e-26	2.6656296084e-12	5.1561846568e-26	2.0000002500e+03	4.9314147755e-11	2.6042437303e-23
-1.8000000000e+01	-1.8000000000e+01	-1.1987998502e+02	-1.8000000000e+01	-1.8000000000e+01	-2.0000000000e+03	-3.0831567036e-24	-2.1602259684e-25	5.5313963076e-12	2.1602259684e-25	2.0000002500e+03	9.9565133538e-11	5.1608413922e-23
-1.8000000000e+01	-1.7500000000e+01	-1.1987998502e+02	-1.8000000000e+01	-1.7500000000e+01	-2.0000000000e+03	-6.2579771422e-24	-8.6888618146e-25	1.1250811738e-11	8.6888618146e-25	2.0000002500e+03	1.9688920541e-10	9.3874648723e-23
-1.8000000000e+01	-1.7000000000e+01	-1.1987998502e+02	-1.8000000000e+01	-1.7000000000e+01	-2.0000000000e+03	-1.2489828783e-23	-3.3550588940e-24	2.2430918123e-11	3.3550588940e-24	2.0000002500e+03	3.8132560810e-10	1.5193602922e-22
-1.8000000000e+01	-1.6500000000e+01	-1.1987998502e+02	-1.8000000000e+01	-1.6500000000e+01	-2.0000000000e+03	-2.4030606404e-23	-1.2436259530e-23	4.3835337333e-11	1.2436259530e-23	2.0000002500e+03	7.2328306599e-10	1.7265233413e-22
-1.8000000000e+01	-1.6000000000e+01	-1.1987998502e+02	-1.8000000000e+01	-1.6000000000e+01	-2.0000000000e+03	-4.6442202011e-23	-4.4249527904e-23	8.3968378415e-11	4.4249527904e-23	2.0000002500e+03	1.3434940546e-09	5.3416270100e-23
-1.8000000000e+01	-1.5500000000e+01	-1.1987998502e+02	-1.8000000000e+01	-1.5500000000e+01	-2.0000000000e+03	-8.6611492527e-23	-1.5112329159e-22	1.5765991563e-10	1.5112329159e-22	2.0000002500e+03	2.4437286923e-09	1.3777411144e-21
-1.8000000000e+01	-1.5000000000e+01	-1.1987998502e+02	-1.8000000000e+01	-1.5000000000e+01	-2.0000000000e+03	-1.6268520882e-22	-4.9537060600e-22	2.9016225906e-10	4.9537060600e-22	2.0000002500e+03	4.3524338860e-09	6.4763927758e-21
-1.8000000000e+01	-1.4500000000e+01	-1.1987998502e+02	-1.8000000000e+01	-1.4500000000e+01	-2.0000000000e+03	-2.9010280334e-22	-1.5583839437e-21	5.2344935394e-10	1.5583839437e-21	2.0000002500e+03	7.5900156321e-09	2.3844420338e-20
-1.8000000000e+01	-1.4000000000e+01	-1.1987998502e+02	-1.8000000000e+01	-1.4000000000e+01	-2.0000000000e+03	-5.0951755940e-22	-4.7046812843e-21	9.2559824566e-10	4.7046812843e-21	2.0000002500e+03	1.2958375439e-08	7.7551017286e-20
-1.8000000000e+01	-1.3500000000e+01	-1.1987998502e+02	-1.8000000000e+01	-1.3500000000e+01	-2.0000000000e+03	-8.7545152219e-22	-1.3628870680e-20	1.6042959526e-09	1.3628870680e-20	2.0000002500e+03	2.1657995360e-08	2.3350107668e-19
-1.8000000000e+01	-1.3000000000e+01	-1.1987998502e+02	-1.8000000000e+01	-1.3000000000e+01	-2.0000000000e+03	-1.4977006512e-21	-3.7881014837e-20	2.7255902265e-09	3.7881014837e-20	2.0000002500e+03	3.5432672944e-08	6.6238815860e-19
-1.8000000000e+01	-1.2500000000e+01	-1.1987998502e+02	-1.8000000000e+01	-1.2500000000e+01	-2.0000000000e+03	-1.5634841136e-19	-1.0101099231e-19	4.5389014053e-09	1.0101099231e-19	2.0000002500e+03	5.6736267565e-08	1.3615728047e-19
-1.8000000000e+01	-1.2000000000e+01	-1.1987998502e+02	-1.8000000000e+01	-1.2000000000e+01	-2.0000000000e+03	-3.8583080220e-19	-2.5837379420e-19	7.4089223847e-09	2.5837379420e-19	2.0000002500e+03	8.8907068614e-08	2.0758669143e-20
-1.8000000000e+01	-1.1500000000e+01	-1.1987998502e+02	-1.8000000000e+01	-1.1500000000e+01	-2.0000000000e+03	-1.0212175305e-18	-6.3387244079e-19	1.1854232794e-08	6.3387244079e-19	2.0000002500e+03	1.3632367712e-07	3.3429766611e-19
-1.8000000000e+01	-1.1000000000e+01	-1.1987998502e+02	-1.8000000000e+01	-1.1000000000e+01	-2.0000000000e+03	-2.4641681732e-18	-1.4912887741e-18	1.8591137740e-08	1.4912887741e-18	2.0000002500e+03	2.0450251513e-07	2.6265197114e-19
-1.8000000000e+01	-1.0500000000e+01	-1.1987998502e+02	-1.8000000000e+01	-1.0500000000e+01	-2.0000000000e+03	-5.8074746628e-18	-3.3639661496e-18	2.8579366364e-08	3.3639661496e-18	2.0000002500e+03	3.0008334679e-07	4.2709326601e-19
-1.8000000000e+01	-1.0000000000e+01	-1.1987998502e+02	-1.8000000000e+01	-1.0000000000e+01	-2.0000000000e+03	-1.3111337189e-17	-7.2741758059e-18	4.3063897526e-08	7.2741758059e-18	2.0000002500e+03	4.3063897520e-07	1.7820737953e-19
-1.8000000000e+01	-9.5000000000e+00	-1.1987998502e+02	-1.8000000000e+01	-9.5000000000e+00	-2.0000000000e+03	-2.8625280475e-17	-1.5074992136e-17	6.3604549560e-08	1.5074992136e-17	2.0000002500e+03	6.0424322069e-07	5.9030606402e-19
-1.8000000000e+01	-9.0000000000e+00	-1.1987998502e+02	-1.8000000000e+01	-9.0000000000e+00	-2.0000000000e+03	-5.9884799557e-17	-2.9933252904e-17	9.2082508056e-08	2.9933252904e-17	2.0000002500e+03	8.2874257226e-07	1.6464374118e-19
-1.8000000000e+01	-8.5000000000e+00	-1.1987998502e+02	-1.8000000000e+01	-8.5000000000e+00	-2.0000000000e+03	-1.2066365619e-16	-5.6929381908e-17	1.3067129899e-07	5.6929381908e-17	2.0000002500e+03	1.1107060410e-06	9.1220329245e-19
-1.8000000000e+01	-8.0000000000e+00	-1.1987998502e+02	-1.8000000000e+01	-8.0000000000e+00	-2.0000000000e+03	-2.3336579607e-16	-1.0366732397e-16	1.8175961223e-07	1.0366732397e-16	2.0000002500e+03	1.4540768970e-06	9.1453711458e-19
-1.8000000000e+01	-7.5000000000e+00	-1.1987998502e+02	-1.8000000000e+01	-7.5000000000e+00	-2.0000000000e+03	-4.3383020670e-16	-1.8066571458e-16	2.4781562010e-07	1.8066571458e-16	2.0000002500e+03	1.8586171493e-06	1.7436877914e-18
-1.8000000000e+01	-7.0000000000e+00	-1.1987998502e+02	-1.8000000000e+01	-7.0000000000e+00	-2.0000000000e+03	-7.7478598311e-16	-3.0116418207e-16	3.3118760675e-07	3.0116418207e-16	2.0000002500e+03	2.3183132448e-06	2.5466045817e-18
-1.8000000000e+01	-6.5000000000e+00	-1.1987998502e+02	-1.8000000000e+01	-6.5000000000e+00	-2.0000000000e+03	-1.3292108742e-15	-4.7988553142e-16	4.3384399151e-07	4.7988553142e-16	2.0000002500e+03	2.8199859410e-06	1.9311167574e-18
-1.8000000000e+01	-6.0000000000e+00	-1.1987998502e+02	-1.8000000000e+01	-6.0000000000e+00	-2.0000000000e+03	-2.1915353570e-15	-7.3033613830e-16	5.5706671220e-07	7.3033613830e-16	2.0000002500e+03	3.3424002673e-06	3.1616525238e-18
-1.8000000000e+01	-5.5000000000e+00	-1.1987998502e+02	-1.8000000000e+01	-5.5000000000e+00	-2.0000000000e+03	-3.4713057455e-15	-1.0604976039e-15	7.0112416982e-07	1.0604976039e-15	2.0000002500e+03	3.8561829255e-06	3.2247302775e-18
-1.8000000000e+01	-5.0000000000e+00	-1.1987998502e+02	-1.8000000000e+01	-5.0000000000e+00	-2.0000000000e+03	-5.2831482408e-15	-1.4673059845e-15	8.6496150607e-07	1.4673059845e-15	2.0000002500e+03	4.3248075185e-06	4.2334825660e-18
-1.8000000000e+01	-4.5000000000e+00	-1.1987998502e+02	-1.8000000000e+01	-4.5000000000e+00	-2.0000000000e+03	-7.7254967750e-15	-1.9310570362e-15	1.0459543538e-06	1.9310570362e-15	2.0000002500e+03	4.7067945765e-06	5.7088354566e-18
-1.8000000000e+01	-4.0000000000e+00	-1.1987998502e+02	-1.8000000000e+01	-4.0000000000e+00	-2.0000000000e+03	-1.0853600438e-14	-2.4115857158e-15	1.2397747706e-06	2.4115857158e-15	2.0000002500e+03	4.9590990628e-06	5.8588672759e-18
-1.8000000000e+01	-3.5000000000e+00	-1.1987998502e+02	-1.8000000000e+01	-3.5000000000e+00	-2.0000000000e+03	-1.4650904044e-14	-2.8483876914e-15	1.4404127826e-06	2.8483876914e-15	2.0000002500e+03	5.0414447162e-06	7.1857098599e-18
-1.8000000000e+01	-3.0000000000e+00	-1.1987998502e+02	-1.8000000000e+01	-3.0000000000e+00	-2.0000000000e+03	-1.9000678251e-14	-3.1664225961e-15	1.6403829616e-06	3.1664225961e-15	2.0000002500e+03	4.9211488593e-06	6.4280229330e-18
-1.8000000000e+01	-2.5000000000e+00	-1.1987998502e+02	-1.8000000000e+01	-2.5000000000e+00	-2.0000000000e+03	-2.3676303534e-14	-3.2880045968e-15	1.8311235283e-06	3.2880045968e-15	2.0000002500e+03	4.5778087942e-06	6.6760934182e-18
-1.8000000000e+01	-2.0000000000e+00	-1.1987998502e+02	-1.8000000000e+01	-2.0000000000e+00	-2.0000000000e+03	-2.8345280888e-14	-3.1491649547e-15	2.0035682761e-06	3.1491649547e-15	2.0000002500e+03	4.0071365267e-06	5.5925916757e-18
-1.8000000000e+01	-1.5000000000e+00	-1.1987998502e+02	-1.8000000000e+01	-1.5000000000e+00	-2.0000000000e+03	-3.2605437238e-14	-2.7168014517e-15	2.1488433688e-06	2.7168014517e-15	2.0000002500e+03	3.2232650312e-06	5.7297253181e-18
-1.8000000000e+01	-1.0000000000e+00	-1.1987998502e+02	-1.8000000000e+01	-1.0000000000e+00	-2.0000000000e+03	-3.6034098184e-14	-2.0016866364e-15	2.2590169250e-06	2.0016866364e-15	2.0000002500e+03	2.2590169088e-06	3.7387286000e-18
-1.8000000000e+01	-5.0000000000e-01	-1.1987998502e+02	-1.8000000000e+01	-5.0000000000e-01	-2.0000000000e+03	-3.8262453970e-14	-1.0627320126e-15	2.3278142332e-06	1.0627320126e-15	2.0000002500e+03	1.1639071080e-06	2.0507576373e-18
-1.8000000000e+01	0.0000000000e+00	-1.1987998502e+02	-1.8000000000e+01	-2.2676061389e-31	-2.0000000000e+03	-3.9035851908e-14	-4.7799461630e-30	2.3512091553e-06	4.7799461630e-30	2.0000002500e+03	8.6039030934e-29	8.6039030934e-29
-1.8000000000e+01	5.0000000000e-01	-1.1987998502e+02	-1.8000000000e+01	5.0000000000e-01	-2.0000000000e+03	-3.8262453970e-14	1.0627320126e-15	2.3278142332e-06	1.0627320126e-15	2.0000002500e+03	1.1639071080e-06	2.0507576373e-18
-1.8000000000e+01	1.0000000000e+00	-1.1987998502e+02	-1.8000000000e+01	1.0000000000e+00	-2.0000000000e+03	-3.6034098184e-14	2.0016866364e-15	2.2590169250e-06	2.0016866364e-15	2.0000002500e+03	2.2590169088e-06	3.7387286000e-18
-1.8000000000e+01	1.5000000000e+00	-1.1987998502e+02	-1.8000000000e+01	1.5000000000e+00	-2.0000000000e+03	-3.2605437238e-14	2.7168014517e-15	2.1488433688e-06	2.7168014517e-15	2.0000002500e+03	3.2232650312e-06	5.7297253181e-18
-1.8000000000e+01	2.0000000000e+00	-1.1987998502e+02	-1.8000000000e+01	2.0000000000e+00	-2.0000000000e+03	-2.8345280888e-14	3.1491649547e-15	2.0035682761e-06	3.1491649547e-15	2.0000002500e+03	4.0071365267e-06	5.5925916757e-18
-1.8000000000e+01	2.5000000000e+00	-1.1987998502e+02	-1.8000000000e+01	2.5000000000e+00	-2.0000000000e+03	-2.3676303534e-14	3.2880045968e-15	1.8311235283e-06	3.2880045968e-15	2.0000002500e+03	4.5778087942e-06	6.6760934182e-18
-1.8000000000e+01	3.0000000000e+00	-1.1987998502e+02	-1.8000000000e+01	3.0000000000e+00	-2.0000000000e+03	-1.9000678251e-14	3.1664225961e-15	1.6403829616e-06	3.1664225961e-15	2.0000002500e+03	4.9211488593e-06	6.4280229330e-18
-1.8000000000e+01	3.5000000000e+00	-1.1987998502e+02	-1.8000000000e+01	3.5000000000e+00	-2.0000000000e+03	-1.4650904044e-14	2.8483876914e-15	1.4404127826e-06	2.8483876914e-15	2.0000002500e+03	5.0414447162e-06	7.1857098599e-18
-1.8000000000e+01	4.0000000000e+00	-1.1987998502e+02	-1.8000000000e+01	4.0000000000e+00	-2.0000000000e+03	-1.0853600438e-14	2.4115857158e-15	1.2397747706e-06	2.4115857158e-15	2.0000002500e+03	4.9590990628e-06	5.8588672759e-18
-1.8000000000e+01	4.5000000000e+00	-1.1987998502e+02	-1.8000000000e+01	4.5000000000e+00	-2.0000000000e+03	-7.7254967750e-15	1.9310570362e-15	1.0459543538e-06	1.9310570362e-15	2.0000002500e+03	4.7067945765e-06	5.7088354566e-18
-1.8000000000e+01	5.0000000000e+00	-1.1987998502e+02	-1.8000000000e+01	5.0000000000e+00	-2.0000000000e+03	-5.2831482408e-15	1.4673059845e-15	8.6496150607e-07	1.4673059845e-15	2.0000002500e+03	4.3248075185e-06	4.2334825660e-18
-1.8000000000e+01	5.5000000000e+00	-1.1987998502e+02	-1.8000000000e+01	5.5000000000e+00	-2.0000000000e+03	-3.4713057455e-15	1.0604976039e-15	7.0112416982e-07	1.0604976039e-15	2.0000002500e+03	3.8561829255e-06	3.2247302775e-18
-1.8000000000e+01	6.0000000000e+00	-1.1987998502e+02	-1.8000000000e+01	6.0000000000e+00	-2.0000000000e+03	-2.1915353570e-15	7.3033613830e-16	5.5706671220e-07	7.3033613830e-16	2.0000002500e+03	3.3424002673e-06	3.1616525238e-18
-1.8000000000e+01	6.5000000000e+00	-1.1987998502e+02	-1.8000000000e+01	6.5000000000e+00	-2.0000000000e+03	-1.3292108742e-15	4.7988553142e-16	4.3384399151e-07	4.7988553142e-16	2.0000002500e+03	2.8199859410e-06	1.9311167574e-18
-1.8000000000e+01	7.0000000000e+00	-1.1987998502e+02	-1.8000000000e+01	7.0000000000e+00	-2.0000000000e+03	-7.7478598311e-16	3.0116418207e-16	3.3118760675e-07	3.0116418207e-16	2.0000002500e+03	2.3183132448e-06	2.5466045817e-18
-1.8000000000e+01	7.5000000000e+00	-1.1987998502e+02	-1.8000000000e+01	7.5000000000e+00	-2.0000000000e+03	-4.3383020670e-16	1.8066571458e-16	2.4781562010e-07	1.8066571458e-16	2.0000002500e+03	1.8586171493e-06	1.7436877914e-18
-1.8000000000e+01	8.0000000000e+00	-1.1987998502e+02	-1.8000000000e+01	8.0000000000e+00	-2.0000000000e+03	-2.3336579607e-16	1.0366732397e-16	1.8175961223e-07	1.0366732397e-16	2.0000002500e+03	1.4540768970e-06	9.1453711458e-19
-1.8000000000e+01	8.5000000000e+00	-1.1987998502e+02	-1.8000000000e+01	8.5000000000e+00	-2.0000000000e+03	-1.2066365619e-16	5.6929381908e-17	1.3067129899e-07	5.6929381908e-17	2.0000002500e+03	1.1107060410e-06	9.1220329245e-19
-1.8000000000e+01	9.0000000000e+00	-1.1987998502e+02	-1.8000000000e+01	9.0000000000e+00	-2.0000000000e+03	-5.9884799557e-17	2.9933252904e-17	9.2082508056e-08	2.9933252904e-17	2.0000002500e+03	8.2874257226e-07	1.6464374118e-19
-1.8000000000e+01	9.5000000000e+00	-1.1987998502e+02	-1.8000000000e+01	9.5000000000e+00	-2.0000000000e+03	-2.8625280475e-17	1.5074992136e-17	6.3604549560e-08	1.5074992136e-17	2.0000002500e+03	6.0424322069e-07	5.9030606402e-19
-1.8000000000e+01	1.0000000000e+01	-1.1987998502e+02	-1.8000000000e+01	1.0000000000e+01	-2.0000000000e+03	-1.3111337189e-17	7.2741758059e-18	4.3063897526e-08	7.2741758059e-18	2.0000002500e+03	4.3063897520e-07	1.7820737953e-19
-1.8000000000e+01	1.0500000000e+01	-1.1987998502e+02	-1.8000000000e+01	1.0500000000e+01	-2.0000000000e+03	-5.8074746628e-18	3.3639661496e-18	2.8579366364e-08	3.3639661496e-18	2.0000002500e+03	3.0008334679e-07	4.2709326601e-19
-1.8000000000e+01	1.1000000000e+01	-1.1987998502e+02	-1.8000000000e+01	1.1000000000e+01	-2.0000000000e+03	-2.4641681732e-18	1.4912887741e-18	1.8591137740e-08	1.4912887741e-18	2.0000002500e+03	2.0450251513e-07	2.6265197114e-19
-1.8000000000e+01	1.1500000000e+01	-1.1987998502e+02	-1.8000000000e+01	1.1500000000e+01	-2.0000000000e+03	-1.0212175305e-18	6.3387244079e-19	1.1854232794e-08	6.3387244079e-19	2.0000002500e+03	1.3632367712e-07	3.3429766611e-19
-1.8000000000e+01	1.2000000000e+01	-1.1987998502e+02	-1.8000000000e+01	1.2000000000e+01	-2.0000000000e+03	-3.8583080220e-19	2.5837379420e-19	7.4089223847e-09	2.5837379420e-19	2.0000002500e+03	8.8907068614e-08	2.0758669143e-20
-1.8000000000e+01	1.2500000000e+01	-1.1987998502e+02	-1.8000000000e+01	1.2500000000e+01	-2.0000000000e+03	-1.5634841136e-19	1.0101099231e-19	4.5389014053e-09	1.0101099231e-19	2.0000002500e+03	5.6736267565e-08	1.3615728047e-19
-1.8000000000e+01	1.3000000000e+01	-1.1987998502e+02	-1.8000000000e+01	1.3000000000e+01	-2.0000000000e+03	-1.4977006512e-21	3.7881014837e-20	2.7255902265e-09	3.7881014837e-20	2.0000002500e+03	3.5432672944e-08	6.6238815860e-19
-1.8000000000e+01	1.3500000000e+01	-1.1987998502e+02	-1.8000000000e+01	1.3500000000e+01	-2.0000000000e+03	-8.7545152219e-22	1.3628870680e-20	1.6042959526e-09	1.3628870680e-20	2.0000002500e+03	2.1657995360e-08	2.3350107668e-19
-1.8000000000e+01	1.4000000000e+01	-1.1987998502e+02	-1.8000000000e+01	1.4000000000e+01	-2.0000000000e+03	-5.0951755940e-22	4.7046812843e-21	9.2559824566e-10	4.7046812843e-21	2.0000002500e+03	1.2958375439e-08	7.7551017286e-20
-1.8000000000e+01	1.4500000000e+01	-1.1987998502e+02	-1.8000000000e+01	1.4500000000e+01	-2.0000000000e+03	-2.9010280334e-22	1.5583839437e-21	5.2344935394e-10	1.5583839437e-21	2.0000002500e+03	7.5900156321e-09	2.3844420338e-20
-1.8000000000e+01	1.5000000000e+01	-1.1987998502e+02	-1.8000000000e+01	1.5000000000e+01	-2.0000000000e+03	-1.6268520882e-22	4.9537060600e-22	2.9016225906e-10	4.9537060600