t	x	y	px	py
0.000000	0.000000	-7.000000	0.000000	0.000000
0.750000	0.000000	-6.999995	0.000000	0.000031
1.500000	0.000000	-6.999906	0.000000	0.000210
2.250000	0.000000	-6.999912	0.000000	-0.000644
3.000000	0.000004	-7.002032	0.000019	-0.006106
3.750000	0.000060	-7.010813	0.000166	-0.018215
4.500000	0.000294	-7.029367	0.000449	-0.029974
5.250000	0.000613	-7.051170	0.000272	-0.023339
6.000000	0.000682	-7.055128	0.000190	0.019505
6.750000	0.002017	-7.013547	0.004502	0.094891
7.500000	0.008705	-6.915011	0.013583	0.164822
8.250000	0.020162	-6.784958	0.014823	0.172181
9.000000	0.026789	-6.688409	0.002178	0.065994
9.750000	0.028880	-6.716692	0.012082	-0.155447
10.500000	0.058174	-6.916057	0.077405	-0.393458
11.250000	0.139177	-7.243310	0.168141	-0.579898
12.000000	0.275068	-7.650712	0.283563	-0.753078
12.750000	0.476693	-8.119678	0.472698	-0.972315
13.500000	0.756841	-8.631777	0.722702	-1.202250
14.250000	1.085557	-9.157998	0.782940	-1.251351
15.000000	1.390649	-9.678457	0.569209	-1.066967
15.750000	1.623079	-10.167735	0.349250	-0.835763
16.500000	1.784669	-10.602713	0.212803	-0.652385
17.250000	1.887878	-10.966489	0.109064	-0.467042
18.000000	1.929592	-11.202233	0.015649	-0.176911
18.750000	1.935441	-11.181360	0.029583	0.243240
19.500000	2.005193	-10.882895	0.200545	0.633317
20.250000	2.194723	-10.426204	0.520898	1.020684
21.000000	2.511664	-9.904207	0.935995	1.368206
21.750000	2.872838	-9.374472	0.788725	1.255966
22.500000	3.113582	-8.888085	0.199414	0.631529
23.250000	3.150556	-8.790931	0.069195	-0.372009
24.000000	3.333364	-9.227124	0.689003	-1.173885
24.750000	3.704438	-9.755880	1.147742	-1.515085
25.500000	4.067173	-10.284040	0.650740	-1.140824
26.250000	4.261187	-10.737649	0.131888	-0.513591
27.000000	4.287092	-10.810421	0.058774	0.342854
27.750000	4.456702	-10.386956	0.643510	1.134469
28.500000	4.817116	-9.858603	1.068338	1.461738
29.250000	5.138460	-9.339850	0.359764	0.848250
30.000000	5.201629	-9.228995	0.133229	-0.516197
30.750000	5.460025	-9.714317	1.079641	-1.469450
31.500000	5.886421	-10.239320	1.268189	-1.592601
32.250000	6.221143	-10.759985	0.422920	-0.919696
33.000000	6.318380	-11.076593	0.000678	-0.036816
33.750000	6.425823	-10.763645	0.538308	1.037601
34.500000	6.774412	-10.237171	1.034452	1.438368
35.250000	7.067040	-9.731924	0.202820	0.636899
36.000000	7.134250	-9.817696	0.349694	-0.836295
36.750000	7.479146	-10.335610	1.466094	-1.712363
37.500000	7.928408	-10.855010	1.198736	-1.548378
38.250000	8.232014	-11.367053	0.338369	-0.822641
39.000000	8.319062	-11.677559	0.003530	-0.084024
39.750000	8.413154	-11.393297	0.492125	0.992094
40.500000	8.743087	-10.868974	0.888838	1.333295
41.250000	8.981945	-10.396752	0.076664	0.391570
42.000000	9.051395	-10.584641	0.372383	-0.862998
42.750000	9.394293	-11.102785	1.483451	-1.722470
43.500000	9.858919	-11.617550	1.413966	-1.681646
44.250000	10.213886	-12.142097	0.561542	-1.059756
45.000000	10.452369	-12.635755	0.479007	-0.978782
45.750000	10.757303	-13.153410	1.021011	-1.428993
46.500000	11.183616	-13.677939	1.463493	-1.710844
47.250000	11.596497	-14.204409	0.949900	-1.378333
48.000000	11.928757	-14.730925	0.759903	-1.232804
48.750000	12.286401	-15.259730	1.128100	-1.502065
49.500000	12.704587	-15.786409	1.281204	-1.600753
50.250000	13.101662	-16.315349	0.971278	-1.393756
51.000000	13.461035	-16.845193	0.941657	-1.372339
51.750000	13.845735	-17.375063	1.168255	-1.528565
52.500000	14.253189	-17.903393	1.151619	-1.517643
53.250000	14.639991	-18.433336	0.998991	-1.413500
54.000000	15.016013	-18.963647	1.045760	-1.446209
54.750000	15.409385	-19.493292	1.142705	-1.511757
55.500000	15.806566	-20.022678	1.089356	-1.476046
56.250000	16.191638	-20.552802	1.038647	-1.441282
57.000000	16.577090	-21.082914	1.085015	-1.473102
57.750000	16.970536	-21.612599	1.108534	-1.488982
58.500000	17.362029	-22.142409	1.073149	-1.465025
59.250000	17.748900	-22.672473	1.066652	-1.460584
60.000000	18.138104	-23.202420	1.090386	-1.476744
60.750000	18.529689	-23.732231	1.089122	-1.475888
61.500000	18.919311	-24.262157	1.074842	-1.466180
62.250000	19.307932	-24.792137	1.078911	-1.468953
63.000000	19.697975	-25.322039	1.086577	-1.474162
63.750000	20.088294	-25.851927	1.082404	-1.471329
64.500000	20.477714	-26.381865	1.078875	-1.468928
65.250000	20.867179	-26.911800	1.082107	-1.471127
66.000000	21.257154	-27.441707	1.083392	-1.472000
66.750000	21.646986	-27.971622	1.081262	-1.470553
67.500000	22.036564	-28.501551	1.081035	-1.470398
68.250000	22.426280	-29.031473	1.082268	-1.471236
69.000000	22.816105	-29.561388	1.082108	-1.471127
69.750000	23.205829	-30.091309	1.081477	-1.470698
70.500000	23.595518	-30.621232	1.081709	-1.470856
71.250000	23.985269	-31.151152	1.081989	-1.471047
72.000000	24.375024	-31.681072	1.081802	-1.470920
72.750000	24.764745	-32.210993	1.081701	-1.470851
73.500000	25.154473	-32.740914	1.081820	-1.470932
74.250000	25.544216	-33.270834	1.081844	-1.470948
75.000000	25.933952	-33.800754	1.081778	-1.470903
75.750000	26.323682	-34.330675	1.081782	-1.470906
76.500000	26.713417	-34.860596	1.081813	-1.470927
77.250000	27.103154	-35.390516	1.081804	-1.470921
78.000000	27.492888	-35.920437	1.081791	-1.470912
78.750000	27.882622	-36.450357	1.081799	-1.470917
79.500000	28.272357	-36.980278	1.081803	-1.470920
80.250000	28.662092	-37.510198	1.081799	-1.470917
81.000000	29.051827	-38.040119	1.081798	-1.470917
81.750000	29.441562	-38.570039	1.081800	-1.470918
82.500000	29.831296	-39.099960	1.081800	-1.470918
83.250000	30.221031	-39.629880	1.081799	-1.470917
84.000000	30.610766	-40.159801	1.081799	-1.470918
84.750000	31.000500	-40.689721	1.081800	-1.470918
85.500000	31.390235	-41.219642	1.081799	-1.470918
86.250000	31.779970	-41.749563	1.081799	-1.470918
87.000000	32.169705	-42.279483	1.081799	-1.470918
87.750000	32.559439	-42.809404	1.081799	-1.470918
88.500000	32.949174	-43.339324	1.081799	-1.470918
89.250000	33.338909	-43.869245	1.081799	-1.470918
90.000000	33.728644	-44.399165	1.081799	-1.470918
90.750000	34.118378	-44.929086	1.081799	-1.470918
91.500000	34.508113	-45.459006	1.081799	-1.470918
92.250000	34.897848	-45.988927	1.081799	-1.470918
93.000000	35.287582	-46.518847	1.081799	-1.470918
93.750000	35.677317	-47.048768	1.081799	-1.470918
94.500000	36.067052	-47.578688	1.081799	-1.470918
95.250000	36.456787	-48.108609	1.081799	-1.470918
96.000000	36.846521	-48.638529	1.081799	-1.470918
96.750000	37.236256	-49.168450	1.081799	-1.470918
97.500000	37.625991	-49.698371	1.081799	-1.470918
98.250000	38.015726	-50.228291	1.081799	-1.470918
99.000000	38.405460	-50.758212	1.081799	-1.470918
99.750000	38.795195	-51.288132	1.081799	-1.470918
100.500000	39.184930	-51.818053	1.081799	-1.470918
101.250000	39.574664	-52.347973	1.081799	-1.470918
102.000000	39.964399	-52.877894	1.081799	-1.470918
102.750000	40.354134	-53.407814	1.081799	-1.470918
103.500000	40.743869	-53.937735	1.081799	-1.470918
104.250000	41.133603	-54.467655	1.081799	-1.470918
105.000000	41.523338	-54.997576	1.081799	-1.470918
105.750000	41.913073	-55.527496	1.081799	-1.470918
106.500000	42.302808	-56.057417	1.081799	-1.470918
107.250000	42.692542	-56.587338	1.081799	-1.470918
108.000000	43.082277	-57.117258	1.081799	-1.470918
108.750000	43.472012	-57.647179	1.081799	-1.470918
109.500000	43.861746	-58.177099	1.081799	-1.470918
110.250000	44.251481	-58.707020	1.081799	-1.470918
111.000000	44.641216	-59.236940	1.081799	-1.470918
111.750000	45.030951	-59.766861	1.081799	-1.470918
112.500000	45.420685	-60.296781	1.081799	-1.470918
113.250000	45.810420	-60.826702	1.081799	-1.470918
114.000000	46.200155	-61.356622	1.081799	-1.470918
114.750000	46.589889	-61.886543	1.081799	-1.470918
115.500000	46.979624	-62.416463	1.081799	-1.470918
116.250000	47.369359	-62.946384	1.081799	-1.470918
117.000000	47.759094	-63.476305	1.081799	-1.470918
117.750000	48.148828	-64.006225	1.081799	-1.470918
118.500000	48.538563	-64.536146	1.081799	-1.470918
119.250000	48.928298	-65.066066	1.081799	-1.470918
120.000000	49.318033	-65.595987	1.081799	-1.470918
120.750000	49.707767	-66.125907	1.081799	-1.470918
121.500000	50.097502	-66.655828	1.081799	-1.470918
122.250000	50.487237	-67.185748	1.081799	-1.470918
123.000000	50.876971	-67.715669	1.081799	-1.470918
123.750000	51.266706	-68.245589	1.081799	-1.470918
124.500000	51.656441	-68.775510	1.081799	-1.470918
125.250000	52.046176	-69.305430	1.081799	-1.470918
126.000000	52.435910	-69.835351	1.081799	-1.470918
126.750000	52.825645	-70.365272	1.081799	-1.470918
127.500000	53.215380	-70.895192	1.081799	-1.470918
128.250000	53.605115	-71.425113	1.081799	-1.470918
129.000000	53.994849	-71.955033	1.081799	-1.470918
129.750000	54.384584	-72.484954	1.081799	-1.470918
130.500000	54.774319	-73.014874	1.081799	-1.470918
131.250000	55.164053	-73.544795	1.081799	-1.470918
132.000000	55.553788	-74.074715	1.081799	-1.470918
132.750000	55.943523	-74.604636	1.081799	-1.470918
133.500000	56.333258	-75.134556	1.081799	-1.470918
134.250000	56.722992	-75.664477	1.081799	-1.470918
135.000000	57.112727	-76.194397	1.081799	-1.470918
135.750000	57.502462	-76.724318	1.081799	-1.470918
136.500000	57.892197	-77.254239	1.081799	-1.470918
137.250000	58.281931	-77.784159	1.081799	-1.470918
138.000000	58.671666	-78.314080	1.081799	-1.470918
138.750000	59.061401	-78.844000	1.081799	-1.470918
139.500000	59.451135	-79.373921	1.081799	-1.470918
140.250000	59.840870	-79.903841	1.081799	-1.470918
141.000000	60.230605	-80.433762	1.081799	-1.470918
141.750000	60.620340	-80.963682	1.081799	-1.470918
142.500000	61.010074	-81.493603	1.081799	-1.470918
143.250000	61.399809	-82.023523	1.081799	-1.470918
144.000000	61.789544	-82.553444	1.081799	-1.470918
144.750000	62.179278	-83.083364	1.081799	-1.470918
145.500000	62.569013	-83.613285	1.081799	-1.470918
146.250000	62.958748	-84.143206	1.081799	-1.470918
147.000000	63.348483	-84.673126	1.081799	-1.470918
147.750000	63.738217	-85.203047	1.081799	-1.470918
148.500000	64.127952	-85.732967	1.081799	-1.470918
149.250000	64.517687	-86.262888	1.081799	-1.470918