t	x	y	px	py
0.000000	0.000000	4.000000	0.000000	0.000000
0.750000	0.000000	4.000007	0.000000	0.000043
1.500000	0.000000	4.000131	0.000000	0.000292
2.250000	0.000000	4.000122	0.000000	-0.000896
3.000000	0.000008	3.997174	0.000036	-0.008495
3.750000	0.000116	3.984952	0.000322	-0.025363
4.500000	0.000571	3.959101	0.000874	-0.041816
5.250000	0.001193	3.928663	0.000532	-0.032617
6.000000	0.001327	3.923228	0.000382	0.027624
6.750000	0.003968	3.981683	0.008894	0.133375
7.500000	0.017045	4.118865	0.026981	0.232298
8.250000	0.040483	4.303304	0.033413	0.258507
9.000000	0.058547	4.464444	0.012231	0.156401
9.750000	0.061240	4.492297	0.005582	-0.105657
10.500000	0.090797	4.297913	0.095712	-0.437519
11.250000	0.204279	3.922169	0.282398	-0.751529
12.000000	0.427629	3.440029	0.603279	-1.098434
12.750000	0.754020	2.915076	0.894376	-1.337442
13.500000	1.091841	2.387929	0.657625	-1.146844
14.250000	1.306825	1.915667	0.184603	-0.607624
15.000000	1.342278	1.769730	0.023969	0.218947
15.750000	1.467079	2.140602	0.480027	0.979823
16.500000	1.801567	2.663814	1.123747	1.499164
17.250000	2.190963	3.193205	0.852703	1.305912
18.000000	2.424739	3.671298	0.151059	0.549652
18.750000	2.463722	3.667652	0.175812	-0.592979
19.500000	2.730304	3.174318	1.028475	-1.434207
20.250000	3.126519	2.645136	0.926988	-1.361608
21.000000	3.330947	2.211259	0.018164	-0.190599
21.750000	3.463102	2.527864	0.754341	1.228284
22.500000	3.877574	3.052504	1.480291	1.720634
23.250000	4.243578	3.573961	0.409150	0.904599
24.000000	4.324593	3.629518	0.302513	-0.777835
24.750000	4.672512	3.112061	1.378014	-1.660129
25.500000	5.042377	2.590250	0.381577	-0.873587
26.250000	5.154402	2.672433	0.642415	1.133504
27.000000	5.581143	3.191949	1.761624	1.877032
27.750000	5.968040	3.709531	0.366747	0.856443
28.500000	6.090025	3.607538	0.746686	-1.222036
29.250000	6.509777	3.083349	1.309275	-1.618193
30.000000	6.724632	2.719855	0.060675	0.348354
30.750000	7.054459	3.207541	1.869663	1.933734
31.500000	7.522532	3.718310	0.947800	1.376808
32.250000	7.672198	3.848127	0.471408	-0.970987
33.000000	8.078823	3.326834	1.461746	-1.709822
33.750000	8.313964	2.962910	0.091970	0.428883
34.500000	8.679287	3.457520	2.146578	2.071993
35.250000	9.149204	3.964794	0.786625	1.254293
36.000000	9.312344	3.951071	0.882285	-1.328371
36.750000	9.746220	3.428882	1.100420	-1.483523
37.500000	9.931688	3.358965	0.799755	1.264717
38.250000	10.413876	3.860780	2.317531	2.152919
39.000000	10.786205	4.353089	0.086446	0.415803
39.750000	11.039315	3.977295	1.568978	-1.771428
40.500000	11.391986	3.483392	0.043387	-0.294575
41.250000	11.687782	3.893652	2.241710	2.117409
42.000000	12.201828	4.383922	1.294053	1.608759
42.750000	12.392282	4.500616	0.712354	-1.193611
43.500000	12.815598	3.977319	1.009524	-1.420932
44.250000	13.018260	4.004342	1.206477	1.553369
45.000000	13.536445	4.491200	2.461746	2.218894
45.750000	13.877267	4.956561	0.007350	0.121246
46.500000	14.174493	4.513201	1.509475	-1.737513
47.250000	14.423868	4.182887	0.223334	0.668333
48.000000	14.856399	4.679062	2.855881	2.389929
48.750000	15.351746	5.172053	0.775015	1.245002
49.500000	15.533280	5.109648	1.074870	-1.466199
50.250000	15.911046	4.591019	0.234620	-0.685011
51.000000	16.161859	4.913104	2.116088	2.057225
51.750000	16.707550	5.384657	2.110721	2.054615
52.500000	16.974132	5.791816	0.022678	-0.212971
53.250000	17.287984	5.305954	1.160454	-1.523452
54.000000	17.476864	5.151225	0.539029	1.038295
54.750000	17.952722	5.646283	3.092274	2.486875
55.500000	18.455444	6.135957	0.873913	1.322054
56.250000	18.592307	6.279568	0.425321	-0.922303
57.000000	18.935730	5.754945	0.523136	-1.022875
57.750000	19.086259	5.880215	0.962506	1.387448
58.500000	19.598888	6.365784	3.126860	2.500744
59.250000	20.086778	6.861077	0.810468	1.273160
60.000000	20.264304	7.292002	0.076728	0.391736
60.750000	20.371363	7.087359	0.683559	-1.169238
61.500000	20.629912	6.604082	0.059491	-0.344937
62.250000	20.719369	6.858610	0.450628	0.949345
63.000000	21.134971	7.367745	2.690071	2.319513
63.750000	21.681847	7.837992	1.881411	1.939799
64.500000	22.057190	8.362453	0.794328	1.260419
65.250000	22.501503	8.875039	2.563921	2.264474
66.000000	23.039005	9.352150	1.868439	1.933101
66.750000	23.455881	9.877306	1.208284	1.554531
67.500000	23.945039	10.378844	2.601132	2.280847
68.250000	24.462366	10.868005	1.607679	1.793142
69.000000	24.902088	11.390038	1.678043	1.831962
69.750000	25.416768	11.881347	2.412663	2.196662
70.500000	25.909903	12.383297	1.518821	1.742884
71.250000	26.378080	12.896295	2.058756	2.029165
72.000000	26.895915	13.386579	2.091182	2.045083
72.750000	27.374791	13.895755	1.653051	1.818269
73.500000	27.867260	14.398890	2.187108	2.091463
74.250000	28.374489	14.894977	1.864057	1.930833
75.000000	28.854632	15.404004	1.866819	1.932262
75.750000	29.358170	15.902105	2.107273	2.052936
76.500000	29.853887	16.404062	1.815236	1.905380
77.250000	30.342994	16.909175	2.002085	2.001042
78.000000	30.846203	17.407540	1.983739	1.991853
78.750000	31.337221	17.911827	1.874715	1.936345
79.500000	31.833422	18.413657	2.021923	2.010932
80.250000	32.332097	18.914298	1.920279	1.959734
81.000000	32.824304	19.418056	1.941641	1.970605
81.750000	33.322679	19.918858	1.985774	1.992874
82.500000	33.818129	20.421079	1.918779	1.958969
83.250000	34.312977	20.923591	1.969432	1.984657
84.000000	34.810521	21.424805	1.953699	1.976714
84.750000	35.305281	21.927363	1.939102	1.969316
85.500000	35.801584	22.429179	1.966676	1.983268
86.250000	36.297886	22.930997	1.943679	1.971638
87.000000	36.793205	23.433288	1.953049	1.976385
87.750000	37.289677	23.935024	1.956662	1.978213
88.500000	37.785427	24.437109	1.946594	1.973116
89.250000	38.281299	24.939134	1.956042	1.977899
90.000000	38.777477	25.441013	1.951313	1.975506
90.750000	39.273227	25.943097	1.951008	1.975352
91.500000	39.769284	26.445034	1.954213	1.976974
92.250000	40.265247	26.947016	1.950729	1.975211
93.000000	40.761135	27.449034	1.952804	1.976261
93.750000	41.257163	27.950984	1.952490	1.976102
94.500000	41.753077	28.452990	1.951641	1.975672
95.250000	42.249039	28.954972	1.952780	1.976249
96.000000	42.745012	29.456950	1.951983	1.975845
96.750000	43.240945	29.958946	1.952233	1.975972
97.500000	43.736917	30.460924	1.952399	1.976056
98.250000	44.232868	30.962912	1.952075	1.975892
99.000000	44.728820	31.464898	1.952344	1.976028
99.750000	45.224782	31.966881	1.952223	1.975967
100.500000	45.720733	32.468869	1.952211	1.975961
101.250000	46.216691	32.970853	1.952289	1.976000
102.000000	46.712647	33.472838	1.952210	1.975961
102.750000	47.208602	33.974824	1.952255	1.975984
103.500000	47.704559	34.476809	1.952247	1.975979
104.250000	48.200514	34.978795	1.952233	1.975972
105.000000	48.696470	35.480780	1.952252	1.975982
105.750000	49.192426	35.982766	1.952238	1.975975
106.500000	49.688382	36.484751	1.952244	1.975978
107.250000	50.184338	36.986736	1.952245	1.975978
108.000000	50.680294	37.488722	1.952241	1.975976
108.750000	51.176250	37.990707	1.952245	1.975978
109.500000	51.672206	38.492693	1.952243	1.975977
110.250000	52.168161	38.994678	1.952243	1.975977
111.000000	52.664117	39.496664	1.952244	1.975978
111.750000	53.160073	39.998649	1.952243	1.975977
112.500000	53.656029	40.500634	1.952243	1.975977
113.250000	54.151985	41.002620	1.952243	1.975977
114.000000	54.647941	41.504605	1.952243	1.975977
114.750000	55.143897	42.006591	1.952243	1.975977
115.500000	55.639853	42.508576	1.952243	1.975977
116.250000	56.135809	43.010561	1.952243	1.975977
117.000000	56.631764	43.512547	1.952243	1.975977
117.750000	57.127720	44.014532	1.952243	1.975977
118.500000	57.623676	44.516518	1.952243	1.975977
119.250000	58.119632	45.018503	1.952243	1.975977
120.000000	58.615588	45.520488	1.952243	1.975977
120.750000	59.111544	46.022474	1.952243	1.975977
121.500000	59.607500	46.524459	1.952243	1.975977
122.250000	60.103456	47.026445	1.952243	1.975977
123.000000	60.599412	47.528430	1.952243	1.975977
123.750000	61.095367	48.030415	1.952243	1.975977
124.500000	61.591323	48.532401	1.952243	1.975977
125.250000	62.087279	49.034386	1.952243	1.975977
126.000000	62.583235	49.536372	1.952243	1.975977
126.750000	63.079191	50.038357	1.952243	1.975977
127.500000	63.575147	50.540343	1.952243	1.975977
128.250000	64.071103	51.042328	1.952243	1.975977
129.000000	64.567059	51.544313	1.952243	1.975977
129.750000	65.063014	52.046299	1.952243	1.975977
130.500000	65.558970	52.548284	1.952243	1.975977
131.250000	66.054926	53.050270	1.952243	1.975977
132.000000	66.550882	53.552255	1.952243	1.975977
132.750000	67.046838	54.054240	1.952243	1.975977
133.500000	67.542794	54.556226	1.952243	1.975977
134.250000	68.038750	55.058211	1.952243	1.975977
135.000000	68.534706	55.560197	1.952243	1.975977
135.750000	69.030662	56.062182	1.952243	1.975977
136.500000	69.526617	56.564167	1.952243	1.975977
137.250000	70.022573	57.066153	1.952243	1.975977
138.000000	70.518529	57.568138	1.952243	1.975977
138.750000	71.014485	58.070124	1.952243	1.975977
139.500000	71.510441	58.572109	1.952243	1.975977
140.250000	72.006397	59.074094	1.952243	1.975977
141.000000	72.502353	59.576080	1.952243	1.975977
141.750000	72.998309	60.078065	1.952243	1.975977
142.500000	73.494264	60.580051	1.952243	1.975977
143.250000	73.990220	61.082036	1.952243	1.975977
144.000000	74.486176	61.584021	1.952243	1.975977
144.750000	74.982132	62.086007	1.952243	1.975977
145.500000	75.478088	62.587992	1.952243	1.975977
146.250000	75.974044	63.089978	1.952243	1.975977
147.000000	76.470000	63.591963	1.952243	1.975977
147.750000	76.965956	64.093949	1.952243	1.975977
148.500000	77.461912	64.595934	1.952243	1.975977
149.250000	77.957867	65.097919	1.952243	1.975977