t	x	y	px	py
0.000000	0.000000	0.000000	0.000000	0.000000
0.750000	0.000000	0.000008	0.000000	0.000051
1.500000	0.000000	0.000154	0.000000	0.000343
2.250000	0.000000	0.000143	0.000001	-0.001051
3.000000	0.000011	-0.003316	0.000050	-0.009969
3.750000	0.000160	-0.017653	0.000442	-0.029749
4.500000	0.000785	-0.047961	0.001202	-0.049037
5.250000	0.001642	-0.083690	0.000738	-0.038432
6.000000	0.001828	-0.090394	0.000501	0.031639
6.750000	0.005375	-0.022752	0.012030	0.155112
7.500000	0.023143	0.136559	0.037380	0.273424
8.250000	0.056396	0.354668	0.050689	0.318401
9.000000	0.086652	0.562563	0.026943	0.232135
9.750000	0.093483	0.642765	0.001255	-0.050096
10.500000	0.121324	0.461800	0.106880	-0.462341
11.250000	0.257547	0.059007	0.371880	-0.862415
12.000000	0.524258	-0.446142	0.747598	-1.222782
12.750000	0.864406	-0.974084	0.814176	-1.276069
13.500000	1.150501	-1.486620	0.400788	-0.895308
14.250000	1.266299	-1.850671	0.028754	-0.239808
15.000000	1.294320	-1.735636	0.150798	0.549177
15.750000	1.502065	-1.271804	0.717093	1.197575
16.500000	1.881722	-0.743252	1.228748	1.567640
17.250000	2.255047	-0.215309	0.646521	1.137120
18.000000	2.407607	0.178568	0.014891	0.172576
18.750000	2.506757	-0.097850	0.546871	-1.045821
19.500000	2.870776	-0.624463	1.193717	-1.545132
20.250000	3.213393	-1.146408	0.396562	-0.890575
21.000000	3.284733	-1.238804	0.192399	0.620321
21.750000	3.591479	-0.735032	1.358153	1.648122
22.500000	4.029321	-0.212859	1.055644	1.453027
23.250000	4.222147	0.183740	0.000949	-0.043556
24.000000	4.444030	-0.240971	1.186105	-1.540198
24.750000	4.867000	-0.766166	0.943227	-1.373482
25.500000	5.015819	-1.029270	0.135045	0.519702
26.250000	5.347767	-0.528547	1.668241	1.826604
27.000000	5.793243	-0.010718	0.829425	1.287963
27.750000	5.931155	0.099300	0.458776	-0.957889
28.500000	6.337183	-0.420923	1.595244	-1.786194
29.250000	6.644240	-0.897558	0.022287	-0.211124
30.000000	6.893756	-0.494285	1.641401	1.811850
30.750000	7.366154	0.016310	1.091291	1.477356
31.500000	7.537802	0.131398	0.610309	-1.104815
32.250000	7.974715	-0.385893	1.643907	-1.813233
33.000000	8.223680	-0.753195	0.104118	0.456329
33.750000	8.601737	-0.255692	2.111299	2.054896
34.500000	9.023519	0.252895	0.296359	0.769882
35.250000	9.258061	-0.037015	1.689159	-1.838020
36.000000	9.710536	-0.550442	0.655317	-1.144829
36.750000	9.927963	-0.381950	1.587670	1.781948
37.500000	10.424744	0.118539	1.366402	1.653120
38.250000	10.641962	0.178778	1.043778	-1.444837
39.000000	11.118545	-0.329804	1.467929	-1.713435
39.750000	11.345555	-0.411107	1.045943	1.446335
40.500000	11.842101	0.087653	1.919347	1.959258
41.250000	12.093685	0.292696	0.706561	-1.188748
42.000000	12.565337	-0.214214	1.775596	-1.884461
42.750000	12.814880	-0.360606	0.945050	1.374809
43.500000	13.313666	0.135873	2.044530	2.022142
44.250000	13.578122	0.327682	0.831552	-1.289614
45.000000	14.061138	-0.176016	1.717694	-1.853480
45.750000	14.319054	-0.246879	1.316089	1.622399
46.500000	14.832362	0.244245	1.791599	1.892933
47.250000	15.096514	0.300875	1.399043	-1.672748
48.000000	15.592429	-0.199214	1.223434	-1.564247
48.750000	15.866428	-0.085910	2.057266	2.028431
49.500000	16.377513	0.404552	1.031530	1.436336
50.250000	16.661934	0.230393	2.165207	-2.080965
51.000000	17.117419	-0.267942	0.242847	-0.696917
51.750000	17.460545	0.106088	2.708848	2.327595
52.500000	17.883227	0.581296	0.016132	0.179623
53.250000	18.269933	0.130514	2.446131	-2.211846
54.000000	18.588665	-0.165053	0.597878	1.093506
54.750000	19.088053	0.325007	2.431606	2.205269
55.500000	19.389119	0.492888	1.172200	-1.531143
56.250000	19.893679	-0.002332	1.476804	-1.718606
57.000000	20.192275	0.097675	2.295913	2.142855
57.750000	20.706358	0.583935	0.841796	1.297533
58.500000	21.024571	0.333954	2.505226	-2.238404
59.250000	21.419791	-0.112484	0.029122	0.241339
60.000000	21.861977	0.362850	2.841134	2.383751
60.750000	22.198973	0.660968	0.638437	-1.129988
61.500000	22.693349	0.165851	1.924403	-1.961837
62.250000	22.998861	0.175863	2.089449	2.044235
63.000000	23.527254	0.656559	1.186584	1.540509
63.750000	23.844660	0.466707	2.496099	-2.234322
64.500000	24.257768	0.007356	0.005224	0.102217
65.250000	24.695315	0.474334	2.937678	2.423913
66.000000	25.039051	0.770264	0.677948	-1.164429
66.750000	25.537129	0.276298	1.871463	-1.934664
67.500000	25.850404	0.317730	2.296732	2.143237
68.250000	26.377308	0.797649	0.997728	1.412606
69.000000	26.706719	0.561670	2.602357	-2.281384
69.750000	27.087663	0.155297	0.178079	0.596789
70.500000	27.567105	0.637255	2.862826	2.392833
71.250000	27.898218	0.851623	1.106096	-1.487344
72.000000	28.406535	0.359005	1.457934	-1.707591
72.750000	28.730767	0.503432	2.711163	2.328589
73.500000	29.237238	0.986095	0.482544	0.982388
74.250000	29.592931	0.644933	2.643190	-2.299212
75.000000	29.935894	0.358556	0.770122	1.241065
75.750000	30.458215	0.838189	2.545382	2.256272
76.500000	30.777392	0.931166	1.685730	-1.836153
77.250000	31.278218	0.436992	0.779913	-1.248929
78.000000	31.626773	0.718989	3.061172	2.474337
78.750000	32.078436	1.188756	0.020985	0.204864
79.500000	32.487548	0.737090	2.453919	-2.215363
80.250000	32.809849	0.596463	1.528128	1.748215
81.000000	33.351963	1.069154	2.011353	2.005668
81.750000	33.666958	1.032155	2.161739	-2.079297
82.500000	34.125112	0.542301	0.118300	-0.486414
83.250000	34.525143	0.957507	3.186172	2.524350
84.000000	34.909652	1.349018	0.217304	-0.659248
84.750000	35.376983	0.854964	2.045191	-2.022469
85.500000	35.693285	0.853292	2.190775	2.093214
86.250000	36.235937	1.325160	1.423542	1.687330
87.000000	36.554337	1.171068	2.406197	-2.193716
87.750000	36.944867	0.741502	0.093177	0.431687
88.500000	37.415427	1.217703	3.111676	2.494664
89.250000	37.762599	1.512292	0.684648	-1.170169
90.000000	38.252385	1.013480	1.558279	-1.765377
90.750000	38.572251	1.128808	2.656122	2.304830
91.500000	39.104815	1.603679	0.949995	1.378401
92.250000	39.430804	1.360165	2.444701	-2.211198
93.000000	39.779704	1.022968	0.501401	1.001400
93.750000	40.291498	1.502064	2.968405	2.436556
94.500000	40.620449	1.729210	0.996398	-1.411663
95.250000	41.110140	1.227808	1.144914	-1.513217
96.000000	41.437499	1.427802	2.925975	2.419080
96.750000	41.959890	1.904825	0.693373	1.177601
97.500000	42.289954	1.613601	2.367112	-2.175827
98.250000	42.619410	1.338507	0.790395	1.257294
99.000000	43.147678	1.813535	2.900906	2.408694
99.750000	43.468687	2.022640	1.046838	-1.446953
100.500000	43.949644	1.517677	0.937978	-1.369654
101.250000	44.279613	1.754811	3.021778	2.458363
102.000000	44.804101	2.230688	0.724749	1.203950
102.750000	45.124443	1.952271	2.251315	-2.121939
103.500000	45.446687	1.680523	0.778438	1.247748
104.250000	45.975136	2.154811	3.027518	2.460697
105.000000	46.300691	2.418654	0.753620	-1.227696
105.750000	46.769060	1.909536	1.047971	-1.447736
106.500000	47.086349	2.113067	2.886547	2.402725
107.250000	47.629391	2.581959	1.152063	1.517934
108.000000	47.924328	2.407802	2.053783	-2.026712
108.750000	48.258023	2.050428	0.363337	0.852451
109.500000	48.757623	2.529388	3.348023	2.587671
110.250000	49.135539	2.942926	0.086795	-0.416640
111.000000	49.552574	2.442224	1.510130	-1.737889
111.750000	49.842224	2.501178	2.218344	2.106344
112.500000	50.403480	2.960372	2.145235	2.071344
113.250000	50.680518	3.033941	1.364692	-1.652084
114.000000	51.092551	2.529878	0.097982	-0.442676
114.750000	51.465691	2.939445	3.357745	2.591425
115.500000	51.987935	3.415251	0.728976	1.207456
116.250000	52.264595	3.180535	1.797710	-1.896158
117.000000	52.554385	2.898255	0.575246	1.072609
117.750000	53.066653	3.376315	3.439212	2.622674
118.500000	53.489738	3.849423	0.043350	0.294447
119.250000	53.817135	3.411104	1.498483	-1.731174
120.000000	54.069659	3.353777	1.373731	1.657546
120.750000	54.621000	3.817703	3.105152	2.492047
121.500000	54.968996	4.248788	0.016855	-0.183597
122.250000	55.319332	3.756990	1.161874	-1.524383
123.000000	55.552663	3.794554	1.555094	1.763571
123.750000	56.108200	4.256361	3.051936	2.470600
124.500000	56.472166	4.721940	0.014738	0.171680
125.250000	56.762620	4.280437	1.180971	-1.536860
126.000000	56.965754	4.201173	0.871184	1.319987
126.750000	57.487027	4.679417	3.429937	2.619135
127.500000	57.966692	5.171216	0.562420	1.060584
128.250000	58.115910	5.115622	0.862702	-1.313545
129.000000	58.406291	4.635234	0.013405	-0.163733
129.750000	58.663854	5.044865	2.089863	2.044437
130.500000	59.225181	5.504183	2.710422	2.328270
131.250000	59.620583	6.012678	0.405075	0.900082
132.000000	59.756680	6.415905	0.113551	0.476551
132.750000	59.819603	6.365778	0.430157	-0.927530
133.500000	60.101233	5.856529	0.258957	-0.719661
134.250000	60.154662	5.927295	0.166597	0.577228
135.000000	60.356977	6.385376	0.864598	1.314988
135.750000	60.845315	6.882189	2.965740	2.435462
136.500000	61.361083	7.369277	1.254071	1.583711
137.250000	61.718335	7.897822	1.140365	1.510208
138.000000	62.216076	8.394350	2.740502	2.341153
138.750000	62.723711	8.887291	1.348291	1.642126
139.500000	63.135394	9.414310	1.600100	1.788909
140.250000	63.652339	9.903944	2.475980	2.225299
141.000000	64.137785	10.408367	1.345862	1.640646
141.750000	64.589404	10.926255	2.015028	2.007499
142.500000	65.109624	11.415083	2.113509	2.055970
143.250000	65.579188	11.927432	1.498974	1.731458
144.000000	66.062652	12.434147	2.197103	2.096235
144.750000	66.571587	12.929248	1.827953	1.912042
145.500000	67.041133	13.442372	1.750798	1.871254
146.250000	67.541346	13.942008	2.134326	2.066071
147.000000	68.035598	14.444527	1.732994	1.861715
147.750000	68.515796	14.953459	1.943377	1.971484
148.500000	69.018179	15.452238	1.982255	1.991107
149.250000	69.504420	15.958621	1.785263	1.889583