t	x	y	px	py
0.000000	0.000000	-19.000000	0.000000	0.000000
0.750000	0.000000	-19.000000	0.000000	0.000001
1.500000	0.000000	-18.999996	0.000000	0.000009
2.250000	0.000000	-18.999996	0.000000	-0.000028
3.000000	0.000000	-19.000090	0.000000	-0.000270
3.750000	0.000000	-19.000478	0.000000	-0.000805
4.500000	0.000001	-19.001298	0.000001	-0.001324
5.250000	0.000001	-19.002260	0.000001	-0.001025
6.000000	0.000001	-19.002424	0.000000	0.000887
6.750000	0.000004	-19.000556	0.000009	0.004235
7.500000	0.000017	-18.996149	0.000026	0.007230
8.250000	0.000038	-18.990523	0.000025	0.007004
9.000000	0.000048	-18.986988	0.000001	0.001510
9.750000	0.000054	-18.989348	0.000034	-0.008204
10.500000	0.000121	-18.999135	0.000148	-0.017215
11.250000	0.000255	-19.013288	0.000177	-0.018794
12.000000	0.000339	-19.024353	0.000038	-0.008726
12.750000	0.000352	-19.023958	0.000058	0.010752
13.500000	0.000529	-19.008198	0.000457	0.030229
14.250000	0.000995	-18.981835	0.000686	0.037042
15.000000	0.001378	-18.958073	0.000256	0.022613
15.750000	0.001432	-18.952691	0.000054	-0.010380
16.500000	0.001786	-18.974366	0.001063	-0.046105
17.250000	0.003014	-19.017064	0.002004	-0.063305
18.000000	0.004309	-19.060981	0.001166	-0.048300
18.750000	0.004664	-19.081901	0.000007	-0.003831
19.500000	0.004961	-19.064359	0.001238	0.049759
20.250000	0.006790	-19.012563	0.003439	0.082929
21.000000	0.009293	-18.951452	0.002604	0.072173
21.750000	0.010208	-18.916667	0.000099	0.014042
22.500000	0.010662	-18.936056	0.002171	-0.065900
23.250000	0.014382	-19.009480	0.007667	-0.123833
24.000000	0.020759	-19.106850	0.008165	-0.127789
24.750000	0.024940	-19.184897	0.002648	-0.072773
25.500000	0.025509	-19.206275	0.000169	0.018361
26.250000	0.027165	-19.159800	0.005013	0.100134
27.000000	0.032521	-19.070703	0.008101	0.127288
27.750000	0.037003	-18.989724	0.002949	0.076804
28.500000	0.037618	-18.972391	0.000695	-0.037287
29.250000	0.041729	-19.046331	0.012153	-0.155902
30.000000	0.055596	-19.188579	0.023845	-0.218380
30.750000	0.072914	-19.347832	0.020688	-0.203412
31.500000	0.083309	-19.470480	0.007041	-0.118667
32.250000	0.085072	-19.514591	0.000002	0.002149
33.000000	0.086529	-19.473063	0.004986	0.099862
33.750000	0.091786	-19.384742	0.007431	0.121913
34.500000	0.095178	-19.315427	0.001175	0.048483
35.250000	0.095937	-19.329533	0.004203	-0.091684
36.000000	0.106034	-19.448481	0.024708	-0.222297
36.750000	0.130864	-19.637749	0.041242	-0.287200
37.500000	0.160800	-19.845365	0.038535	-0.277616
38.250000	0.182851	-20.023852	0.020736	-0.203645
39.000000	0.191404	-20.133767	0.004041	-0.089902
39.750000	0.192194	-20.159518	0.000106	0.014589
40.500000	0.192918	-20.127940	0.001562	0.055886
41.250000	0.193585	-20.098079	0.000045	0.009466
42.000000	0.194685	-20.130479	0.005248	-0.102452
42.750000	0.204841	-20.250531	0.023652	-0.217493
43.500000	0.228787	-20.436457	0.040602	-0.284963
44.250000	0.259802	-20.647630	0.042883	-0.292859
45.000000	0.287088	-20.846004	0.030893	-0.248566
45.750000	0.303542	-21.000439	0.014264	-0.168904
46.500000	0.309616	-21.093740	0.003578	-0.084596
47.250000	0.310843	-21.135166	0.000602	-0.034697
48.000000	0.311287	-21.160815	0.000975	-0.044158
48.750000	0.313347	-21.214651	0.005644	-0.106246
49.500000	0.321460	-21.323026	0.017162	-0.185269
50.250000	0.338808	-21.481988	0.029538	-0.243057
51.000000	0.362594	-21.667812	0.034288	-0.261870
51.750000	0.386210	-21.852987	0.029342	-0.242246
52.500000	0.404038	-22.014251	0.019036	-0.195121
53.250000	0.414459	-22.137832	0.009767	-0.139766
54.000000	0.419667	-22.225491	0.005017	-0.100168
54.750000	0.422971	-22.295713	0.004439	-0.094218
55.500000	0.427196	-22.374845	0.007538	-0.122781
56.250000	0.435102	-22.482710	0.014266	-0.168916
57.000000	0.448515	-22.623011	0.021944	-0.209494
57.750000	0.466451	-22.785007	0.026200	-0.228911
58.500000	0.485467	-22.951738	0.024936	-0.223319
59.250000	0.501956	-23.107174	0.019612	-0.198050
60.000000	0.514134	-23.241035	0.013559	-0.164673
60.750000	0.522503	-23.352298	0.009467	-0.137598
61.500000	0.528907	-23.449865	0.008238	-0.128357
62.250000	0.535437	-23.548374	0.009764	-0.139742
63.000000	0.543963	-23.660689	0.013520	-0.164437
63.750000	0.555624	-23.791802	0.018012	-0.189801
64.500000	0.570134	-23.937858	0.021034	-0.205106
65.250000	0.585817	-24.089626	0.021175	-0.205790
66.000000	0.600610	-24.237084	0.018747	-0.193634
66.750000	0.613173	-24.373148	0.015312	-0.174996
67.500000	0.623388	-24.496031	0.012515	-0.158209
68.250000	0.632100	-24.609668	0.011285	-0.150233
69.000000	0.640555	-24.721646	0.011794	-0.153582
69.750000	0.649923	-24.839415	0.013675	-0.165381
70.500000	0.660919	-24.966866	0.016081	-0.179337
71.250000	0.673517	-25.103155	0.017907	-0.189247
72.000000	0.686973	-25.243942	0.018377	-0.191713
72.750000	0.700247	-25.383795	0.017470	-0.186924
73.500000	0.712547	-25.518493	0.015825	-0.177906
74.250000	0.723639	-25.646506	0.014273	-0.168956
75.000000	0.733826	-25.769277	0.013413	-0.163785
75.750000	0.743713	-25.890249	0.013450	-0.164011
76.500000	0.753916	-26.013112	0.014228	-0.168691
77.250000	0.764835	-26.140150	0.015331	-0.175108
78.000000	0.776520	-26.271498	0.016251	-0.180284
78.750000	0.788686	-26.405489	0.016621	-0.182322
79.500000	0.800892	-26.539692	0.016376	-0.180973
80.250000	0.812757	-26.672040	0.015737	-0.177409
81.000000	0.824120	-26.801598	0.015049	-0.173491
81.750000	0.835056	-26.928738	0.014601	-0.170887
82.500000	0.845798	-27.054760	0.014522	-0.170421
83.250000	0.856607	-27.181174	0.014769	-0.171864
84.000000	0.867668	-27.309027	0.015179	-0.174234
84.750000	0.879025	-27.438556	0.015552	-0.176362
85.500000	0.890593	-27.569262	0.015742	-0.177435
86.250000	0.902217	-27.700279	0.015709	-0.177250
87.000000	0.913753	-27.830808	0.015517	-0.176165
87.750000	0.925127	-27.960428	0.015282	-0.174825
88.500000	0.936346	-28.089184	0.015109	-0.173833
89.250000	0.947481	-28.217458	0.015052	-0.173506
90.000000	0.958617	-28.345738	0.015106	-0.173815
90.750000	0.969818	-28.474385	0.015220	-0.174473
91.500000	0.981105	-28.603521	0.015334	-0.175124
92.250000	0.992460	-28.733038	0.015401	-0.175507
93.000000	1.003842	-28.862704	0.015407	-0.175542
93.750000	1.015209	-28.992291	0.015367	-0.175313
94.500000	1.026540	-29.121670	0.015310	-0.174988
95.250000	1.037831	-29.250831	0.015265	-0.174726
96.000000	1.049099	-29.379855	0.015245	-0.174614
96.750000	1.060362	-29.508854	0.015251	-0.174647
97.500000	1.071635	-29.637911	0.015272	-0.174766
98.250000	1.082925	-29.767061	0.015294	-0.174893
99.000000	1.094228	-29.896288	0.015308	-0.174975
99.750000	1.105538	-30.025551	0.015312	-0.174995
100.500000	1.116847	-30.154810	0.015307	-0.174969
101.250000	1.128152	-30.284043	0.015300	-0.174926
102.000000	1.139451	-30.413247	0.015293	-0.174890
102.750000	1.150747	-30.542431	0.015290	-0.174872
103.500000	1.162042	-30.671609	0.015290	-0.174872
104.250000	1.173337	-30.800791	0.015292	-0.174881
105.000000	1.184634	-30.929980	0.015293	-0.174890
105.750000	1.195931	-31.059174	0.015294	-0.174896
106.500000	1.207229	-31.188371	0.015295	-0.174898
107.250000	1.218527	-31.317569	0.015295	-0.174897
108.000000	1.229826	-31.446765	0.015294	-0.174896
108.750000	1.241123	-31.575961	0.015294	-0.174896
109.500000	1.252421	-31.705157	0.015294	-0.174896
110.250000	1.263719	-31.834353	0.015294	-0.174896
111.000000	1.275017	-31.963549	0.015294	-0.174896
111.750000	1.286315	-32.092744	0.015294	-0.174896
112.500000	1.297613	-32.221940	0.015294	-0.174896
113.250000	1.308911	-32.351136	0.015294	-0.174896
114.000000	1.320209	-32.480332	0.015294	-0.174896
114.750000	1.331507	-32.609527	0.015294	-0.174896
115.500000	1.342804	-32.738723	0.015294	-0.174896
116.250000	1.354102	-32.867919	0.015294	-0.174896
117.000000	1.365400	-32.997115	0.015294	-0.174896
117.750000	1.376698	-33.126310	0.015294	-0.174896
118.500000	1.387996	-33.255506	0.015294	-0.174896
119.250000	1.399294	-33.384702	0.015294	-0.174896
120.000000	1.410592	-33.513898	0.015294	-0.174896
120.750000	1.421890	-33.643093	0.015294	-0.174896
121.500000	1.433188	-33.772289	0.015294	-0.174896
122.250000	1.444485	-33.901485	0.015294	-0.174896
123.000000	1.455783	-34.030681	0.015294	-0.174896
123.750000	1.467081	-34.159876	0.015294	-0.174896
124.500000	1.478379	-34.289072	0.015294	-0.174896
125.250000	1.489677	-34.418268	0.015294	-0.174896
126.000000	1.500975	-34.547464	0.015294	-0.174896
126.750000	1.512273	-34.676659	0.015294	-0.174896
127.500000	1.523571	-34.805855	0.015294	-0.174896
128.250000	1.534868	-34.935051	0.015294	-0.174896
129.000000	1.546166	-35.064247	0.015294	-0.174896
129.750000	1.557464	-35.193442	0.015294	-0.174896
130.500000	1.568762	-35.322638	0.015294	-0.174896
131.250000	1.580060	-35.451834	0.015294	-0.174896
132.000000	1.591358	-35.581029	0.015294	-0.174896
132.750000	1.602656	-35.710225	0.015294	-0.174896
133.500000	1.613954	-35.839421	0.015294	-0.174896
134.250000	1.625252	-35.968617	0.015294	-0.174896
135.000000	1.636549	-36.097812	0.015294	-0.174896
135.750000	1.647847	-36.227008	0.015294	-0.174896
136.500000	1.659145	-36.356204	0.015294	-0.174896
137.250000	1.670443	-36.485400	0.015294	-0.174896
138.000000	1.681741	-36.614595	0.015294	-0.174896
138.750000	1.693039	-36.743791	0.015294	-0.174896
139.500000	1.704337	-36.872987	0.015294	-0.174896
140.250000	1.715635	-37.002183	0.015294	-0.174896
141.000000	1.726932	-37.131378	0.015294	-0.174896
141.750000	1.738230	-37.260574	0.015294	-0.174896
142.500000	1.749528	-37.389770	0.015294	-0.174896
143.250000	1.760826	-37.518966	0.015294	-0.174896
144.000000	1.772124	-37.648161	0.015294	-0.174896
144.750000	1.783422	-37.777357	0.015294	-0.174896
145.500000	1.794720	-37.906553	0.015294	-0.174896
146.250000	1.806018	-38.035749	0.015294	-0.174896
147.000000	1.817316	-38.164944	0.015294	-0.174896
147.750000	1.828613	-38.294140	0.015294	-0.174896
148.500000	1.839911	-38.423336	0.015294	-0.174896
149.250000	1.851209	-38.552532	0.015294	-0.174896