y	z	phi	r	period	thetamin	thetamax
1.00000000038472e-01	2.85000516409297e-20	2.85000516299652e-19	1.00000000038472e-01	9.56550000000028e+02	-1.38561935136850e-02	1.44388223551557e-02
2.00000000076851e-01	5.68634670638981e-20	2.84317335210240e-19	2.00000000076851e-01	9.87950000000035e+02	-1.41427769280354e-02	1.46686300461884e-02
3.00000000115047e-01	8.49547012483159e-20	2.83182337385789e-19	3.00000000115047e-01	1.03505000000003e+03	-2.09147841122710e-02	2.18205455303642e-02
4.00000000152967e-01	1.12640379374583e-19	2.81600948328768e-19	4.00000000152967e-01	1.09584999999998e+03	-2.80733251998113e-02	2.86768504410494e-02
5.00000000190522e-01	1.39790351615296e-19	2.79580703124059e-19	5.00000000190522e-01	1.15881999999988e+03	-3.67252181204645e-02	3.73364426911558e-02
6.00000000227622e-01	1.66278712042522e-19	2.77131186632401e-19	6.00000000227622e-01	1.29998666666642e+03	-5.20137427967244e-02	5.30744358888819e-02
7.00000000264182e-01	1.91984770492679e-19	2.74263957743176e-19	7.00000000264182e-01	1.38708666666634e+03	-8.12845762370916e-02	8.21278458441081e-02
8.00000000300116e-01	2.16793966900640e-19	2.70992458524139e-19	8.00000000300116e-01	1.36043999999970e+03	-1.27187378580583e-01	1.28996038351150e-01
9.00000000335342e-01	2.40598718430070e-19	2.67331909267136e-19	9.00000000335342e-01	1.20533999999984e+03	-1.96843219694926e-01	1.99836708694847e-01
1.00000000036978e+00	2.63299190673582e-19	2.63299190576219e-19	1.00000000036978e+00	1.08983333333332e+03	-2.90921297199457e-01	2.97770623682753e-01
1.10000000040336e+00	2.84803985257873e-19	2.58912713775853e-19	1.10000000040336e+00	9.51633333333360e+02	-4.03164512225995e-01	4.21601734111750e-01
1.20000000043600e+00	3.05030737347293e-19	2.54192281030388e-19	1.20000000043600e+00	8.69700000000035e+02	-5.72529081177960e-01	6.16380478634317e-01
1.30000000046763e+00	3.23906617774866e-19	2.49158936660271e-19	1.30000000046763e+00	7.81390476190491e+02	4.11324238145006e-02	3.11563524428951e+00
1.40000000049819e+00	3.41368735821846e-19	2.43834811214550e-19	1.40000000049819e+00	7.21554166666688e+02	4.58083478801562e-02	3.11529303508974e+00
1.50000000052762e+00	3.57364439994139e-19	2.38242959912291e-19	1.50000000052762e+00	6.64825925925951e+02	4.56709032015616e-02	3.11539962484049e+00
1.60000000055586e+00	3.71851515484744e-19	2.32407197097224e-19	1.60000000055586e+00	6.14637037037050e+02	4.22768611383084e-02	3.11398590814637e+00
1.70000000058286e+00	3.84798278344327e-19	2.26351928360233e-19	1.70000000058286e+00	5.78566666666685e+02	4.89190856058982e-02	3.11157299045549e+00
1.80000000060856e+00	3.96183567686190e-19	2.20101981973469e-19	1.80000000060856e+00	5.41316666666676e+02	4.69219302761161e-02	3.11143336411533e+00
1.90000000063293e+00	4.05996638507391e-19	2.13682441248497e-19	1.90000000063293e+00	5.15700000000014e+02	5.27394866721387e-02	3.11171261679565e+00
2.00000000065593e+00	4.14236958895873e-19	2.07118479380009e-19	2.00000000065593e+00	4.88154545454553e+02	5.08348961258998e-02	3.11162971365618e+00
2.10000000067753e+00	4.20913916497202e-19	2.00435198267334e-19	2.10000000067753e+00	4.69241666666679e+02	5.37885542189624e-02	3.10892008999246e+00
2.20000000069769e+00	4.26046440118781e-19	1.93657472719849e-19	2.20000000069769e+00	4.49466666666674e+02	5.35641547437060e-02	3.10973690408239e+00
2.30000000071639e+00	4.29662543241186e-19	1.86809801351025e-19	2.30000000071639e+00	4.33661538461550e+02	5.79938003852676e-02	3.10850121097198e+00
2.40000000073361e+00	4.31798796974969e-19	1.79916165351242e-19	2.40000000073361e+00	4.19700000000008e+02	5.78576647036120e-02	3.10389354174672e+00
2.50000000074935e+00	4.32499740638622e-19	1.72999896203594e-19	2.50000000074935e+00	4.06200000000005e+02	5.52396708256205e-02	3.10546433807351e+00
2.60000000076358e+00	4.31817238633792e-19	1.66083553271913e-19	2.60000000076358e+00	3.96771428571438e+02	6.14181363776805e-02	3.10179914664432e+00
2.70000000077632e+00	4.29809792654107e-19	1.59188812048343e-19	2.70000000077632e+00	3.87721428571436e+02	6.32638220616645e-02	3.10106610835849e+00
2.80000000078755e+00	4.26541818483588e-19	1.52336363701291e-19	2.80000000078755e+00	3.78321428571434e+02	6.05018385203834e-02	3.10138026762384e+00
2.90000000079729e+00	4.22082896721387e-19	1.45545826415636e-19	2.90000000079729e+00	3.87709523809531e+02	6.56592864600267e-02	3.10194575430149e+00
3.00000000080555e+00	4.16507006715695e-19	1.38835668867952e-19	3.00000000080555e+00	3.53453333333338e+02	6.92197581340951e-02	3.09457348354107e+00
3.10000000081234e+00	4.09891752807461e-19	1.32223146032274e-19	3.10000000081234e+00	3.46773333333337e+02	7.46651854003174e-02	3.09811301126411e+00
3.20000000081767e+00	4.02317591682267e-19	1.25724247368583e-19	3.20000000081767e+00	3.59373333333340e+02	6.77798615011998e-02	3.08920659609118e+00
3.30000000082158e+00	3.93867069216307e-19	1.19353657308560e-19	3.30000000082158e+00	3.39085416666672e+02	8.78467845760046e-02	3.07750416345656e+00
3.40000000082410e+00	3.84624074691388e-19	1.13124727822989e-19	3.40000000082410e+00	6.91750000000014e+02	5.12812640820974e-01	2.73742675870547e+00
9.96194698419447e-02	8.71557427480000e-03	8.72664625714960e-02	1.00000000032648e-01	9.48950000000026e+02	-8.45620677116469e-02	8.52565414331200e-02
1.99238939685810e-01	1.74311485500000e-02	8.72664625726514e-02	2.00000000067245e-01	9.62850000000029e+02	-8.50178408066903e-02	8.60934479068379e-02
2.98858409528518e-01	2.61467228240000e-02	8.72664625693880e-02	3.00000000100584e-01	1.00195000000004e+03	-8.69435766880974e-02	8.96345988163700e-02
3.98477879370990e-01	3.48622970990000e-02	8.72664625702982e-02	4.00000000133775e-01	1.07425000000000e+03	-8.96614196349240e-02	9.11542348417473e-02
4.98097349213150e-01	4.35778713740000e-02	8.72664625708987e-02	5.00000000166656e-01	1.15331999999989e+03	-9.18771861511724e-02	9.26528171835638e-02
5.97716819054920e-01	5.22934456490000e-02	8.72664625713556e-02	6.00000000199147e-01	1.23671999999981e+03	-1.00163836936169e-01	1.01434172802781e-01
6.97336288886227e-01	6.10090199230000e-02	8.72664625715617e-02	7.00000000221129e-01	1.36468666666636e+03	-1.19596505331346e-01	1.21615105288401e-01
7.96955758726999e-01	6.97245941980000e-02	8.72664625719303e-02	8.00000000252627e-01	1.38838666666634e+03	-1.55471876439123e-01	1.58957108289135e-01
8.96575228567164e-01	7.84401684730000e-02	8.72664625722757e-02	9.00000000283519e-01	1.31838666666640e+03	-2.19773255674527e-01	2.22613255433373e-01
9.96194698406656e-01	8.71557427480000e-02	8.72664625726108e-02	1.00000000031374e+00	1.18003999999986e+03	-3.04451744059387e-01	3.13463626985685e-01
1.09581416824541e+00	9.58713170220000e-02	8.72664625720377e-02	1.10000000034314e+00	1.09313333333331e+03	-4.23447419795734e-01	4.41438647724417e-01
1.19543363807336e+00	1.04586891300000e-01	8.72664625756655e-02	1.20000000036213e+00	9.68033333333364e+02	-5.75932473219349e-01	6.39628264270882e-01
1.29505310790045e+00	1.13302465570000e-01	8.72664625726624e-02	1.30000000037956e+00	8.92900000000041e+02	3.45749724820077e-02	3.11708823089179e+00
1.39467257772662e+00	1.22018039850000e-01	8.72664625772613e-02	1.40000000039695e+00	8.02690476190496e+02	3.28645498150532e-02	3.11847053165937e+00
1.49429204755182e+00	1.30733614120000e-01	8.72664625746620e-02	1.50000000041250e+00	7.44854166666694e+02	3.89361139504285e-02	3.11502874237444e+00
1.59391151737600e+00	1.39449188400000e-01	8.72664625786695e-02	1.60000000042790e+00	6.83216666666680e+02	3.42433599241287e-02	3.11614575309572e+00
1.69353098729912e+00	1.48164762670000e-01	8.72664625712730e-02	1.70000000054100e+00	6.39037037037056e+02	4.21601734111750e-02	3.11400947009128e+00
1.79315045712113e+00	1.56880336950000e-01	8.72664625751285e-02	1.80000000055424e+00	5.96151851851861e+02	4.18224522009141e-02	3.11378955860552e+00
1.89276992694200e+00	1.65595911220000e-01	8.72664625733874e-02	1.90000000056548e+00	5.62316666666681e+02	4.34761516671787e-02	3.11033380668657e+00
1.99238939676170e+00	1.74311485500000e-01	8.72664625768523e-02	2.00000000057642e+00	5.31316666666674e+02	4.49836798085888e-02	3.11029453677840e+00
2.09200886658019e+00	1.83027059770000e-01	8.72664625752936e-02	2.10000000058528e+00	5.06400000000012e+02	4.69668101711674e-02	3.10766345293102e+00
2.19162833639745e+00	1.91742634040000e-01	8.72664625739254e-02	2.20000000059292e+00	4.81790909090916e+02	5.01398187512931e-02	3.11098456516482e+00
2.29124780621347e+00	2.00458208320000e-01	8.72664625770544e-02	2.30000000060020e+00	4.64066666666678e+02	5.26441168951547e-02	3.10766345293102e+00
2.39086727602822e+00	2.09173782590000e-01	8.72664625758180e-02	2.40000000060534e+00	4.44875000000007e+02	5.34384910375624e-02	3.10797761219638e+00
2.49048674584169e+00	2.17889356870000e-01	8.72664625787099e-02	2.50000000061007e+00	4.32200000000011e+02	5.82765437240907e-02	3.10640681586959e+00
2.59010621565388e+00	2.26604931140000e-01	8.72664625775907e-02	2.60000000061266e+00	4.19600000000008e+02	5.82765437240907e-02	3.10179914664432e+00
2.68972568546479e+00	2.35320505420000e-01	8.72664625802854e-02	2.70000000061484e+00	4.07161538461544e+02	5.81718239689710e-02	3.10334376303234e+00
2.78934515537441e+00	2.44036079690000e-01	8.72664625761572e-02	2.80000000071449e+00	3.98921428571438e+02	6.34078117249540e-02	3.10106610835849e+00
2.88896462518275e+00	2.52751653970000e-01	8.72664625787927e-02	2.90000000071412e+00	3.83009523809530e+02	6.35387114188536e-02	3.09939059227657e+00
2.98858409498982e+00	2.61467228240000e-01	8.72664625779687e-02	3.00000000071160e+00	4.00561538461542e+02	5.78053048260522e-02	3.09651079901078e+00
3.08820356479563e+00	2.70182802520000e-01	8.72664625804469e-02	3.10000000070871e+00	3.56553333333339e+02	6.84867198482575e-02	3.09767318829261e+00
3.18782303460020e+00	2.78898376790000e-01	8.72664625796908e-02	3.20000000070371e+00	3.30862500000005e+02	7.66548607475910e-02	3.08483454631494e+00
3.28744250440355e+00	2.87613951070000e-01	8.72664625820316e-02	3.30000000069836e+00	3.84076190476196e+02	7.39059671756999e-02	3.08200711292671e+00
3.38706197420570e+00	2.96329525340000e-01	8.72664625813354e-02	3.40000000069095e+00	5.73330000000016e+02	3.75263242471301e-01	2.97069001323451e+00
9.84807753281668e-02	1.73648177670000e-02	1.74532925155665e-01	1.00000000026590e-01	9.48450000000026e+02	-1.68987859516419e-01	1.69805177321631e-01
1.96961550654268e-01	3.47296355330000e-02	1.74532925152534e-01	2.00000000050972e-01	9.61450000000029e+02	-1.69705163155507e-01	1.70456443137819e-01
2.95442325981240e-01	5.20944533000000e-02	1.74532925154269e-01	3.00000000076385e-01	9.93950000000036e+02	-1.69498590100103e-01	1.71426239130883e-01
3.93923101308017e-01	6.94592710670000e-02	1.74532925155221e-01	4.00000000101607e-01	1.06645000000000e+03	-1.71945324123933e-01	1.75163425391716e-01
4.92403876644536e-01	8.68240888330000e-02	1.74532925150440e-01	5.00000000136248e-01	1.14321999999990e+03	-1.75451749191174e-01	1.75946018561673e-01
5.90884651970735e-01	1.04188906600000e-01	1.74532925151880e-01	6.00000000160900e-01	1.20951999999984e+03	-1.79837699461230e-01	1.82519393190263e-01
6.89365427296551e-01	1.21553724370000e-01	1.74532925157225e-01	7.00000000185696e-01	1.36541999999969e+03	-1.92397866090096e-01	1.94084054316069e-01
7.87846202621926e-01	1.38918542130000e-01	1.74532925149019e-01	8.00000000208321e-01	1.51862499999975e+03	-2.21805332643402e-01	2.22813718964602e-01
8.86326977946801e-01	1.56283359900000e-01	1.74532925153675e-01	9.00000000232190e-01	2.14281111111068e+03	-2.69269396997685e-01	2.78603828503057e-01
9.84807753271120e-01	1.73648177670000e-01	1.74532925157496e-01	1.00000000025551e+00	2.26813333333279e+03	-2.97037585396915e-01	3.44632714098800e-01
1.08328852858483e+00	1.91012995430000e-01	1.74532925153345e-01	1.10000000026665e+00	2.05473333333298e+03	-5.22446858291982e-01	5.79309685321958e-01
1.18176930390788e+00	2.08377813200000e-01	1.74532925156741e-01	1.20000000028872e+00	1.83844999999946e+03	1.33251614114048e-01	3.00842839498576e+00
1.28025007923022e+00	2.25742630970000e-01	1.74532925159709e-01	1.30000000031009e+00	1.63214999999965e+03	1.33938661193147e-01	3.00689224857793e+00
1.37873085455180e+00	2.43107448730000e-01	1.74532925155313e-01	1.40000000032898e+00	1.58397499999970e+03	1.32854026329495e-01	3.01236099578962e+00
1.47721162987258e+00	2.60472266500000e-01	1.74532925158161e-01	1.50000000034882e+00	1.56227499999972e+03	1.30775339190370e-01	3.01530062891548e+00
1.57569240519252e+00	2.77837084270000e-01	1.74532925160745e-01	1.60000000036783e+00	1.52353333333308e+03	1.26072113188558e-01	3.01883492065077e+00
1.67417318051158e+00	2.95201902030000e-01	1.74532925157321e-01	1.70000000038423e+00	1.48803333333312e+03	1.22693473089289e-01	3.02494436636423e+00
1.77265395582973e+00	3.12566719800000e-01	1.74532925159837e-01	1.80000000040148e+00	1.46581666666647e+03	1.11954938200654e-01	3.03146237778895e+00
1.87113473114695e+00	3.29931537570000e-01	1.74532925162172e-01	1.90000000041781e+00	1.45819166666648e+03	1.04856264800441e-01	3.03739173725686e+00
1.96961550646319e+00	3.47296355330000e-01	1.74532925159436e-01	2.00000000043144e+00	1.46729166666647e+03	9.51706224496858e-02	3.04764820016934e+00
2.06809628177843e+00	3.64661173100000e-01	1.74532925161732e-01	2.10000000044582e+00	1.49719999999977e+03	8.61224786081820e-02	3.05775401764099e+00
2.16657705709267e+00	3.82025990870000e-01	1.74532925163898e-01	2.20000000045921e+00	1.55719999999972e+03	7.28325896857234e-02	3.07292113417368e+00
2.26505783240587e+00	3.99390808630000e-01	1.74532925161673e-01	2.30000000046985e+00	1.62749999999966e+03	4.69063949278291e-02	3.09648307907560e+00
2.36353860771804e+00	4.16755626400000e-01	1.74532925163811e-01	2.40000000048121e+00	7.58112500000031e+02	1.69283511833819e-02	3.13082397210499e+00
2.46201938302915e+00	4.34120444170000e-01	1.74532925165852e-01	2.50000000049152e+00	6.13866666666680e+02	2.62672052425147e-02	3.12488509265934e+00
2.56050015833920e+00	4.51485261930000e-01	1.74532925164019e-01	2.60000000049905e+00	5.62200000000014e+02	3.14944663522377e-02	3.12029963671546e+00
2.65898093364820e+00	4.68850079700000e-01	1.74532925166036e-01	2.70000000050729e+00	5.21809090909107e+02	3.96154833617673e-02	3.11478439627916e+00
2.75746170895613e+00	4.86214897470000e-01	1.74532925167976e-01	2.80000000051447e+00	4.94309090909100e+02	4.43278723421520e-02	3.11256433747062e+00
2.85594248426301e+00	5.03579715230000e-01	1.74532925166449e-01	2.90000000051888e+00	4.21141025641034e+02	5.76482251933727e-02	3.10331758309356e+00
2.95442325956884e+00	5.20944533000000e-01	1.74532925168367e-01	3.00000000052399e+00	4.67766666666678e+02	4.64955712731289e-02	3.10436478064475e+00
3.05290403487363e+00	5.38309350770000e-01	1.74532925170220e-01	3.10000000052808e+00	3.60173333333340e+02	7.30734451224986e-02	3.09268852794891e+00
3.15138481017740e+00	5.55674168530000e-01	1.74532925168935e-01	3.20000000052943e+00	4.37017948717960e+02	4.94800842940392e-02	3.11197192285595e+00
3.24986558548016e+00	5.73038986300000e-01	1.74532925170765e-01	3.30000000053152e+00	4.05158974358978e+02	7.00051562974926e-02	3.09666787864346e+00
9.65925826501822e-02	2.58819045100000e-02	2.61799387741650e-01	1.00000000020485e-01	9.49194444444471e+02	-2.54152227681536e-01	2.55930807236729e-01
1.93185165302314e-01	5.17638090210000e-02	2.61799387743957e-01	2.00000000043112e-01	9.58850000000028e+02	-2.55032946572852e-01	2.56146496867124e-01
2.89777747953344e-01	7.76457135310000e-02	2.61799387742456e-01	3.00000000064416e-01	9.86850000000035e+02	-2.54258577508316e-01	2.57535199370677e-01
3.86370330604222e-01	1.03527618040000e-01	2.61799387739390e-01	4.00000000085315e-01	1.05435000000002e+03	-2.56805146711900e-01	2.59301513640266e-01
4.82962913244899e-01	1.29409522550000e-01	2.61799387744762e-01	5.00000000096619e-01	1.12491999999991e+03	-2.60800327554742e-01	2.61879467611888e-01
5.79555495895326e-01	1.55291427060000e-01	2.61799387744138e-01	6.00000000117340e-01	1.18791999999986e+03	-2.64471352627856e-01	2.66022482751303e-01
6.76148078545456e-01	1.81173331570000e-01	2.61799387743802e-01	7.00000000137775e-01	1.33461999999972e+03	-2.76457491149246e-01	2.78690169284762e-01
7.72740661195240e-01	2.07055236080000e-01	2.61799387743661e-01	8.00000000157876e-01	1.52722499999975e+03	-3.05293690890549e-01	3.05458419618385e-01
8.69333243844636e-01	2.32937140590000e-01	2.61799387743664e-01	9.00000000177602e-01	1.64732499999964e+03	-3.45402404298930e-01	3.61538409565931e-01
9.65925826493598e-01	2.58819045100000e-01	2.61799387743778e-01	1.00000000019691e+00	1.61163333333300e+03	-4.10606159824186e-01	4.47755492952885e-01
1.06251840912208e+00	2.84700949610000e-01	2.61799387748691e-01	1.10000000019643e+00	1.55689166666639e+03	2.38702136810569e-01	2.90748902302592e+00
1.15911099174006e+00	3.10582854120000e-01	2.61799387755049e-01	1.20000000018581e+00	1.48396666666645e+03	2.43701910118925e-01	2.90600092450574e+00
1.25570357445747e+00	3.36464758630000e-01	2.61799387740634e-01	1.30000000027124e+00	1.39299999999967e+03	2.40396517848370e-01	2.90397604924078e+00
1.35229615707430e+00	3.62346663140000e-01	2.61799387746873e-01	1.40000000025950e+00	1.28053333333311e+03	2.41038696346677e-01	2.90418249675801e+00
1.44888873969050e+00	3.88228567650000e-01	2.61799387752388e-01	1.50000000024717e+00	1.22013999999983e+03	2.42699252463574e-01	2.90415806214848e+00
1.54548132240605e+00	4.14110472160000e-01	2.61799387741143e-01	1.60000000033079e+00	1.19772666666651e+03	2.42311041371381e-01	2.90881429705728e+00
1.64207390502091e+00	4.39992376670000e-01	2.61799387746550e-01	1.70000000031716e+00	1.17908666666653e+03	2.40576184094898e-01	2.91053775389666e+00
1.73866648763507e+00	4.65874281180000e-01	2.61799387751458e-01	1.80000000030285e+00	1.15343333333322e+03	2.39658639573850e-01	2.91427598515505e+00
1.83525907024849e+00	4.91756185690000e-01	2.61799387755949e-01	1.90000000028782e+00	1.13123333333324e+03	2.30697620528610e-01	2.91608520592430e+00
1.93185165296115e+00	5.17638090210000e-01	2.61799387751979e-01	2.00000000037125e+00	1.11633333333325e+03	2.26758309740433e-01	2.91812875153022e+00
2.02844423557304e+00	5.43519994720000e-01	2.61799387756206e-01	2.10000000035474e+00	1.10739999999993e+03	2.24513918988795e-01	2.92282206201271e+00
2.12503681818414e+00	5.69401899230000e-01	2.61799387760142e-01	2.20000000033748e+00	1.10173333333331e+03	2.19848653898214e-01	2.92695904349654e+00
2.22162940089443e+00	5.95283803740000e-01	2.61799387752574e-01	2.30000000041602e+00	1.10373333333330e+03	2.14605684825223e-01	2.93087032635026e+00
2.31822198350392e+00	6.21165708250000e-01	2.61799387756507e-01	2.40000000039720e+00	1.11339999999992e+03	2.08994451280061e-01	2.93827697250856e+00
2.41481456611258e+00	6.47047612760000e-01	2.61799387760212e-01	2.50000000037758e+00	1.12829999999991e+03	2.01925867809484e-01	2.94257275898488e+00
2.51140714882042e+00	6.72929517270000e-01	2.61799387753758e-01	2.60000000045376e+00	1.15121999999989e+03	1.95911961872612e-01	2.95036390876578e+00
2.60799973142743e+00	6.98811421780000e-01	2.61799387757448e-01	2.70000000043254e+00	1.18261999999986e+03	1.90986393390734e-01	2.95860535349370e+00
2.70459231403362e+00	7.24693326290000e-01	2.61799387760951e-01	2.80000000041053e+00	1.21020666666650e+03	1.81976754459189e-01	2.96861656208314e+00
2.80118489663898e+00	7.50575230800000e-01	2.61799387764285e-01	2.90000000038773e+00	1.40680666666632e+03	1.28962378429861e-01	3.01545770854816e+00
2.99437006194726e+00	8.02339039820000e-01	2.61799387762164e-01	3.10000000043634e+00	1.39351999999967e+03	1.68912965008011e-01	2.98384543247142e+00
3.18755522725236e+00	8.54102848840000e-01	2.61799387760549e-01	3.30000000048189e+00	1.63216666666631e+03	1.30869773969541e-01	3.02566788467233e+00
9.39692620940363e-02	3.42020143330000e-02	3.49065850350109e-01	1.00000000014662e-01	9.48494444444471e+02	-3.39854351672690e-01	3.41686598321434e-01
1.87938524190037e-01	6.84040286650000e-02	3.49065850342052e-01	2.00000000030828e-01	9.57450000000028e+02	-3.40985325027982e-01	3.42680438664070e-01
2.81907786284965e-01	1.02606043000000e-01	3.49065850349986e-01	3.00000000047012e-01	9.78850000000033e+02	-3.40672063360524e-01	3.43843662920689e-01
3.75877048369786e-01	1.36808057330000e-01	3.49065850350848e-01	4.00000000051989e-01	1.04015000000003e+03	-3.43234322246897e-01	3.46716086069076e-01
4.69846310464463e-01	1.71010071660000e-01	3.49065850344624e-01	5.00000000066227e-01	1.10064999999997e+03	-3.47168428169198e-01	3.49562242571419e-01
5.63815572558964e-01	2.05212086000000e-01	3.49065850356237e-01	6.00000000083720e-01	1.16751999999987e+03	-3.53266769162861e-01	3.54540814006276e-01
6.57784834653253e-01	2.39414100330000e-01	3.49065850351211e-01	7.00000000097593e-01	1.22711999999982e+03	-3.66545322857589e-01	3.70071347243789e-01
7.51754096747297e-01	2.73616114660000e-01	3.49065850347546e-01	8.00000000111237e-01	1.37751999999968e+03	-3.99914272826469e-01	4.05241286215748e-01
8.45723358841065e-01	3.07818128990000e-01	3.49065850344800e-01	9.00000000124621e-01	1.44169166666649e+03	-4.59183036230318e-01	4.71673887790504e-01
9.39692620934525e-01	3.42020143330000e-01	3.49065850352106e-01	1.00000000014114e+00	1.40948666666632e+03	-5.60888528398636e-01	5.89153342303206e-01
1.03366188305765e+00	3.76222157660000e-01	3.49065850340317e-01	1.10000000018211e+00	1.31353333333308e+03	3.33390300388454e-01	2.80995621225795e+00
1.12763114507040e+00	4.10424171990000e-01	3.49065850361952e-01	1.20000000011936e+00	1.21793333333316e+03	3.37468137519364e-01	2.80672304281446e+00
1.22160040718277e+00	4.44626186320000e-01	3.49065850354049e-01	1.30000000015022e+00	1.18683333333319e+03	3.40225244405382e-01	2.80928607066714e+00
1.31556966929471e+00	4.78828200660000e-01	3.49065850354092e-01	1.40000000018410e+00	1.14619999999989e+03	3.42525229027017e-01	2.80897048986664e+00
1.40953893140621e+00	5.13030214990000e-01	3.49065850347965e-01	1.50000000021415e+00	1.09931666666664e+03	3.38428068607960e-01	2.80881231177499e+00
1.50350819351725e+00	5.47232229320000e-01	3.49065850342703e-01	1.60000000024376e+00	1.04457222222225e+03	3.37498680781273e-01	2.80926927070642e+00
1.59747745552780e+00	5.81434243650000e-01	3.49065850358277e-01	1.70000000017895e+00	9.97888888888926e+02	3.38423448618764e-01	2.80811259341124e+00
1.69144671763785e+00	6.15636257990000e-01	3.49065850358434e-01	1.80000000021105e+00	9.78655555555588e+02	3.38820767689659e-01	2.81021174850250e+00
1.78541597974738e+00	6.49838272320000e-01	3.49065850353724e-01	1.90000000023925e+00	9.67777777777809e+02	3.38618808161928e-01	2.81661234686845e+00
1.87938524185636e+00	6.84040286650000e-01	3.49065850349578e-01	2.00000000026693e+00	9.60527777777806e+02	3.37544495674138e-01	2.81773372091286e+00
1.97335450396480e+00	7.18242300980000e-01	3.49065850345915e-01	2.10000000029410e+00	9.53783333333361e+02	3.36531893042044e-01	2.81804002619658e+00
2.06732376597268e+00	7.52444315320000e-01	3.49065850362490e-01	2.20000000023019e+00	9.48583333333360e+02	3.32176299227317e-01	2.82103596319078e+00
2.16129302807999e+00	7.86646329650000e-01	3.49065850358752e-01	2.30000000025630e+00	9.45633333333359e+02	3.29710148994249e-01	2.82594113172036e+00
2.25526229018672e+00	8.20848343980000e-01	3.49065850355408e-01	2.40000000028187e+00	9.47700000000026e+02	3.28857430988274e-01	2.82833098613184e+00
2.34923155229287e+00	8.55050358310000e-01	3.49065850352411e-01	2.50000000030689e+00	9.53200000000028e+02	3.23453143625849e-01	2.83096767996610e+00
2.44320081429844e+00	8.89252372650000e-01	3.49065850366490e-01	2.60000000024081e+00	9.61750000000030e+02	3.19971211768120e-01	2.83481613096675e+00
2.53717007640342e+00	9.23454386980000e-01	3.49065850363453e-01	2.70000000026473e+00	9.71850000000032e+02	3.16075636877669e-01	2.83922864064838e+00
2.63113933850781e+00	9.57656401310000e-01	3.49065850360705e-01	2.80000000028810e+00	9.83088888888923e+02	3.07012142072063e-01	2.83890020141642e+00
2.72510860061161e+00	9.91858415640000e-01	3.49065850358216e-01	2.90000000031091e+00	1.00558888888893e+03	3.01540534867060e-01	2.84590595303392e+00
2.81907786271484e+00	1.02606043000000e+00	3.49065850365355e-01	3.00000000034344e+00	1.10363333333330e+03	2.91853957518492e-01	2.86205373927337e+00
2.91304712471749e+00	1.06026244430000e+00	3.49065850364942e-01	3.10000000026094e+00	1.06523333333334e+03	3.24055282217787e-01	2.82869002529225e+00
3.00701638681958e+00	1.09446445860000e+00	3.49065850353928e-01	3.20000000027189e+00	1.12266666666658e+03	3.24526521115826e-01	2.84209415394757e+00
3.10098564892111e+00	1.12866647300000e+00	3.49065850372114e-01	3.30000000031651e+00	4.34588888888892e+02	1.01159283445591e-01	3.06493779284220e+00
9.06307787127760e-02	4.22618261740000e-02	4.36332312959444e-01	1.00000000008228e-01	9.46894444444470e+02	-4.27215460984415e-01	4.28988964837192e-01
1.81261557427531e-01	8.45236523480000e-02	4.36332312955262e-01	2.00000000018249e-01	9.55194444444472e+02	-4.28056611110463e-01	4.29697376719078e-01
2.71892336136244e-01	1.26785478520000e-01	4.36332312956338e-01	3.00000000021949e-01	9.70694444444476e+02	-4.27099521255532e-01	4.31291067243348e-01
3.62523114844894e-01	1.69047304700000e-01	4.36332312975068e-01	4.00000000028974e-01	1.00849444444448e+03	-4.32207630079783e-01	4.34189048677134e-01
4.53153893563461e-01	2.11309130870000e-01	4.36332312959798e-01	5.00000000040759e-01	1.06999444444445e+03	-4.35522916557970e-01	4.37445676763213e-01
5.43784672271924e-01	2.53570957040000e-01	4.36332312956735e-01	6.00000000043388e-01	1.12583333333325e+03	-4.44532555489515e-01	4.46577395707789e-01
6.34415450990264e-01	2.95832783220000e-01	4.36332312961531e-01	7.00000000059194e-01	1.17603333333320e+03	-4.68282944950773e-01	4.70380196046488e-01
7.25046229698461e-01	3.38094609390000e-01	4.36332312959157e-01	8.00000000061581e-01	1.20203333333318e+03	-5.10233916851152e-01	5.20188838572215e-01
8.15677008406497e-01	3.80356435570000e-01	4.36332312967457e-01	9.00000000068049e-01	1.21033333333317e+03	-5.90567058997321e-01	6.30692178500671e-01
9.06307787124353e-01	4.22618261740000e-01	4.36332312960884e-01	1.00000000007919e+00	1.19363333333318e+03	4.23536057588461e-01	2.72272595308234e+00
9.96938565832012e-01	4.64880087910000e-01	4.36332312959423e-01	1.10000000008109e+00	1.16853333333321e+03	4.29570907476356e-01	2.71950759753134e+00
1.08756934449946e+00	5.07141914090000e-01	4.36332312979920e-01	1.20000000005077e+00	1.11883333333325e+03	4.28206932665923e-01	2.71815308777569e+00
1.17820012320667e+00	5.49403740260000e-01	4.36332312977366e-01	1.30000000005227e+00	1.05759444444446e+03	4.28992330829320e-01	2.71628384014681e+00
1.26883090201365e+00	5.91665566440000e-01	4.36332312951532e-01	1.40000000014841e+00	9.90866666666703e+02	4.33116354142082e-01	2.71535707031400e+00
1.35946168072036e+00	6.33927392610000e-01	4.36332312951352e-01	1.50000000014945e+00	9.65716666666697e+02	4.33112180528653e-01	2.71807978394711e+00
1.45009245942680e+00	6.76189218790000e-01	4.36332312956930e-01	1.60000000015447e+00	9.46972222222248e+02	4.34408960162885e-01	2.71835280330867e+00
1.54072323813296e+00	7.18451044960000e-01	4.36332312956590e-01	1.70000000015501e+00	9.21988888888909e+02	4.30470691833808e-01	2.71646266926709e+00
1.63135401683882e+00	7.60712871130000e-01	4.36332312956358e-01	1.80000000015528e+00	8.97433333333375e+02	4.29598515411797e-01	2.71643699278867e+00
1.72198479554438e+00	8.02974697310000e-01	4.36332312960988e-01	1.90000000015950e+00	8.72880952380989e+02	4.28513237949648e-01	2.71873428241661e+00
1.81261557424963e+00	8.45236523480000e-01	4.36332312960688e-01	2.00000000015922e+00	8.48414285714316e+02	4.31722150445815e-01	2.72021083096379e+00
1.90324635295455e+00	8.87498349660000e-01	4.36332312964800e-01	2.10000000016286e+00	8.34300000000028e+02	4.28002729143440e-01	2.71948041067183e+00
1.99387713165915e+00	9.29760175830000e-01	4.36332312964479e-01	2.20000000016199e+00	8.27928571428597e+02	4.29502839635529e-01	2.72018726901889e+00
2.08450791036342e+00	9.72022002000000e-01	4.36332312964247e-01	2.30000000016082e+00	8.25400000000026e+02	4.26196313367625e-01	2.72049357430262e+00
2.17513868906735e+00	1.01428382820000e+00	4.36332312975423e-01	2.40000000017202e+00	8.24857142857168e+02	4.25018216122529e-01	2.72234711396824e+00
2.26576946777094e+00	1.05654565440000e+00	4.36332312985762e-01	2.50000000018291e+00	8.27033333333359e+02	4.24316967762353e-01	2.72514313142993e+00
2.35640024647419e+00	1.09880748050000e+00	4.36332312960503e-01	2.60000000015123e+00	8.33642857142885e+02	4.21267939892306e-01	2.72934588426873e+00
2.44703102517709e+00	1.14106930670000e+00	4.36332312970737e-01	2.70000000016149e+00	8.47119047619078e+02	4.16826513278294e-01	2.73075087431659e+00
2.53766180387965e+00	1.18333113290000e+00	4.36332312980292e-01	2.80000000017145e+00	8.73042857142894e+02	4.14077619706403e-01	2.73648428090939e+00
2.62829258258188e+00	1.22559295900000e+00	4.36332312957983e-01	2.90000000013885e+00	9.03519047619091e+02	4.16543769939471e-01	2.74170281537285e+00
2.71892336128376e+00	1.26785478520000e+00	4.36332312967421e-01	3.00000000014819e+00	9.00857142857185e+02	4.28473968041478e-01	2.72669298380570e+00
2.80955413998531e+00	1.31011661140000e+00	4.36332312976296e-01	3.10000000015723e+00	9.64733333333366e+02	4.21209035030052e-01	2.73622248152159e+00
2.90018491868652e+00	1.35237843760000e+00	4.36332312984660e-01	3.20000000016596e+00	9.54488888888915e+02	4.53174740280328e-01	2.70132088313671e+00
2.99081569738742e+00	1.39464026370000e+00	4.36332312965094e-01	3.30000000013215e+00	1.20933333333317e+03	3.71414791470653e-01	2.78784932079558e+00
8.66025403804490e-02	5.00000000000000e-02	5.23598775588273e-01	1.00000000001737e-01	9.45894444444470e+02	-5.15253325113592e-01	5.16695327126180e-01
1.73205080764892e-01	1.00000000000000e-01	5.23598775578288e-01	2.00000000006932e-01	9.52094444444471e+02	-5.16829194586419e-01	5.18298107993566e-01
2.59807621147323e-01	1.50000000000000e-01	5.23598775578313e-01	3.00000000010385e-01	9.63394444444474e+02	-5.17437383919356e-01	5.20876061965188e-01
3.46410161519737e-01	2.00000000000000e-01	5.23598775590847e-01	4.00000000005163e-01	9.84294444444479e+02	-5.20969244798133e-01	5.23359883656932e-01
4.33012701902128e-01	2.50000000000000e-01	5.23598775588390e-01	5.00000000008581e-01	1.03419444444448e+03	-5.28823226432108e-01	5.30687101317792e-01
5.19615242284490e-01	3.00000000000000e-01	5.23598775586777e-01	6.00000000011974e-01	1.07679444444444e+03	-5.46632758401494e-01	5.49319558528843e-01
6.06217782666817e-01	3.50000000000000e-01	5.23598775585649e-01	7.00000000015337e-01	1.11263333333326e+03	-5.91211488259596e-01	5.99956232241350e-01
6.92820323049104e-01	4.00000000000000e-01	5.23598775584828e-01	8.00000000018666e-01	1.13083333333324e+03	-6.97355029280594e-01	7.28409672661330e-01
7.79422863431346e-01	4.50000000000000e-01	5.23598775584215e-01	9.00000000021955e-01	1.12353333333325e+03	5.11787883217303e-01	2.63407708704862e+00
8.66025403803539e-01	5.00000000000000e-01	5.23598775588749e-01	1.00000000001654e+00	1.09369444444442e+03	5.13248973133972e-01	2.63062688845002e+00
9.52627944185676e-01	5.50000000000000e-01	5.23598775587938e-01	1.10000000001974e+00	1.03289444444448e+03	5.17397870098713e-01	2.62790734814282e+00
1.03923048452775e+00	6.00000000000000e-01	5.23598775603956e-01	1.19999999998824e+00	9.77955555555588e+02	5.20661862466079e-01	2.62588276621051e+00
1.12583302492977e+00	6.50000000000000e-01	5.23598775594453e-01	1.30000000000866e+00	9.55833333333361e+02	5.21565467019726e-01	2.62796469467539e+00
1.21243556533171e+00	7.00000000000000e-01	5.23598775586336e-01	1.40000000002901e+00	9.26966666666688e+02	5.24488893516816e-01	2.62791808863053e+00
1.29903810573359e+00	7.50000000000000e-01	5.23598775579322e-01	1.50000000004930e+00	8.93057142857184e+02	5.20829862073223e-01	2.62640001833428e+00
1.38564064613538e+00	8.00000000000000e-01	5.23598775573212e-01	1.60000000006952e+00	8.47690476190506e+02	5.20977701727510e-01	2.62466602238912e+00
1.47224318643710e+00	8.50000000000000e-01	5.23598775597254e-01	1.70000000000308e+00	8.20533333333358e+02	5.23483583867667e-01	2.62662278581335e+00
1.55884572683874e+00	9.00000000000000e-01	5.23598775590868e-01	1.80000000002317e+00	8.08295238095259e+02	5.22483107437986e-01	2.62944323788458e+00
1.64544826724029e+00	9.50000000000000e-01	5.23598775585179e-01	1.90000000004318e+00	7.99528571428591e+02	5.20449702962201e-01	2.62857057325858e+00
1.73205080764175e+00	1.00000000000000e+00	5.23598775580081e-01	2.00000000006311e+00	7.87714285714302e+02	5.24271398640798e-01	2.63150272640193e+00
1.81865334794313e+00	1.05000000000000e+00	5.23598775599297e-01	2.09999999999637e+00	7.78557142857158e+02	5.21520088459174e-01	2.62943451123832e+00
1.90525588834441e+00	1.10000000000000e+00	5.23598775594061e-01	2.20000000001615e+00	7.71057142857156e+02	5.19163893968981e-01	2.63325678230018e+00
1.99185842874560e+00	1.15000000000000e+00	5.23598775589301e-01	2.30000000003585e+00	7.67775000000033e+02	5.19242433785321e-01	2.62987209021507e+00
2.07846096914670e+00	1.20000000000000e+00	5.23598775584956e-01	2.40000000005547e+00	7.67933333333346e+02	5.17647202848998e-01	2.63194778536119e+00
2.16506350954770e+00	1.25000000000000e+00	5.23598775580978e-01	2.50000000007500e+00	7.67433333333346e+02	5.18480597566826e-01	2.63097912762633e+00
2.25166604984861e+00	1.30000000000000e+00	5.23598775596555e-01	2.60000000000785e+00	7.72519047619061e+02	5.16058953229683e-01	2.63207868505509e+00
2.33826859024942e+00	1.35000000000000e+00	5.23598775592477e-01	2.70000000002722e+00	7.81719047619063e+02	5.14069277882410e-01	2.63642455489255e+00
2.42487113065013e+00	1.40000000000000e+00	5.23598775588709e-01	2.80000000004651e+00	7.92342857142875e+02	5.17137566707416e-01	2.64200960849894e+00
2.51147367105075e+00	1.45000000000000e+00	5.23598775585216e-01	2.90000000006571e+00	8.07819047619069e+02	5.13598038984371e-01	2.64164745267915e+00
2.59807621145128e+00	1.50000000000000e+00	5.23598775581972e-01	3.00000000008484e+00	8.20257142857167e+02	5.09775767922504e-01	2.64097986424026e+00
2.68467875175171e+00	1.55000000000000e+00	5.23598775595081e-01	3.10000000001728e+00	8.53514285714320e+02	5.02183585676328e-01	2.64501157481237e+00
2.77128129215205e+00	1.60000000000000e+00	5.23598775591760e-01	3.20000000003624e+00	9.45788888888913e+02	5.00455709716854e-01	2.65778738493696e+00
2.85788383255230e+00	1.65000000000000e+00	5.23598775588655e-01	3.30000000005512e+00	1.14105999999990e+03	4.63138076981712e-01	2.68896769202384e+00
2.94448637295246e+00	1.70000000000000e+00	5.23598775585745e-01	3.40000000007393e+00	1.67279999999961e+03	3.01404399185405e-01	2.79614312540106e+00
8.19152044251032e-02	5.73576436350000e-02	6.10865238218931e-01	9.99999999968305e-02	9.44994444444470e+02	-6.06231902366103e-01	6.07782076132427e-01
1.63830408852216e-01	1.14715287270000e-01	6.10865238213168e-01	1.99999999995307e-01	9.49294444444471e+02	-6.07236923886893e-01	6.08713890246347e-01
2.45745613278347e-01	1.72072930910000e-01	6.10865238226777e-01	2.99999999995848e-01	9.57094444444473e+02	-6.11163914703881e-01	6.11883040730231e-01
3.27660817704506e-01	2.29430574540000e-01	6.10865238213062e-01	3.99999999990675e-01	9.68094444444475e+02	-6.17480036063074e-01	6.20427275950806e-01
4.09576022120702e-01	2.86788218180000e-01	6.10865238232645e-01	4.99999999983077e-01	9.83994444444479e+02	-6.37296613473296e-01	6.42055858594111e-01
4.91491226546944e-01	3.44145861810000e-01	6.10865238222445e-01	5.99999999977972e-01	1.00639444444448e+03	-6.99510510906807e-01	7.12565573711725e-01
5.73406430973241e-01	4.01503505450000e-01	6.10865238226816e-01	6.99999999978649e-01	1.02929444444448e+03	5.67717208430212e-01	2.62213030831872e+00
6.55321635399602e-01	4.58861149080000e-01	6.10865238219809e-01	7.99999999973642e-01	1.02299444444449e+03	5.98642881165168e-01	2.54596835262540e+00
7.37236839826034e-01	5.16218792720000e-01	6.10865238223415e-01	8.99999999974429e-01	9.94894444444481e+02	6.01201350129723e-01	2.54165317650926e+00
8.19152044252545e-01	5.73576436350000e-01	6.10865238218063e-01	9.99999999969544e-01	9.68894444444475e+02	6.05812510013492e-01	2.54083818363246e+00
9.01067248679145e-01	6.30934079990000e-01	6.10865238221085e-01	1.09999999997047e+00	9.51855555555582e+02	6.08321610522935e-01	2.54133901724390e+00
9.82982453105839e-01	6.88291723620000e-01	6.10865238216732e-01	1.19999999996573e+00	9.22055555555575e+02	6.09699358257683e-01	2.53947500560277e+00
1.06489765755263e+00	7.45649367260000e-01	6.10865238210483e-01	1.29999999998320e+00	8.80885714285753e+02	6.07741098836945e-01	2.53894542284117e+00
1.14681286194954e+00	8.03007010890000e-01	6.10865238219712e-01	1.39999999995407e+00	8.29300000000026e+02	6.09559915636392e-01	2.53679910786019e+00
1.22872806634656e+00	8.60364654530000e-01	6.10865238233129e-01	1.49999999993076e+00	8.08457142857164e+02	6.12767647082689e-01	2.53934934189663e+00
1.31064327084370e+00	9.17722298160000e-01	6.10865238203857e-01	1.59999999998373e+00	7.94733333333351e+02	6.13386725635014e-01	2.53831261632095e+00
1.39255847524096e+00	9.75079941800000e-01	6.10865238216548e-01	1.69999999996062e+00	7.74180952380966e+02	6.10182973126781e-01	2.53788326532495e+00
1.47447367963836e+00	1.03243758540000e+00	6.10865238209580e-01	1.79999999991469e+00	7.54295833333363e+02	6.09086093191764e-01	2.53955878140687e+00
1.55638888403589e+00	1.08979522910000e+00	6.10865238246419e-01	1.89999999992621e+00	7.28366666666690e+02	6.10240092993210e-01	2.54032037962592e+00
1.63830408853356e+00	1.14715287270000e+00	6.10865238209899e-01	1.99999999996241e+00	7.12000000000020e+02	6.10749777955191e-01	2.53897235077820e+00
1.72021929293137e+00	1.20451051630000e+00	6.10865238204131e-01	2.09999999991681e+00	7.01525000000018e+02	6.10243152986054e-01	2.53878385521898e+00
1.80213449732933e+00	1.26186816000000e+00	6.10865238236082e-01	2.19999999992869e+00	6.97750000000017e+02	6.10929815380339e-01	2.54186261601950e+00
1.88404970182744e+00	1.31922580360000e+00	6.10865238204665e-01	2.29999999996525e+00	6.95925000000016e+02	6.11563369898813e-01	2.54292290354009e+00
1.96596490622569e+00	1.37658344720000e+00	6.10865238199731e-01	2.39999999992000e+00	6.95775000000016e+02	6.09563222576028e-01	2.54148562490107e+00
2.04788011062410e+00	1.43394109090000e+00	6.10865238227921e-01	2.49999999993225e+00	6.96766666666683e+02	6.11892489129189e-01	2.54347268225447e+00
2.12979531512266e+00	1.49129873450000e+00	6.10865238200343e-01	2.59999999996918e+00	6.97929166666683e+02	6.09610346465831e-01	2.54231141497001e+00
2.21171051952137e+00	1.54865637810000e+00	6.10865238196020e-01	2.69999999992431e+00	7.01429166666684e+02	6.09842038924034e-01	2.54343341234630e+00
2.29362572392023e+00	1.60601402180000e+00	6.10865238221230e-01	2.79999999993693e+00	7.07200000000019e+02	6.09259535286181e-01	2.54474240928529e+00
2.37554092831924e+00	1.66337166540000e+00	6.10865238216425e-01	2.89999999989231e+00	7.22666666666689e+02	6.07845818592065e-01	2.54273528064550e+00
2.45745613281841e+00	1.72072930910000e+00	6.10865238220096e-01	2.99999999998710e+00	7.55100000000030e+02	6.07494259414163e-01	2.54821561449676e+00
2.53937133721772e+00	1.77808695270000e+00	6.10865238215583e-01	3.09999999994272e+00	7.75514285714302e+02	6.04002603579174e-01	2.54029181969271e+00
2.62128654161718e+00	1.83544459630000e+00	6.10865238211324e-01	3.19999999989847e+00	9.34588888888910e+02	5.44019127846633e-01	2.59691902727366e+00
2.70320174611678e+00	1.89280224000000e+00	6.10865238214741e-01	3.29999999999361e+00	1.24165999999981e+03	5.05450842036062e-01	2.64543045383285e+00
2.78511695051653e+00	1.95015988360000e+00	6.10865238210709e-01	3.39999999994960e+00	1.83949999999946e+03	4.31026512072520e-01	2.73137919284731e+00
7.66044443017872e-02	6.42787609690000e-02	6.98131700865373e-01	9.99999999924773e-02	9.42794444444469e+02	-7.03301320112422e-01	7.04862511724835e-01
1.53208888599599e-01	1.28557521940000e-01	6.98131700885810e-01	1.99999999983195e-01	9.45294444444470e+02	-7.09509742926552e-01	7.11230396833949e-01
2.29813332909459e-01	1.92836282910000e-01	6.98131700864254e-01	2.99999999982499e-01	9.49294444444471e+02	-7.25959960994472e-01	7.33198121253328e-01
3.06417777209393e-01	2.57115043870000e-01	6.98131700850276e-01	3.99999999967772e-01	9.54494444444472e+02	-7.86432270979255e-01	8.22468956709808e-01
3.83022221509424e-01	3.21393804840000e-01	6.98131700857085e-01	4.99999999959546e-01	9.58594444444473e+02	5.95763776845134e-01	2.61317676925599e+00
4.59626665809575e-01	3.85672565810000e-01	6.98131700861496e-01	5.99999999951413e-01	9.62894444444474e+02	6.74925366730902e-01	2.47110286148659e+00
5.36231110109870e-01	4.49951326780000e-01	6.98131700864514e-01	6.99999999943390e-01	9.61594444444474e+02	6.85351527350003e-01	2.45984538160458e+00
6.12835554420331e-01	5.14230087750000e-01	6.98131700858610e-01	7.99999999943155e-01	9.53994444444472e+02	6.89651582294604e-01	2.45700336522657e+00
6.89439998720979e-01	5.78508848720000e-01	6.98131700861026e-01	8.99999999935402e-01	9.43494444444470e+02	6.94217570301549e-01	2.45539489821864e+00
7.66044443021837e-01	6.42787609690000e-01	6.98131700862824e-01	9.99999999927810e-01	9.21494444444465e+02	6.95242308221055e-01	2.45425930487415e+00
8.42648887322924e-01	7.07066370660000e-01	6.98131700864161e-01	1.09999999992039e+00	8.86233333333372e+02	6.93329863693183e-01	2.45151041130226e+00
9.19253331624260e-01	7.71345131620000e-01	6.98131700858758e-01	1.19999999990674e+00	8.25542857142882e+02	6.97184859678525e-01	2.44979649797680e+00
9.95857775925862e-01	8.35623892590000e-01	6.98131700859948e-01	1.29999999989972e+00	8.04285714285735e+02	6.97622064656150e-01	2.45255162486745e+00
1.07246222026775e+00	8.99902653560000e-01	6.98131700842471e-01	1.39999999992356e+00	7.88457142857160e+02	6.99247124856052e-01	2.45191640173749e+00
1.14906666455994e+00	9.64181414530000e-01	6.98131700848621e-01	1.49999999990933e+00	7.67154166666699e+02	6.97255545513231e-01	2.45146328741246e+00
1.22567110885244e+00	1.02846017550000e+00	6.98131700853878e-01	1.59999999989533e+00	7.27216666666690e+02	6.97233649564433e-01	2.44912672787635e+00
1.30227555314527e+00	1.09273893650000e+00	6.98131700871910e-01	1.69999999990087e+00	7.01354166666684e+02	6.98194801162996e-01	2.44774050011795e+00
1.37887999743845e+00	1.15701769740000e+00	6.98131700845255e-01	1.79999999984240e+00	6.92116666666682e+02	6.99276636787040e-01	2.45365636074563e+00
1.45548444173198e+00	1.22129645840000e+00	6.98131700861606e-01	1.89999999984848e+00	6.84366666666680e+02	7.01352292564833e-01	2.45038990992248e+00
1.53208888602587e+00	1.28557521940000e+00	6.98131700876206e-01	1.99999999985484e+00	6.77550000000012e+02	7.00130102791265e-01	2.44955691187039e+00
1.60869333032014e+00	1.34985398030000e+00	6.98131700852822e-01	2.09999999979720e+00	6.69495833333343e+02	6.99845203457484e-01	2.45057690948519e+00
1.68529777471479e+00	1.41413274130000e+00	6.98131700837054e-01	2.19999999988074e+00	6.60866666666691e+02	6.99075765256765e-01	2.45009320394964e+00
1.76190221900983e+00	1.47841150230000e+00	6.98131700850496e-01	2.29999999988798e+00	6.53300000000022e+02	6.96920442296848e-01	2.45271992447389e+00
1.83850666330525e+00	1.54269026320000e+00	6.98131700830797e-01	2.39999999983123e+00	6.49655555555577e+02	6.99661243887661e-01	2.45114912814710e+00
1.91511110760108e+00	1.60696902420000e+00	6.98131700843211e-01	2.49999999983907e+00	6.47966666666688e+02	6.98114247505212e-01	2.44957833182030e+00
1.99171555189730e+00	1.67124778520000e+00	6.98131700854573e-01	2.59999999984721e+00	6.49966666666688e+02	6.99668933100450e-01	2.45452634024971e+00
2.06831999619392e+00	1.73552654620000e+00	6.98131700864999e-01	2.69999999985565e+00	6.58066666666690e+02	6.96781084468881e-01	2.45063076535925e+00
2.14492444049093e+00	1.79980530710000e+00	6.98131700847231e-01	2.79999999980012e+00	6.68400000000010e+02	6.97538288852054e-01	2.45049462967760e+00
2.22152888478835e+00	1.86408406810000e+00	6.98131700857013e-01	2.89999999980917e+00	6.76466666666678e+02	6.95360117945565e-01	2.45274610441267e+00
2.29813332918616e+00	1.92836282910000e+00	6.98131700844634e-01	2.99999999989514e+00	6.90200000000015e+02	6.99436334413598e-01	2.45832766736055e+00
2.37473777348436e+00	1.99264159000000e+00	6.98131700828996e-01	3.09999999984051e+00	7.00525000000019e+02	6.99685043832007e-01	2.45857550411433e+00
2.45134221778294e+00	2.05692035100000e+00	6.98131700838198e-01	3.19999999985046e+00	7.84919047619062e+02	6.74993621571293e-01	2.48107279817254e+00
2.52794666208190e+00	2.12119911200000e+00	6.98131700846768e-01	3.29999999986070e+00	6.86870833333346e+02	7.53573829816584e-01	2.40813548873170e+00
2.60455110638123e+00	2.18547787290000e+00	6.98131700832234e-01	3.39999999980694e+00	7.01650000000016e+02	7.91053030173910e-01	2.36731572818605e+00
7.07106781025488e-02	7.07106781190000e-02	7.85398163513776e-01	9.99999999888555e-02	9.38594444444468e+02	6.55681802730726e-01	2.55819889781817e+00
1.41421356207137e-01	1.41421356240000e-01	7.85398163513637e-01	1.99999999980567e-01	9.38694444444468e+02	6.71305990194579e-01	2.51777707234198e+00
2.12132034310804e-01	2.12132034360000e-01	7.85398163513404e-01	2.99999999970921e-01	9.38694444444468e+02	7.10026119650073e-01	2.46803518866014e+00
2.82842712404589e-01	2.82842712470000e-01	7.85398163513080e-01	3.99999999947215e-01	9.40594444444469e+02	7.58449361152313e-01	2.38567671228457e+00
3.53553390508530e-01	3.53553390590000e-01	7.85398163512664e-01	4.99999999937762e-01	9.40794444444469e+02	7.68594569691560e-01	2.37453353730768e+00
4.24264068612665e-01	4.24264068710000e-01	7.85398163512159e-01	5.99999999928446e-01	9.39794444444469e+02	7.73601080214930e-01	2.37109742034281e+00
4.94974746717032e-01	4.94974746830000e-01	7.85398163511563e-01	6.99999999919295e-01	9.34594444444468e+02	7.75552126421766e-01	2.36886558056182e+00
5.65685424821666e-01	5.65685424950000e-01	7.85398163510881e-01	7.99999999910332e-01	9.17494444444464e+02	7.76953263145299e-01	2.37274675648595e+00
6.36396102926603e-01	6.36396103070000e-01	7.85398163510112e-01	8.99999999901583e-01	8.95166666666708e+02	7.72696133100321e-01	2.37483460660364e+00
7.07106781031876e-01	7.07106781190000e-01	7.85398163509259e-01	9.99999999893072e-01	8.27533333333359e+02	7.73372844851207e-01	2.37454662727707e+00
7.77817459137518e-01	7.77817459310000e-01	7.85398163508324e-01	1.09999999988482e+00	8.04442857142877e+02	7.71376188186926e-01	2.37556016490697e+00
8.48528137233561e-01	8.48528137420000e-01	7.85398163507309e-01	1.19999999986271e+00	7.91685714285732e+02	7.75083267518162e-01	2.37596557995894e+00
9.19238815340034e-01	9.19238815540000e-01	7.85398163506215e-01	1.29999999985505e+00	7.69600000000013e+02	7.77765521245886e-01	2.37657295453863e+00
9.89949493446966e-01	9.89949493660000e-01	7.85398163505047e-01	1.39999999984771e+00	7.28025000000024e+02	7.77145441157441e-01	2.37724316097140e+00
1.06066017157438e+00	1.06066017180000e+00	7.85398163503807e-01	1.49999999986900e+00	6.98737500000017e+02	7.77892000950121e-01	2.37802855913479e+00
1.13137084966231e+00	1.13137084990000e+00	7.85398163502493e-01	1.59999999983408e+00	6.88508333333348e+02	7.71086463531095e-01	2.37679964200854e+00
1.20208152775076e+00	1.20208152800000e+00	7.85398163501118e-01	1.69999999979953e+00	6.76195833333345e+02	7.77435434325465e-01	2.37540308527429e+00
1.27279220583977e+00	1.27279220610000e+00	7.85398163499676e-01	1.79999999976538e+00	6.61388888888913e+02	7.79361817513051e-01	2.38315506714679e+00
1.34350288402935e+00	1.34350288430000e+00	7.85398163498174e-01	1.89999999987305e+00	6.39955555555575e+02	7.77428990032842e-01	2.37668465561076e+00
1.41421356211951e+00	1.41421356240000e+00	7.85398163496617e-01	1.99999999983971e+00	6.21277777777793e+02	7.78521566144591e-01	2.37794129267219e+00
1.48492424021028e+00	1.48492424050000e+00	7.85398163495002e-01	2.09999999980680e+00	6.14777777777792e+02	7.85502883152568e-01	2.38047900140459e+00
1.55563491830166e+00	1.55563491860000e+00	7.85398163493338e-01	2.19999999977433e+00	6.10755555555569e+02	7.83356128172615e-01	2.37564618470582e+00
1.62634559639366e+00	1.62634559670000e+00	7.85398163491629e-01	2.29999999974229e+00	6.07455555555568e+02	7.86486500852442e-01	2.37106469541934e+00
1.69705627448630e+00	1.69705627480000e+00	7.85398163489873e-01	2.39999999971070e+00	6.06700000000012e+02	7.85570950993396e-01	2.37084573593136e+00
1.76776695267957e+00	1.76776695300000e+00	7.85398163488080e-01	2.49999999982098e+00	6.05922222222234e+02	7.80842854049743e-01	2.36539486867786e+00
1.83847763077348e+00	1.83847763110000e+00	7.85398163486250e-01	2.59999999979030e+00	6.05466666666678e+02	7.83740100608054e-01	2.36808766238094e+00
1.90918830886803e+00	1.90918830920000e+00	7.85398163484388e-01	2.69999999976006e+00	6.07166666666678e+02	7.83059422199776e-01	2.37103851548056e+00
1.97989898696323e+00	1.97989898730000e+00	7.85398163482496e-01	2.79999999973028e+00	6.09466666666679e+02	7.84730574958560e-01	2.37336853003197e+00
2.05060966505906e+00	2.05060966540000e+00	7.85398163480580e-01	2.89999999970095e+00	6.16225925925940e+02	7.84941204466017e-01	2.36385997626710e+00
2.12132034325554e+00	2.12132034360000e+00	7.85398163478638e-01	2.99999999981350e+00	6.25955555555572e+02	7.88135836995577e-01	2.36933681945986e+00
2.19203102135263e+00	2.19203102170000e+00	7.85398163476683e-01	3.09999999978506e+00	6.54355555555580e+02	7.89356570140971e-01	2.36455112665089e+00
2.26274169945035e+00	2.26274169980000e+00	7.85398163474711e-01	3.19999999975707e+00	6.81641666666678e+02	7.93723383929461e-01	2.36656174594919e+00
2.33345237754868e+00	2.33345237790000e+00	7.85398163472727e-01	3.29999999972951e+00	6.95770833333348e+02	8.02814367670787e-01	2.36041818698217e+00
2.40416305564760e+00	2.40416305600000e+00	7.85398163470738e-01	3.39999999970236e+00	1.37149999999969e+03	6.16537558266997e-01	2.49756615960389e+00
6.42787609464357e-02	7.66044443120000e-02	8.72664626168023e-01	9.99999999857967e-02	9.38394444444468e+02	8.48705558918863e-01	2.29607859464043e+00
1.28557521894926e-01	1.53208888620000e-01	8.72664626147298e-01	1.99999999969850e-01	9.37594444444468e+02	8.51345429184054e-01	2.29736475297925e+00
1.92836282842523e-01	2.29813332940000e-01	8.72664626168382e-01	2.99999999962521e-01	9.37394444444468e+02	8.54670281409103e-01	2.29177438750123e+00
2.57115043780283e-01	3.06417777250000e-01	8.72664626181693e-01	3.99999999941209e-01	9.33794444444467e+02	8.59415010313863e-01	2.29101392261287e+00
3.21393804728257e-01	3.83022221560000e-01	8.72664626174031e-01	4.99999999926463e-01	9.29094444444466e+02	8.62215339765475e-01	2.28814759331559e+00
3.85672565676496e-01	4.59626665870000e-01	8.72664626168585e-01	5.99999999911886e-01	9.18694444444464e+02	8.64888311514904e-01	2.28508977646610e+00
4.49951326625054e-01	5.36231110180000e-01	8.72664626164346e-01	6.99999999897515e-01	9.01666666666709e+02	8.65105832658419e-01	2.28242596769524e+00
5.14230087573978e-01	6.12835554500000e-01	8.72664626168851e-01	7.99999999891040e-01	8.66966666666701e+02	8.65980014962027e-01	2.28364115318694e+00
5.78508848523317e-01	6.89439998810000e-01	8.72664626164859e-01	8.99999999877170e-01	8.19366666666691e+02	8.68752008479900e-01	2.28168330443191e+00
6.42787609473118e-01	7.66044443120000e-01	8.72664626161312e-01	9.99999999863598e-01	8.00942857142877e+02	8.69583606535262e-01	2.27938254981207e+00
7.07066370423425e-01	8.42648887430000e-01	8.72664626158057e-01	1.09999999985035e+00	7.83542857142873e+02	8.68793789251764e-01	2.27917713798472e+00
7.71345131364282e-01	9.19253331740000e-01	8.72664626161378e-01	1.19999999983103e+00	7.54450000000030e+02	8.69514306697315e-01	2.28113459186888e+00
8.35623892315729e-01	9.95857776050000e-01	8.72664626157947e-01	1.29999999981852e+00	7.09725000000019e+02	8.73431480037260e-01	2.27970594905583e+00
8.99902653267803e-01	1.07246222040000e+00	8.72664626173029e-01	1.39999999983705e+00	6.92454166666682e+02	8.70914933422041e-01	2.27867569146502e+00
9.64181414220543e-01	1.14906666470000e+00	8.72664626164333e-01	1.49999999981770e+00	6.78016666666679e+02	8.73028963478519e-01	2.27872651134618e+00
1.02846017517398e+00	1.22567110900000e+00	8.72664626156391e-01	1.59999999979881e+00	6.59548148148172e+02	8.70152442705076e-01	2.27859715164868e+00
1.09273893615815e+00	1.30227555330000e+00	8.72664626135534e-01	1.69999999979967e+00	6.32125925925943e+02	8.73635029061274e-01	2.27716915498795e+00
1.15701769704307e+00	1.37887999760000e+00	8.72664626159234e-01	1.79999999973673e+00	6.14437037037050e+02	8.73546017269422e-01	2.27851861183234e+00
1.22129645802878e+00	1.45548444190000e+00	8.72664626139802e-01	1.89999999973858e+00	6.07151851851864e+02	8.75076353690830e-01	2.27736907452046e+00
1.28557521901529e+00	1.53208888620000e+00	8.72664626122007e-01	1.99999999974094e+00	6.00700000000011e+02	8.77041039096541e-01	2.27732087963316e+00
1.34985397990262e+00	1.60869333050000e+00	8.72664626142086e-01	2.09999999967955e+00	5.93288888888898e+02	8.76394394608677e-01	2.27657256971636e+00
1.41413274089080e+00	1.68529777490000e+00	8.72664626154441e-01	2.19999999975959e+00	5.86160000000020e+02	8.74473535100482e-01	2.27848495191105e+00
1.47841150187983e+00	1.76190221920000e+00	8.72664626137491e-01	2.29999999976358e+00	5.79643333333352e+02	8.72634479400994e-01	2.27527603941488e+00
1.54269026276973e+00	1.83850666350000e+00	8.72664626153595e-01	2.39999999970384e+00	5.74200000000017e+02	8.74540854943059e-01	2.27498432009705e+00
1.60696902376050e+00	1.91511110780000e+00	8.72664626137502e-01	2.49999999970894e+00	5.70460000000016e+02	8.74885221830087e-01	2.27445024934594e+00
1.67124778475215e+00	1.99171555210000e+00	8.72664626122387e-01	2.59999999971461e+00	5.70000000000016e+02	8.76897049433251e-01	2.27268048548442e+00
1.73552654574468e+00	2.06831999640000e+00	8.72664626108143e-01	2.69999999972084e+00	5.72743333333350e+02	8.75490472722439e-01	2.27495814015827e+00
1.79980530663809e+00	2.14492444070000e+00	8.72664626122034e-01	2.79999999966336e+00	5.78680000000018e+02	8.75561872555475e-01	2.27519375960729e+00
1.86408406763238e+00	2.22152888500000e+00	8.72664626108319e-01	2.89999999967073e+00	5.86760000000021e+02	8.73497397383116e-01	2.27283756511710e+00
1.92836282862753e+00	2.29813332940000e+00	8.72664626116725e-01	2.99999999975525e+00	5.95355555555565e+02	8.74187425769530e-01	2.27532989528894e+00
1.99264158952355e+00	2.37473777370000e+00	8.72664626128350e-01	3.09999999969945e+00	6.06455555555569e+02	8.77708627535428e-01	2.27576971826045e+00
2.05692035052042e+00	2.45134221800000e+00	8.72664626115106e-01	3.19999999970847e+00	6.17259259259272e+02	8.76308000810703e-01	2.27686927568920e+00
2.12119911151813e+00	2.52794666230000e+00	8.72664626102469e-01	3.29999999971803e+00	6.56662962962985e+02	8.81598218439873e-01	2.27160710799444e+00
2.18547787241665e+00	2.60455110660000e+00	8.72664626112925e-01	3.39999999966384e+00	6.36918518518536e+02	9.17125143362468e-01	2.23744228788665e+00
2.24975663341598e+00	2.68115555090000e+00	8.72664626100718e-01	3.49999999967444e+00	6.66200000000011e+02	9.19125290685254e-01	2.23126382233459e+00
5.73576436064943e-02	8.19152044290000e-02	9.59931088831821e-01	9.99999999836724e-02	9.35994444444468e+02	9.45174329771269e-01	2.19906487762973e+00
1.14715287213057e-01	1.63830408860000e-01	9.59931088837277e-01	1.99999999969022e-01	9.34694444444468e+02	9.46812344859796e-01	2.19858817874446e+00
1.72072930824756e-01	2.45745613290000e-01	9.59931088823159e-01	2.99999999956499e-01	9.30694444444467e+02	9.48527741929533e-01	2.19730844173704e+00
2.29430574426659e-01	3.27660817720000e-01	9.59931088836161e-01	3.99999999938357e-01	9.23594444444465e+02	9.49814723920009e-01	2.19446978837505e+00
2.86788218038833e-01	4.09576022140000e-01	9.59931088815664e-01	4.99999999917915e-01	9.12494444444462e+02	9.52034520929158e-01	2.19540536157189e+00
3.44145861641344e-01	4.91491226570000e-01	9.59931088824751e-01	5.99999999900122e-01	8.93166666666707e+02	9.51662045850167e-01	2.19259605275666e+00
4.01503505254255e-01	5.73406431000000e-01	9.59931088819071e-01	6.99999999888294e-01	8.49066666666697e+02	9.53845125495177e-01	2.19031839808280e+00
4.58861148857629e-01	6.55321635430000e-01	9.59931088824577e-01	7.99999999870996e-01	8.11042857142879e+02	9.55427440995035e-01	2.19153314724219e+00
5.16218792471529e-01	7.37236839860000e-01	9.59931088819279e-01	8.99999999859735e-01	7.95642857142875e+02	9.56701356816066e-01	2.19291021202202e+00
5.73576436076011e-01	8.19152044290000e-01	9.59931088822755e-01	9.99999999843072e-01	7.78042857142871e+02	9.58690067639279e-01	2.19043059782043e+00
6.30934079691133e-01	9.01067248720000e-01	9.59931088817676e-01	1.09999999983251e+00	7.44350000000028e+02	9.57766880324408e-01	2.19168723488187e+00
6.88291723296949e-01	9.82982453150000e-01	9.59931088819796e-01	1.19999999981661e+00	7.00566666666684e+02	9.56510243262972e-01	2.19128504197622e+00
7.45649366913510e-01	1.06489765760000e+00	9.59931088823643e-01	1.29999999982326e+00	6.86025000000014e+02	9.59825278010979e-01	2.19226949246766e+00
8.03007010520865e-01	1.14681286200000e+00	9.59931088811842e-01	1.39999999978367e+00	6.69537500000010e+02	9.57548200835776e-01	2.19065499729569e+00
8.60364654139060e-01	1.22872806640000e+00	9.59931088795695e-01	1.49999999975030e+00	6.41825925925946e+02	9.59180597018524e-01	2.18985763116028e+00
9.17722297748136e-01	1.31064327090000e+00	9.59931088822084e-01	1.59999999979362e+00	6.15637037037051e+02	9.59200735432970e-01	2.18881043360908e+00
9.75079941368133e-01	1.39255847530000e+00	9.59931088806366e-01	1.69999999976128e+00	6.05725925925937e+02	9.60273994461685e-01	2.18994140696437e+00
1.03243758494909e+00	1.47447367970000e+00	9.59931088810161e-01	1.79999999970655e+00	5.96537037037046e+02	9.61192712313323e-01	2.18962724769901e+00
1.08979522863103e+00	1.55638888410000e+00	9.59931088770019e-01	1.89999999970974e+00	5.84930000000020e+02	9.59628928470130e-01	2.18346972609798e+00
1.14715287221399e+00	1.63830408860000e+00	9.59931088803110e-01	1.99999999973807e+00	5.70080000000016e+02	9.62306789708125e-01	2.18505018886371e+00
1.20451051579799e+00	1.72021929300000e+00	9.59931088805331e-01	2.09999999968509e+00	5.55270000000013e+02	9.61337823973989e-01	2.18666629662301e+00
1.26186815948305e+00	1.80213449740000e+00	9.59931088769721e-01	2.19999999969007e+00	5.48230000000011e+02	9.62640088928727e-01	2.19018375839765e+00
1.31922580306919e+00	1.88404970190000e+00	9.59931088797376e-01	2.29999999972022e+00	5.44443333333344e+02	9.63731878683340e-01	2.18819782304163e+00
1.37658344665643e+00	1.96596490630000e+00	9.59931088798453e-01	2.39999999966910e+00	5.42243333333343e+02	9.61884270696159e-01	2.18881043360908e+00
1.43394109034477e+00	2.04788011070000e+00	9.59931088766316e-01	2.49999999967596e+00	5.40700000000009e+02	9.62309099702724e-01	2.18920675760538e+00
1.49129873393422e+00	2.12979531520000e+00	9.59931088789869e-01	2.59999999970801e+00	5.40500000000009e+02	9.62723615400072e-01	2.18794475030009e+00
1.54865637752479e+00	2.21171051960000e+00	9.59931088790093e-01	2.69999999965880e+00	5.41000000000011e+02	9.67139298407618e-01	2.19361707036907e+00
1.60601402121646e+00	2.29362572400000e+00	9.59931088760724e-01	2.79999999966757e+00	5.42180000000009e+02	9.66291068391149e-01	2.19301119178588e+00
1.66337166480925e+00	2.37554092840000e+00	9.59931088761311e-01	2.89999999961963e+00	5.45100000000012e+02	9.65516142203263e-01	2.19157503514424e+00
1.72072930850313e+00	2.45745613290000e+00	9.59931088753375e-01	2.99999999971158e+00	5.50080000000012e+02	9.62060390284314e-01	2.18442791185732e+00
1.77808695209810e+00	2.53937133730000e+00	9.59931088753585e-01	3.09999999966489e+00	5.65660000000016e+02	9.62521157206841e-01	2.18892213468121e+00
1.83544459569415e+00	2.62128654170000e+00	9.59931088753506e-01	3.19999999961881e+00	5.91159259259266e+02	9.61013192733118e-01	2.18749096469457e+00
1.89280223939125e+00	2.70320174620000e+00	9.59931088745729e-01	3.29999999971262e+00	6.06562962962973e+02	9.65631333933895e-01	2.18675792640874e+00
1.95015988298939e+00	2.78511695060000e+00	9.59931088745381e-01	3.39999999966774e+00	6.71783333333343e+02	9.58075803602011e-01	2.18832872273553e+00
4.99999999657698e-02	8.66025403780000e-02	1.04719755149082e+00	9.99999999825005e-02	9.33794444444467e+02	1.03762092959090e+00	2.10906783608196e+00
9.99999999316218e-02	1.73205080760000e-01	1.04719755150046e+00	1.99999999968506e-01	9.30894444444467e+02	1.03919172591770e+00	2.10797171064518e+00
1.49999999897638e-01	2.59807621140000e-01	1.04719755149987e+00	2.99999999952862e-01	9.23894444444465e+02	1.03975663081893e+00	2.10738035202803e+00
1.99999999863898e-01	3.46410161510000e-01	1.04719755148655e+00	3.99999999928679e-01	9.14194444444463e+02	1.04062743376039e+00	2.10733846412599e+00
2.49999999830484e-01	4.33012701890000e-01	1.04719755148799e+00	4.99999999913320e-01	8.95366666666708e+02	1.04079001118021e+00	2.10723153974444e+00
2.99999999797474e-01	5.19615242270000e-01	1.04719755148837e+00	5.99999999898163e-01	8.49842857142888e+02	1.04073110631796e+00	2.10417143953187e+00
3.49999999764946e-01	6.06217782650000e-01	1.04719755148804e+00	6.99999999883246e-01	8.09442857142879e+02	1.04226434012390e+00	2.10389318418255e+00
3.99999999732973e-01	6.92820323030000e-01	1.04719755148719e+00	7.99999999868607e-01	7.94242857142875e+02	1.04375719924164e+00	2.10469571830587e+00
4.49999999701631e-01	7.79422863410000e-01	1.04719755148593e+00	8.99999999854284e-01	7.77842857142871e+02	1.04699119167916e+00	2.10325932166479e+00
4.99999999670989e-01	8.66025403780000e-01	1.04719755147931e+00	9.99999999831651e-01	7.44862500000027e+02	1.04241784237364e+00	2.10464531842373e+00
5.49999999641115e-01	9.52627944160000e-01	1.04719755147784e+00	1.09999999981806e+00	6.97966666666683e+02	1.04432083792360e+00	2.10183020500669e+00
5.99999999612074e-01	1.03923048450000e+00	1.04719755145934e+00	1.19999999977025e+00	6.84125000000014e+02	1.04670994983682e+00	2.10614465891762e+00
6.49999999583929e-01	1.12583302490000e+00	1.04719755146617e+00	1.29999999977484e+00	6.66554166666676e+02	1.04483873871253e+00	2.10205709780945e+00
6.99999999556736e-01	1.21243556530000e+00	1.04719755147143e+00	1.39999999977991e+00	6.31225925925943e+02	1.04674725624958e+00	2.10280260273280e+00
7.49999999530552e-01	1.29903810570000e+00	1.04719755147541e+00	1.49999999978549e+00	6.09748148148160e+02	1.04544873128610e+00	2.10349824110610e+00
7.99999999505426e-01	1.38564064610000e+00	1.04719755147832e+00	1.59999999979160e+00	6.00325925925936e+02	1.04503334292412e+00	2.10311676199816e+00
8.49999999481406e-01	1.47224318640000e+00	1.04719755145092e+00	1.69999999971165e+00	5.88088888888896e+02	1.04682487206808e+00	2.10304944215558e+00
8.99999999458535e-01	1.55884572680000e+00	1.04719755145378e+00	1.79999999971888e+00	5.68860000000016e+02	1.04710155808774e+00	2.10239307369046e+00
9.49999999436850e-01	1.64544826720000e+00	1.04719755145580e+00	1.89999999972671e+00	5.49916666666678e+02	1.04707974147209e+00	2.10252296646364e+00
9.99999999416386e-01	1.73205080760000e+00	1.04719755145709e+00	1.99999999973515e+00	5.42600000000010e+02	1.05011100438368e+00	2.10398171997551e+00
1.04999999939717e+00	1.81865334790000e+00	1.04719755143393e+00	2.09999999965760e+00	5.37760000000009e+02	1.04863590783309e+00	2.09979564976437e+00
1.09999999937924e+00	1.90525588830000e+00	1.04719755143510e+00	2.19999999966731e+00	5.33530000000008e+02	1.04917182657988e+00	2.10294285240484e+00
1.14999999936260e+00	1.99185842870000e+00	1.04719755143568e+00	2.29999999967766e+00	5.29000000000006e+02	1.04900634696685e+00	2.09893295844838e+00
1.19999999934727e+00	2.07846096910000e+00	1.04719755143575e+00	2.39999999968866e+00	5.24936363636380e+02	1.04925498638542e+00	2.10552395636909e+00
1.24999999933327e+00	2.16506350950000e+00	1.04719755143534e+00	2.49999999970033e+00	5.21818181818197e+02	1.04988099492154e+00	2.10220880719828e+00
1.29999999932060e+00	2.25166604980000e+00	1.04719755141529e+00	2.59999999962606e+00	5.19966666666681e+02	1.04781781436154e+00	2.09593099213495e+00
1.34999999930927e+00	2.33826859020000e+00	1.04719755141482e+00	2.69999999963906e+00	5.20009090909106e+02	1.04617653358418e+00	2.10062592782282e+00
1.39999999929928e+00	2.42487113060000e+00	1.04719755141396e+00	2.79999999965273e+00	5.22181818181833e+02	1.04937048611533e+00	2.10010635673011e+00
1.44999999929061e+00	2.51147367100000e+00	1.04719755141277e+00	2.89999999966707e+00	5.26100000000008e+02	1.04424295810572e+00	2.10085282062557e+00
1.49999999928327e+00	2.59807621140000e+00	1.04719755141128e+00	2.99999999968206e+00	5.31480000000007e+02	1.05188376023820e+00	2.10154596567137e+00
1.54999999927723e+00	2.68467875170000e+00	1.04719755139339e+00	3.09999999961111e+00	5.37460000000010e+02	1.04965098545940e+00	2.10119141450046e+00
1.59999999927248e+00	2.77128129210000e+00	1.04719755139189e+00	3.19999999962740e+00	5.43833333333342e+02	1.05348073650378e+00	2.09675129688339e+00
1.64999999926900e+00	2.85788383250000e+00	1.04719755139016e+00	3.29999999964433e+00	5.71716666666682e+02	1.04987314093991e+00	2.09783776434275e+00
1.69999999926676e+00	2.94448637290000e+00	1.04719755138820e+00	3.39999999966188e+00	5.93018518518526e+02	1.06686242521157e+00	2.08664584051434e+00
4.22618261343059e-02	9.06307787040000e-02	1.13446401415811e+00	9.99999999834986e-02	9.31094444444467e+02	1.12612530662917e+00	2.02080530832430e+00
8.45236522687070e-02	1.81261557410000e-01	1.13446401416191e+00	1.99999999968850e-01	9.26994444444466e+02	1.12760486983598e+00	2.02029933066134e+00
1.26785478401298e-01	2.71892336110000e-01	1.13446401416019e+00	2.99999999947999e-01	9.20294444444464e+02	1.12807946513642e+00	2.02125110922514e+00
1.69047304542173e-01	3.62523114810000e-01	1.13446401414056e+00	3.99999999930648e-01	9.04942857142900e+02	1.12899961555996e+00	2.01753080213537e+00
2.11309130673426e-01	4.53153893520000e-01	1.13446401415468e+00	4.99999999918295e-01	8.75742857142894e+02	1.12810010701123e+00	2.01830937074952e+00
2.53570956805146e-01	5.43784672220000e-01	1.13446401415634e+00	5.99999999897075e-01	8.11442857142879e+02	1.12934109302231e+00	2.01732752261072e+00
2.95832782947425e-01	6.34415450930000e-01	1.13446401414989e+00	6.99999999889381e-01	7.94142857142875e+02	1.12899745886020e+00	2.01933380313656e+00
3.38094609080349e-01	7.25046229630000e-01	1.13446401415037e+00	7.99999999868670e-01	7.81642857142872e+02	1.13278267995023e+00	2.01635270489027e+00
3.80356435224004e-01	8.15677008330000e-01	1.13446401413994e+00	8.99999999852495e-01	7.56462500000030e+02	1.13159606383616e+00	2.01652549248622e+00
4.22618261358471e-01	9.06307787040000e-01	1.13446401414415e+00	9.99999999841499e-01	6.99066666666683e+02	1.13114614288827e+00	2.01476950753984e+00
4.64880087493828e-01	9.96938565740000e-01	1.13446401414301e+00	1.09999999982182e+00	6.84566666666680e+02	1.12991513460901e+00	2.01692342755567e+00
5.07141913640152e-01	1.08756934440000e+00	1.13446401411970e+00	1.19999999977052e+00	6.68950000000011e+02	1.13482704228073e+00	2.01541022709419e+00
5.49403739777514e-01	1.17820012310000e+00	1.13446401411922e+00	1.29999999975168e+00	6.30311111111128e+02	1.13122964311407e+00	2.01721664287001e+00
5.91665565925981e-01	1.26883090190000e+00	1.13446401414181e+00	1.39999999982817e+00	6.07748148148160e+02	1.13309019034224e+00	2.01771929769458e+00
6.33927392065617e-01	1.35946168060000e+00	1.13446401413855e+00	1.49999999981030e+00	5.98337037037047e+02	1.13342379756213e+00	2.01623925848889e+00
6.76189218216481e-01	1.45009245930000e+00	1.13446401412934e+00	1.59999999979717e+00	5.84566666666686e+02	1.13204811067382e+00	2.01512224776761e+00
7.18451044358627e-01	1.54072323800000e+00	1.13446401412586e+00	1.69999999978035e+00	5.57116666666680e+02	1.13177838840981e+00	2.01573560633331e+00
7.60712870502104e-01	1.63135401670000e+00	1.13446401412209e+00	1.79999999976410e+00	5.43300000000010e+02	1.13309393033350e+00	2.01530752118052e+00
8.02974696656958e-01	1.72198479540000e+00	1.13446401411330e+00	1.89999999975266e+00	5.37260000000009e+02	1.13553580462333e+00	2.01546104697535e+00
8.45236522803227e-01	1.81261557410000e+00	1.13446401410927e+00	1.99999999973759e+00	5.31300000000007e+02	1.13259651149668e+00	2.01924122480232e+00
8.87498348960948e-01	1.90324635280000e+00	1.13446401410069e+00	2.09999999972736e+00	5.23936363636380e+02	1.13380078868056e+00	2.01369805909799e+00
9.29760175110148e-01	1.99387713150000e+00	1.13446401409639e+00	2.19999999971353e+00	5.14218181818195e+02	1.13922003600800e+00	2.01040985878723e+00
9.72022001260853e-01	2.08450791020000e+00	1.13446401409188e+00	2.29999999970033e+00	5.02236363636375e+02	1.13425893760920e+00	2.01401221836334e+00
1.01428382744308e+00	2.17513868890000e+00	1.13446401407584e+00	2.39999999970046e+00	4.95836363636373e+02	1.13748502006522e+00	2.01014805939943e+00
1.05654565362685e+00	2.26576946760000e+00	1.13446401406052e+00	2.49999999970124e+00	4.93118181818191e+02	1.13517754546110e+00	2.01353649147580e+00
1.09880747971216e+00	2.35640024630000e+00	1.13446401408070e+00	2.59999999966040e+00	4.91830303030312e+02	1.13341930957262e+00	2.01356756217237e+00
1.14106930589902e+00	2.44703102500000e+00	1.13446401406530e+00	2.69999999966249e+00	4.91509090909100e+02	1.13635333271160e+00	2.01170457575962e+00
1.18333113208743e+00	2.53766180370000e+00	1.13446401405050e+00	2.79999999966522e+00	4.92181818181827e+02	1.13201008086801e+00	2.00920558160335e+00
1.22559295817738e+00	2.62829258240000e+00	1.13446401406749e+00	2.89999999962635e+00	4.94563636363647e+02	1.13647114243611e+00	2.01448587387112e+00
1.26785478436886e+00	2.71892336110000e+00	1.13446401405268e+00	2.99999999963039e+00	5.00436363636376e+02	1.13586900384417e+00	2.01181881549247e+00
1.31011661056186e+00	2.80955413980000e+00	1.13446401403837e+00	3.09999999963507e+00	5.14654545454561e+02	1.13491779940183e+00	2.01081262707615e+00
1.35237843675635e+00	2.90018491850000e+00	1.13446401402454e+00	3.19999999964038e+00	5.28533333333339e+02	1.13725654059951e+00	2.01037763732411e+00
1.39464026285231e+00	2.99081569720000e+00	1.13446401403861e+00	3.29999999960404e+00	5.39016666666674e+02	1.13848699772216e+00	2.00948047096054e+00
1.43690208904972e+00	3.08144647590000e+00	1.13446401402481e+00	3.39999999961059e+00	5.77206666666683e+02	1.13521450537467e+00	2.00866452953523e+00
3.42020142881440e-02	9.39692620790000e-02	1.22173047681487e+00	9.99999999851910e-02	9.28994444444466e+02	1.21478919929442e+00	1.93177484267010e+00
6.84040285753957e-02	1.87938524160000e-01	1.22173047682248e+00	1.99999999971956e-01	9.23994444444465e+02	1.21586835177089e+00	1.93089465272837e+00
1.02606042865862e-01	2.81907786240000e-01	1.22173047681381e+00	2.99999999958881e-01	9.14650000000018e+02	1.21523715344691e+00	1.93159515309029e+00
1.36808057151650e-01	3.75877048310000e-01	1.22173047681191e+00	3.99999999934809e-01	8.98042857142899e+02	1.21494669892612e+00	1.93115196412666e+00
1.71010071437863e-01	4.69846310390000e-01	1.22173047681682e+00	4.99999999920279e-01	8.20142857142881e+02	1.21555131271227e+00	1.93184386250870e+00
2.05212085734606e-01	5.63815572470000e-01	1.22173047680360e+00	5.99999999909351e-01	7.98042857142876e+02	1.21641784592072e+00	1.92905212903699e+00
2.39414100021979e-01	6.57784834550000e-01	1.22173047680673e+00	6.99999999895218e-01	7.87042857142873e+02	1.21745809410602e+00	1.93228368548021e+00
2.73616114310082e-01	7.51754096630000e-01	1.22173047680822e+00	7.99999999881335e-01	7.70242857142870e+02	1.22059513971761e+00	1.93086211480446e+00
3.07818128599010e-01	8.45723358710000e-01	1.22173047680852e+00	8.99999999867733e-01	7.06666666666685e+02	1.21751740334948e+00	1.92837570956612e+00
3.42020142898856e-01	9.39692620790000e-01	1.22173047679850e+00	9.99999999857866e-01	6.86466666666680e+02	1.21813370187352e+00	1.92985044717018e+00
3.76222157189709e-01	1.03366188290000e+00	1.22173047680732e+00	1.09999999987311e+00	6.74250000000012e+02	1.22014222677672e+00	1.92965860761878e+00
4.10424171481654e-01	1.12763114490000e+00	1.22173047678245e+00	1.19999999978537e+00	6.47944444444466e+02	1.21642467546997e+00	1.92845094244283e+00
4.44626185774771e-01	1.22160040700000e+00	1.22173047678688e+00	1.29999999979199e+00	6.08022222222234e+02	1.21981235954809e+00	1.92878080967145e+00
4.78828200079138e-01	1.31556966910000e+00	1.22173047678312e+00	1.39999999980247e+00	5.98748148148158e+02	1.21998252915016e+00	1.92876510170819e+00
5.13030214374825e-01	1.40953893120000e+00	1.22173047678530e+00	1.49999999980997e+00	5.86713333333353e+02	1.21720324408412e+00	1.92916478210689e+00
5.47232228671900e-01	1.50350819330000e+00	1.22173047678639e+00	1.59999999981795e+00	5.54093333333345e+02	1.21911746917304e+00	1.92835145867546e+00
5.81434242970424e-01	1.59747745530000e+00	1.22173047676643e+00	1.69999999973246e+00	5.40866666666676e+02	1.21864342528157e+00	1.92995890691655e+00
6.15636257280452e-01	1.69144671740000e+00	1.22173047676169e+00	1.79999999974487e+00	5.34916666666674e+02	1.22119316431917e+00	1.92819961503054e+00
6.49838271582036e-01	1.78541597950000e+00	1.22173047676162e+00	1.89999999975439e+00	5.27900000000007e+02	1.21896275164010e+00	1.92867333413330e+00
6.84040285885220e-01	1.87938524160000e+00	1.22173047676081e+00	1.99999999976446e+00	5.17154545454560e+02	1.21945282172218e+00	1.93058722544727e+00
7.18242300190043e-01	1.97335450370000e+00	1.22173047675934e+00	2.09999999977508e+00	4.98236363636374e+02	1.21887062975026e+00	1.92552701728024e+00
7.52444314506538e-01	2.06732376570000e+00	1.22173047673747e+00	2.19999999969574e+00	4.91036363636372e+02	1.22047383933459e+00	1.92419059373871e+00
7.86646328814734e-01	2.16129302780000e+00	1.22173047673577e+00	2.29999999970752e+00	4.87618181818189e+02	1.22294348022617e+00	1.92942121125084e+00
8.20848343124650e-01	2.25526228990000e+00	1.22173047673353e+00	2.39999999971989e+00	4.85418181818189e+02	1.22315053974197e+00	1.92602069612580e+00
8.55050357436304e-01	2.34923155200000e+00	1.22173047673082e+00	2.49999999973286e+00	4.84272727272734e+02	1.22726317012485e+00	1.92783833187538e+00
8.89252371759705e-01	2.44320081400000e+00	1.22173047671092e+00	2.59999999965587e+00	4.82981818181825e+02	1.22390166598551e+00	1.92573917678411e+00
9.23454386074857e-01	2.53717007610000e+00	1.22173047670803e+00	2.69999999967003e+00	4.82566666666673e+02	1.22362617247589e+00	1.92988036710021e+00
9.57656400391758e-01	2.63113933820000e+00	1.22173047670476e+00	2.79999999968479e+00	4.82766666666673e+02	1.22152976353205e+00	1.92619613571555e+00
9.91858414710402e-01	2.72510860030000e+00	1.22173047670115e+00	2.89999999970015e+00	4.83936363636372e+02	1.22630323903626e+00	1.92597955622200e+00
1.02606042906078e+00	2.81907786240000e+00	1.22173047668784e+00	2.99999999972636e+00	4.85936363636372e+02	1.22180727088312e+00	1.92705293371198e+00
1.06026244335286e+00	2.91304712440000e+00	1.22173047668203e+00	3.09999999963866e+00	4.88684848484855e+02	1.22291730028739e+00	1.92317830277255e+00
1.09446445764664e+00	3.00701638650000e+00	1.22173047668677e+00	3.19999999964551e+00	4.97484848484857e+02	1.22256286419314e+00	1.92096307718348e+00
1.12866647204208e+00	3.10098564860000e+00	1.22173047666228e+00	3.29999999968713e+00	5.24851515151530e+02	1.22336235924665e+00	1.92133074709294e+00
1.16286848633915e+00	3.19495491070000e+00	1.22173047666641e+00	3.39999999969511e+00	5.39706666666675e+02	1.22447500664479e+00	1.92347635130635e+00
1.19707050063782e+00	3.28892417280000e+00	1.22173047666988e+00	3.49999999970363e+00	6.21425925925940e+02	1.22682334715335e+00	1.91540048096048e+00
2.58819044603236e-02	9.65925826290000e-02	1.30899693947826e+00	9.99999999871675e-02	9.25294444444465e+02	1.30283989339360e+00	1.84510803630254e+00
5.17638089217663e-02	1.93185165260000e-01	1.30899693947544e+00	1.99999999976557e-01	9.20794444444464e+02	1.30356289431160e+00	1.84524859283220e+00
7.76457133824469e-02	2.89777747890000e-01	1.30899693947610e+00	2.99999999964782e-01	9.11950000000018e+02	1.30348249189092e+00	1.84379059422200e+00
1.03527617842483e-01	3.86370330520000e-01	1.30899693947798e+00	3.99999999952842e-01	8.94142857142898e+02	1.30093875383929e+00	1.84282200144977e+00
1.29409522303991e-01	4.82962913140000e-01	1.30899693947109e+00	4.99999999931622e-01	7.96742857142876e+02	1.30257342921671e+00	1.84401016790209e+00
1.55291426766085e-01	5.79555495770000e-01	1.30899693946986e+00	5.99999999920214e-01	7.89442857142874e+02	1.30231702692398e+00	1.84638792234186e+00
1.81173331228878e-01	6.76148078400000e-01	1.30899693946803e+00	6.99999999908987e-01	7.79842857142872e+02	1.30270066371918e+00	1.84401016790209e+00
2.07055235692478e-01	7.72740661030000e-01	1.30899693946567e+00	7.99999999897968e-01	7.61066666666697e+02	1.30386567099488e+00	1.84154617366398e+00
2.32937140156992e-01	8.69333243660000e-01	1.30899693946286e+00	8.99999999887186e-01	6.89066666666681e+02	1.30356972386085e+00	1.84264881108553e+00
2.58819044622523e-01	9.65925826290000e-01	1.30899693945963e+00	9.99999999876667e-01	6.79050000000013e+02	1.30621139350956e+00	1.84418880748435e+00
2.84700949089169e-01	1.06251840890000e+00	1.30899693945130e+00	1.09999999984712e+00	6.65944444444470e+02	1.30326554624439e+00	1.84164088344251e+00
3.10582853557024e-01	1.15911099150000e+00	1.30899693944123e+00	1.19999999980822e+00	6.10622222222235e+02	1.30354496674483e+00	1.84262977113006e+00
3.36464758026178e-01	1.25570357420000e+00	1.30899693945165e+00	1.29999999986626e+00	6.00648148148158e+02	1.30466928128961e+00	1.84219686266870e+00
3.62346662496715e-01	1.35229615680000e+00	1.30899693944115e+00	1.39999999982806e+00	5.91725925925934e+02	1.30623931877760e+00	1.84088166521789e+00
3.88228566968715e-01	1.44888873940000e+00	1.30899693943110e+00	1.49999999979023e+00	5.66293333333348e+02	1.30275805820035e+00	1.83846002088075e+00
4.14110471442251e-01	1.54548132210000e+00	1.30899693943755e+00	1.59999999984940e+00	5.39766666666676e+02	1.30478196885218e+00	1.83896616636383e+00
4.39992375917393e-01	1.64207390470000e+00	1.30899693942711e+00	1.69999999981239e+00	5.34500000000008e+02	1.30675419090693e+00	1.84049281612719e+00
4.65874280394200e-01	1.73866648730000e+00	1.30899693941694e+00	1.79999999977582e+00	5.28260000000006e+02	1.30615021512631e+00	1.84212521230994e+00
4.91756184872730e-01	1.83525906990000e+00	1.30899693940696e+00	1.89999999973968e+00	5.16800000000014e+02	1.30497625155576e+00	1.84070197563808e+00
5.17638089363032e-01	1.93185165260000e+00	1.30899693940524e+00	1.99999999980319e+00	4.92590909090918e+02	1.30485302868601e+00	1.84139833400969e+00
5.43519993845150e-01	2.02844423520000e+00	1.30899693939511e+00	2.09999999976799e+00	4.86990909090917e+02	1.30424266211331e+00	1.84232417984466e+00
5.69401898329119e-01	2.12503681780000e+00	1.30899693938510e+00	2.19999999973326e+00	4.84436363636371e+02	1.30839018041461e+00	1.84114084661181e+00
5.95283802814971e-01	2.22162940050000e+00	1.30899693938642e+00	2.29999999979562e+00	4.82036363636370e+02	1.30449398952560e+00	1.84012506498715e+00
6.21165707302730e-01	2.31822198310000e+00	1.30899693937608e+00	2.39999999976187e+00	4.79418181818188e+02	1.30698108370969e+00	1.84128745426898e+00
6.47047611792412e-01	2.41481456570000e+00	1.30899693936582e+00	2.49999999972863e+00	4.77509090909096e+02	1.30909293210461e+00	1.84067658903078e+00
6.72929516284029e-01	2.51140714840000e+00	1.30899693936559e+00	2.59999999979248e+00	4.76009090909096e+02	1.30652293478105e+00	1.83891697981218e+00
6.98811420777585e-01	2.60799973100000e+00	1.30899693935509e+00	2.69999999976023e+00	4.74850000000013e+02	1.30852878009051e+00	1.83921923910536e+00
7.24693325273079e-01	2.70459231360000e+00	1.30899693934467e+00	2.79999999972849e+00	4.75544444444458e+02	1.30839480040381e+00	1.84317240986113e+00
7.50575229770502e-01	2.80118489620000e+00	1.30899693933434e+00	2.89999999969725e+00	4.76990909090914e+02	1.30858421996086e+00	1.83654015870355e+00
7.76457134269842e-01	2.89777747890000e+00	1.30899693933270e+00	2.99999999976310e+00	4.78836363636371e+02	1.30854315339023e+00	1.83771746261717e+00
8.02339038771078e-01	2.99437006150000e+00	1.30899693932222e+00	3.09999999973284e+00	4.82072727272735e+02	1.30971875730782e+00	1.83705378416914e+00
8.28220943274187e-01	3.09096264410000e+00	1.30899693931184e+00	3.19999999970307e+00	4.85184848484855e+02	1.31016496703362e+00	1.83626090602323e+00
8.54102847779137e-01	3.18755522680000e+00	1.30899693930939e+00	3.29999999977037e+00	4.94751515151523e+02	1.31192082479001e+00	1.83628946595645e+00
8.79984752285893e-01	3.28414780940000e+00	1.30899693929896e+00	3.39999999974154e+00	5.30606666666673e+02	1.31062625518570e+00	1.83508804476589e+00
9.05866656794415e-01	3.38074039200000e+00	1.30899693928863e+00	3.49999999971317e+00	5.98766666666678e+02	1.31255741066982e+00	1.83474246957400e+00
1.73648177128812e-02	9.84807753010000e-02	1.39626340212502e+00	9.99999999904382e-02	9.21294444444464e+02	1.38595413581054e+00	1.76105716188230e+00
3.47296354248922e-02	1.96961550600000e-01	1.39626340212757e+00	1.99999999978756e-01	9.17394444444464e+02	1.38772761553434e+00	1.76041624548631e+00
5.20944531381622e-02	2.95442325900000e-01	1.39626340212487e+00	2.99999999968277e-01	9.10450000000017e+02	1.38599396545483e+00	1.75824066077620e+00
6.94592708518196e-02	3.93923101200000e-01	1.39626340212256e+00	3.99999999957865e-01	7.86442857142873e+02	1.38759435120081e+00	1.75873836730465e+00
8.68240885649911e-02	4.92403876510000e-01	1.39626340212561e+00	4.99999999957217e-01	7.88542857142874e+02	1.38760075074140e+00	1.75804952891546e+00
1.04188906279801e-01	5.90884651810000e-01	1.39626340212206e+00	5.99999999947005e-01	7.82742857142872e+02	1.38844829320392e+00	1.76033357199542e+00
1.21553723998372e-01	6.89365427110000e-01	1.39626340211423e+00	6.99999999937447e-01	7.74833333333347e+02	1.39168746562933e+00	1.75823516848135e+00
1.38918541707823e-01	7.87846202410000e-01	1.39626340211958e+00	7.99999999926304e-01	6.85366666666680e+02	1.39026274146095e+00	1.75931282996131e+00
1.56283359428270e-01	8.86326977710000e-01	1.39626340211171e+00	8.99999999917072e-01	6.81166666666679e+02	1.39102628782061e+00	1.75871189967424e+00
1.73648177149824e-01	9.84807753010000e-01	1.39626340210433e+00	9.99999999908031e-01	6.74150000000012e+02	1.39073398035899e+00	1.75701737292909e+00
1.91012994862593e-01	1.08328852830000e+00	1.39626340210458e+00	1.09999999988762e+00	6.61622222222246e+02	1.38945836284194e+00	1.75721245087291e+00
2.08377812586679e-01	1.18176930360000e+00	1.39626340209694e+00	1.19999999987902e+00	6.01322222222233e+02	1.39078848428326e+00	1.75496845612034e+00
2.25742630312180e-01	1.28025007890000e+00	1.39626340208941e+00	1.29999999987066e+00	5.95511111111120e+02	1.39267325932411e+00	1.75926771991295e+00
2.43107448029188e-01	1.37873085420000e+00	1.39626340208892e+00	1.39999999986083e+00	5.87323333333353e+02	1.39075165181767e+00	1.75580247417005e+00
2.60472265757790e-01	1.47721162950000e+00	1.39626340208089e+00	1.49999999985301e+00	5.39893333333342e+02	1.38833960679141e+00	1.75386850500830e+00
2.77837083488066e-01	1.57569240480000e+00	1.39626340207284e+00	1.59999999984549e+00	5.34666666666675e+02	1.39177463292549e+00	1.75375276212106e+00
2.95201901210089e-01	1.67417318010000e+00	1.39626340207051e+00	1.69999999983653e+00	5.30216666666673e+02	1.39292563393395e+00	1.75474966663197e+00
3.12566718943928e-01	1.77265395540000e+00	1.39626340206197e+00	1.79999999982962e+00	5.23900000000016e+02	1.39153276599108e+00	1.75463185690746e+00
3.29931536679644e-01	1.87113473070000e+00	1.39626340205336e+00	1.89999999982304e+00	4.89254545454553e+02	1.39192974906276e+00	1.75314614538170e+00
3.47296354407290e-01	1.96961550600000e+00	1.39626340204959e+00	1.99999999981506e+00	4.85300000000007e+02	1.39217351338162e+00	1.75376637893132e+00
3.64661172146915e-01	2.06809628130000e+00	1.39626340204056e+00	2.09999999980915e+00	4.82490909090916e+02	1.39155418594099e+00	1.75564763853212e+00
3.82025989888556e-01	2.16657705660000e+00	1.39626340203144e+00	2.19999999980360e+00	4.80436363636370e+02	1.39694487333522e+00	1.75404542627879e+00
3.99390807622249e-01	2.26505783190000e+00	1.39626340202653e+00	2.29999999979667e+00	4.78036363636369e+02	1.39341058159993e+00	1.75334903990724e+00
4.16755625368018e-01	2.36353860720000e+00	1.39626340201706e+00	2.39999999979183e+00	4.75616666666680e+02	1.39272514320278e+00	1.75430229767811e+00
4.34120443115884e-01	2.46201938250000e+00	1.39626340200753e+00	2.49999999978736e+00	4.73086111111124e+02	1.39220660191536e+00	1.74976238829440e+00
4.51485260855857e-01	2.56050015780000e+00	1.39626340200172e+00	2.59999999978152e+00	4.70675000000013e+02	1.39270427248236e+00	1.75323718016882e+00
4.68850078607942e-01	2.65898093310000e+00	1.39626340199192e+00	2.69999999977778e+00	4.68650000000012e+02	1.39378503405763e+00	1.75103134532702e+00
4.86214896362139e-01	2.75746170840000e+00	1.39626340198208e+00	2.79999999977441e+00	4.68300000000013e+02	1.39280546801495e+00	1.75169970376411e+00
5.03579714108438e-01	2.85594248370000e+00	1.39626340197561e+00	2.89999999976967e+00	4.71766666666679e+02	1.39162888115094e+00	1.75260478164764e+00
5.20944531866824e-01	2.95442325900000e+00	1.39626340196559e+00	2.99999999976702e+00	4.74516666666681e+02	1.39370026092253e+00	1.75231755031931e+00
5.38309349627277e-01	3.05290403430000e+00	1.39626340195556e+00	3.09999999976474e+00	4.77672727272734e+02	1.39710552295955e+00	1.75072763125463e+00
5.55674167379769e-01	3.15138480960000e+00	1.39626340194862e+00	3.19999999976107e+00	4.80596969696975e+02	1.39899608853859e+00	1.74923878951880e+00
5.73038985144267e-01	3.24986558490000e+00	1.39626340193850e+00	3.29999999975948e+00	4.84451515151521e+02	1.39898486856482e+00	1.75083052979662e+00
5.90403802910734e-01	3.34834636020000e+00	1.39626340192842e+00	3.39999999975824e+00	5.24369696969712e+02	1.39400320021413e+00	1.74938016118821e+00
6.07768620669124e-01	3.44682713550000e+00	1.39626340192118e+00	3.49999999975560e+00	5.89366666666676e+02	1.39952062231200e+00	1.74654599581572e+00
8.71557421665065e-03	9.96194698090000e-02	1.48352986477397e+00	9.99999999947610e-02	9.15894444444463e+02	1.46555759288884e+00	1.68100910906947e+00
7.84401679661377e-02	8.96575228280000e-01	1.48352986475585e+00	8.99999999953272e-01	6.73550000000012e+02	1.47068141063685e+00	1.67511029286347e+00
8.71557421890836e-02	9.96194698090000e-01	1.48352986475148e+00	9.99999999949578e-01	6.69950000000011e+02	1.47178071833646e+00	1.67470764540503e+00
1.04586890641001e-01	1.19543363770000e+00	1.48352986473919e+00	1.19999999993275e+00	5.95711111111120e+02	1.47334063202204e+00	1.67113530549205e+00
1.22018039096995e-01	1.39467257730000e+00	1.48352986472689e+00	1.39999999990632e+00	5.87423333333353e+02	1.47477821727295e+00	1.67034148160123e+00
1.30733613322513e-01	1.49429204710000e+00	1.48352986472362e+00	1.49999999989289e+00	5.32213333333341e+02	1.47642693714900e+00	1.66863730300013e+00
1.39449187559831e-01	1.59391151690000e+00	1.48352986471341e+00	1.59999999988049e+00	5.31093333333340e+02	1.47533679002082e+00	1.66849985832154e+00
1.48164761789026e-01	1.69353098680000e+00	1.48352986471428e+00	1.69999999996699e+00	5.27466666666673e+02	1.47735139864312e+00	1.66913939682602e+00
1.56880336030172e-01	1.79315045660000e+00	1.48352986470361e+00	1.79999999995492e+00	5.25206060606077e+02	1.47687341642752e+00	1.66679247100981e+00
1.65595910263334e-01	1.89276992640000e+00	1.48352986469824e+00	1.89999999994216e+00	4.81800000000006e+02	1.47619040562469e+00	1.66817141908957e+00
1.74311484508571e-01	1.99238939620000e+00	1.48352986468739e+00	1.99999999993045e+00	4.80854545454552e+02	1.47701455009749e+00	1.66918053672982e+00
1.83027058745933e-01	2.09200886600000e+00	1.48352986468132e+00	2.09999999991805e+00	4.79500000000006e+02	1.47683249883089e+00	1.67060657339512e+00
1.91742632985463e-01	2.19162833580000e+00	1.48352986467481e+00	2.19999999990584e+00	4.78036363636369e+02	1.47839725363335e+00	1.67001353478191e+00
2.00458207237196e-01	2.29124780560000e+00	1.48352986466359e+00	2.29999999989469e+00	4.76118181818187e+02	1.47561588686817e+00	1.67179853060781e+00
2.09173781481161e-01	2.39086727540000e+00	1.48352986465652e+00	2.39999999988286e+00	4.75216666666680e+02	1.47661399703415e+00	1.67054189354637e+00
2.17889355737378e-01	2.49048674520000e+00	1.48352986464514e+00	2.49999999987211e+00	4.74386111111124e+02	1.47535735997272e+00	1.67284264816621e+00
2.26604929985859e-01	2.59010621500000e+00	1.48352986463760e+00	2.59999999986068e+00	4.39386111111116e+02	1.47740463118531e+00	1.67222143731118e+00
2.35320504246611e-01	2.68972568480000e+00	1.48352986462609e+00	2.69999999985032e+00	4.39575000000006e+02	1.47662367222892e+00	1.67139979000178e+00
2.61467227022430e-01	2.98858409430000e+00	1.48352986460120e+00	2.99999999991829e+00	4.74816666666681e+02	1.47905230133234e+00	1.66438633544075e+00
2.70182801292172e-01	3.08820356410000e+00	1.48352986458946e+00	3.09999999990871e+00	4.76172727272734e+02	1.48005867282516e+00	1.66501678820560e+00
2.78898375554105e-01	3.18782303390000e+00	1.48352986458088e+00	3.19999999989846e+00	4.77896969696974e+02	1.48559371603566e+00	1.65827222890485e+00
2.87613949828194e-01	3.28744250370000e+00	1.48352986456916e+00	3.29999999988926e+00	4.80296969696975e+02	1.48320301162617e+00	1.66859803309196e+00
2.96329524094397e-01	3.38706197350000e+00	1.48352986456043e+00	3.39999999987937e+00	5.24369696969712e+02	1.48071676744009e+00	1.66420634836163e+00
3.05045098372667e-01	3.48668144330000e+00	1.48352986454877e+00	3.49999999987054e+00	5.86480000000021e+02	1.48149655561661e+00	1.66140883490344e+00