y	z	phi	r	period	thetamin	thetamax
1.00000000004226e-01	4.61754593366297e-22	4.61754593346783e-21	1.00000000004226e-01	4.58888333333443e+03	-9.33053018116160e-03	1.15667729518535e-02
2.00000000008443e-01	9.21295422267406e-22	4.60647711114257e-21	2.00000000008443e-01	5.62558333333820e+03	-1.43094033804955e-02	1.47985548682258e-02
3.00000000012639e-01	1.37642640169403e-21	4.58808800545347e-21	3.00000000012639e-01	6.76858333334236e+03	-3.12866838001488e-02	3.06438402057785e-02
5.00000000020931e-01	2.26486736844373e-21	4.52973473669784e-21	5.00000000020931e-01	6.71260000000883e+03	-2.37495677965128e-01	2.41435640823854e-01
6.00000000025006e-01	2.69402876953989e-21	4.49004794904602e-21	6.00000000025006e-01	4.61400000000119e+03	-4.93753645389196e-01	5.31976356007872e-01
7.00000000029023e-01	3.11051540297203e-21	4.44359343263295e-21	7.00000000029023e-01	3.96324999999867e+03	4.11548637620263e-02	3.12422149421112e+00
8.00000000032971e-01	3.51247117959576e-21	4.39058897431375e-21	8.00000000032971e-01	3.12774999999943e+03	3.41648201077890e-02	3.12431389399505e+00
9.00000000036841e-01	3.89815305453495e-21	4.33128117152820e-21	9.00000000036841e-01	2.77559999999929e+03	4.29350995990605e-02	3.11982590448992e+00
1.00000000004062e+00	4.26594352207908e-21	4.26594352190580e-21	1.00000000004062e+00	2.33299999999970e+03	3.86987095055834e-02	3.12038690317806e+00
1.10000000004431e+00	4.61436175618342e-21	4.19487432363413e-21	1.10000000004431e+00	2.11266666666626e+03	4.64257581030492e-02	3.11685261144277e+00
1.20000000004790e+00	4.94207329115391e-21	4.11839440913053e-21	1.20000000004790e+00	1.85524166666649e+03	4.38409254808456e-02	3.11745475003471e+00
1.30000000005137e+00	5.24789815711681e-21	4.03684473608418e-21	1.30000000005137e+00	1.69306428571404e+03	4.61971199710379e-02	3.11341256748709e+00
1.40000000005473e+00	5.53081740580718e-21	3.95058386113640e-21	1.40000000005473e+00	1.53348749999974e+03	4.79092879672443e-02	3.11360391903963e+00
1.50000000005796e+00	5.78997798371413e-21	3.85998532232694e-21	1.50000000005796e+00	1.39468749999987e+03	4.57774929523084e-02	3.11349285263268e+00
1.60000000006107e+00	6.02469593134484e-21	3.76543495694680e-21	1.60000000006107e+00	1.29789999999983e+03	5.44617526447316e-02	3.11160789704053e+00
1.70000000006403e+00	6.23445790896519e-21	3.66732818160610e-21	1.70000000006403e+00	1.19539999999992e+03	5.15810243811274e-02	3.11073523241453e+00
1.80000000006686e+00	6.41892107030547e-21	3.56606726114836e-21	1.80000000006686e+00	1.12271999999992e+03	5.61447487091547e-02	3.10724457391054e+00
1.90000000006953e+00	6.57791132606024e-21	3.46205859253659e-21	1.90000000006953e+00	1.05045000000000e+03	5.48656717001932e-02	3.10656389550227e+00
2.00000000007206e+00	6.71142005826098e-21	3.35571002900958e-21	2.00000000007206e+00	9.86450000000018e+02	5.48796966673967e-02	3.10860593072710e+00
2.10000000007443e+00	6.81959936448351e-21	3.24742826868657e-21	2.10000000007443e+00	9.36362500000024e+02	5.74597296341573e-02	3.10357938248136e+00
2.20000000007665e+00	6.90275592712224e-21	3.13761633040079e-21	2.20000000007665e+00	8.84487500000011e+02	6.02871630223881e-02	3.10632827605325e+00
2.30000000007870e+00	6.96134361741259e-21	3.02667113790191e-21	2.30000000007870e+00	8.46626923076941e+02	6.52778073520908e-02	3.10416843110391e+00
2.40000000008059e+00	6.99595495633690e-21	2.91498123170916e-21	2.40000000008059e+00	8.07384615384624e+02	6.26119415860446e-02	3.10405062137940e+00
2.50000000008232e+00	7.00731156487548e-21	2.80292462585790e-21	2.50000000008232e+00	7.76257142857157e+02	6.40099503168920e-02	3.09918115276633e+00
2.60000000008389e+00	6.99625374417180e-21	2.69086682459464e-21	2.60000000008389e+00	7.45378571428578e+02	6.54176254866736e-02	3.09361604577997e+00
2.70000000008529e+00	6.96372933201804e-21	2.57915901177706e-21	2.70000000008529e+00	7.21180000000013e+02	6.59106138723139e-02	3.09660504679039e+00
2.80000000008652e+00	6.91078198562514e-21	2.46813642336128e-21	2.80000000008652e+00	6.96440000000007e+02	6.82511003992383e-02	3.09991419105217e+00
2.90000000008759e+00	6.83853904195003e-21	2.35811691094603e-21	2.90000000008759e+00	6.78625000000012e+02	7.18796399141345e-02	3.09870991386829e+00
3.00000000008850e+00	6.74819910598002e-21	2.24939970192698e-21	3.00000000008850e+00	6.59631250000008e+02	7.11570736038088e-02	3.09816013515391e+00
3.10000000008924e+00	6.64101951442141e-21	2.14226435942911e-21	3.10000000008924e+00	6.46531250000005e+02	7.30027592877928e-02	3.09321212672451e+00
3.20000000008983e+00	6.51830381734247e-21	2.03696994286234e-21	3.20000000008983e+00	5.99791666666677e+02	7.39452370838698e-02	3.08592363176818e+00
3.30000000009026e+00	6.38138941363885e-21	1.93375436771646e-21	3.30000000009026e+00	5.25400000000006e+02	9.03207887907066e-02	3.09054177296896e+00
9.96194698123808e-02	8.71557427480000e-03	8.72664625972626e-02	1.00000000003197e-01	4.38468333333369e+03	-8.63312441376965e-02	8.61693984984631e-02
1.99238939626754e-01	1.74311485500000e-02	8.72664625983867e-02	2.00000000008414e-01	4.56788333333436e+03	-8.70006965545263e-02	8.96264512839351e-02
2.98858409440110e-01	2.61467228240000e-02	8.72664625950722e-02	3.00000000012513e-01	5.99398333333954e+03	-9.11010198609237e-02	9.22412139773366e-02
9.96194698122496e-01	8.71557427480000e-02	8.72664625973769e-02	1.00000000003066e+00	3.03624999999951e+03	1.86139364725195e-02	3.12978259231796e+00
1.09581416793545e+00	9.58713170220000e-02	8.72664625965966e-02	1.10000000003436e+00	2.50469999999954e+03	2.32627456015816e-02	3.12635592921988e+00
1.19543363773831e+00	1.04586891300000e-01	8.72664626000001e-02	1.20000000002835e+00	2.19166666666619e+03	3.28558231687932e-02	3.12094790186620e+00
1.29505310754109e+00	1.13302465570000e-01	8.72664625967549e-02	1.30000000002157e+00	1.89584166666646e+03	3.26071137503841e-02	3.11991566428002e+00
1.39467257734378e+00	1.22018039850000e-01	8.72664626010946e-02	1.40000000001556e+00	1.71986428571402e+03	3.91611607318635e-02	3.11483675615672e+00
1.49429204714637e+00	1.30733614120000e-01	8.72664625982202e-02	1.50000000000859e+00	1.55101428571417e+03	4.12691034948841e-02	3.11431791736999e+00
1.59391151694885e+00	1.39449188400000e-01	8.72664626019373e-02	1.60000000000238e+00	1.40208749999986e+03	4.14690230273853e-02	3.11473203640160e+00
1.69353098685122e+00	1.48164762670000e-01	8.72664625942360e-02	1.70000000009480e+00	1.30359999999982e+03	4.75951287018854e-02	3.10986256778854e+00
1.79315045665348e+00	1.56880336950000e-01	8.72664625977721e-02	1.80000000008837e+00	1.20089999999992e+03	4.75951287018854e-02	3.10989398371507e+00
1.89276992645562e+00	1.65595911220000e-01	8.72664625956983e-02	1.90000000008095e+00	1.12431999999991e+03	4.71587963888868e-02	3.10528481849331e+00
1.99238939625764e+00	1.74311485500000e-01	8.72664625988181e-02	2.00000000007427e+00	1.05207499999998e+03	5.38979489631499e-02	3.11056942613559e+00
2.09200886605954e+00	1.83027059770000e-01	8.72664625969020e-02	2.10000000006661e+00	9.85540909090927e+02	5.07210133922072e-02	3.10600289681413e+00
2.19162833586131e+00	1.91742634040000e-01	8.72664625951653e-02	2.20000000005882e+00	9.36962500000024e+02	5.62188005359894e-02	3.10018646241548e+00
2.29124780566296e+00	2.00458208320000e-01	8.72664625979153e-02	2.30000000005178e+00	8.86087500000012e+02	5.43691878611884e-02	3.10240128523626e+00
2.39086727546447e+00	2.09173782590000e-01	8.72664625962905e-02	2.40000000004373e+00	8.47626923076941e+02	6.58163660927062e-02	3.10295106395064e+00
2.49048674526585e+00	2.17889356870000e-01	8.72664625987850e-02	2.50000000003642e+00	8.08884615384624e+02	6.26485935003365e-02	3.10093146867333e+00
2.59010621506710e+00	2.26604931140000e-01	8.72664625972604e-02	2.60000000002811e+00	7.78257142857157e+02	6.68710436264113e-02	3.10127554786872e+00
2.68972568486822e+00	2.35320505420000e-01	8.72664625995426e-02	2.70000000002054e+00	7.48057142857151e+02	6.37743308678728e-02	3.09850795434056e+00
2.78934515476921e+00	2.44036079690000e-01	8.72664625949953e-02	2.80000000011159e+00	7.23166666666679e+02	6.19860396650602e-02	3.09564686103104e+00
2.88896462457006e+00	2.52751653970000e-01	8.72664625972063e-02	2.90000000010376e+00	7.00440000000008e+02	6.62876049907446e-02	3.09629088752503e+00
2.98858409437079e+00	2.61467228240000e-01	8.72664625959527e-02	3.00000000009493e+00	6.82825000000013e+02	7.14712328691678e-02	3.09626395958800e+00
3.08820356417139e+00	2.70182802520000e-01	8.72664625979972e-02	3.10000000008684e+00	6.65831250000009e+02	7.10392638792992e-02	3.09742186088032e+00
3.18782303397186e+00	2.78898376790000e-01	8.72664625968044e-02	3.20000000007776e+00	6.73965625000011e+02	7.80947573804863e-02	3.09651079901078e+00
3.28744250377220e+00	2.87613951070000e-01	8.72664625987060e-02	3.30000000006941e+00	7.28470000000014e+02	7.37488875430204e-02	3.10012363056241e+00
9.84807753035094e-02	1.73648177670000e-02	1.74532925198482e-01	1.00000000002307e-01	4.37888333333367e+03	-1.71913840490659e-01	1.72248367357644e-01
1.96961550605013e-01	3.47296355330000e-02	1.74532925195299e-01	2.00000000002465e-01	4.52818333333421e+03	-1.70880200407759e-01	1.74947440896782e-01
2.95442325907504e-01	5.20944533000000e-02	1.74532925196950e-01	3.00000000003770e-01	5.74898333333865e+03	-1.75760888994586e-01	1.77579318075641e-01
6.89365427127232e-01	1.21553724370000e-01	1.74532925199227e-01	7.00000000018949e-01	6.16350000000683e+03	1.63498231463117e-01	2.97489189340868e+00
7.87846202429576e-01	1.38918542130000e-01	1.74532925190770e-01	8.00000000018893e-01	4.82330000000195e+03	1.63101018598870e-01	2.97299384784714e+00
8.86326977731874e-01	1.56283359900000e-01	1.74532925195143e-01	9.00000000020528e-01	4.52960000000088e+03	1.61863421492910e-01	2.97814256914052e+00
9.84807753034120e-01	1.73648177670000e-01	1.74532925198651e-01	1.00000000002211e+00	4.45130000000060e+03	1.61163703129156e-01	2.98728061443847e+00
1.08328852832631e+00	1.91012995430000e-01	1.74532925194156e-01	1.10000000001206e+00	4.25513333333321e+03	1.57752831105259e-01	2.99260866351763e+00
1.18176930362844e+00	2.08377813200000e-01	1.74532925197178e-01	1.20000000001353e+00	4.01933333333271e+03	1.45769899126566e-01	2.99613691372859e+00
1.28025007893050e+00	2.25742630970000e-01	1.74532925199744e-01	1.30000000001493e+00	3.81314999999880e+03	1.40743350880823e-01	3.00097223459542e+00
1.37873085423250e+00	2.43107448730000e-01	1.74532925194917e-01	1.40000000001453e+00	3.57331249999902e+03	1.33483206882588e-01	3.00837829199947e+00
1.47721162953442e+00	2.60472266500000e-01	1.74532925197309e-01	1.50000000001579e+00	3.39701249999918e+03	1.25623314238046e-01	3.01683651865724e+00
1.57569240483626e+00	2.77837084270000e-01	1.74532925199410e-01	1.60000000001698e+00	3.33677499999924e+03	1.15133552989893e-01	3.02645328283573e+00
1.67417318013802e+00	2.95201902030000e-01	1.74532925195479e-01	1.70000000001635e+00	3.34467499999923e+03	1.01644802310237e-01	3.04013769083563e+00
1.77265395543970e+00	3.12566719800000e-01	1.74532925197463e-01	1.80000000001737e+00	3.43814999999915e+03	8.58156112406650e-02	3.05586771082619e+00
1.87113473074128e+00	3.29931537570000e-01	1.74532925199248e-01	1.90000000001830e+00	3.89569999999873e+03	6.20384678084317e-02	3.07967186238754e+00
1.96961550604279e+00	3.47296355330000e-01	1.74532925195937e-01	2.00000000001742e+00	2.11216666666626e+03	7.71435529381494e-03	3.13528090834940e+00
2.06809628134419e+00	3.64661173100000e-01	1.74532925197639e-01	2.10000000001817e+00	1.40584374999986e+03	2.70605367206939e-02	3.12606948988970e+00
2.16657705664551e+00	3.82025990870000e-01	1.74532925199193e-01	2.20000000001885e+00	1.22844999999989e+03	3.50130501242582e-02	3.11952296519832e+00
2.26505783194673e+00	3.99390808630000e-01	1.74532925196338e-01	2.30000000001768e+00	1.11719999999992e+03	3.79847111752220e-02	3.11633908187440e+00
2.36353860724785e+00	4.16755626400000e-01	1.74532925197831e-01	2.40000000001816e+00	1.03600000000002e+03	4.51918103218892e-02	3.11160789704053e+00
2.46201938254888e+00	4.34120444170000e-01	1.74532925199211e-01	2.50000000001855e+00	9.66500000000013e+02	4.80888075474495e-02	3.10909462291766e+00
2.56050015784981e+00	4.51485261930000e-01	1.74532925196704e-01	2.60000000001710e+00	9.08433333333350e+02	5.11630803584623e-02	3.10860593072710e+00
2.65898093315064e+00	4.68850079700000e-01	1.74532925198036e-01	2.70000000001729e+00	8.64569230769252e+02	5.59203492338983e-02	3.10797761219638e+00
2.75746170845137e+00	4.86214897470000e-01	1.74532925199280e-01	2.80000000001738e+00	8.21669230769243e+02	5.74911455606932e-02	3.10572613746131e+00
2.85594248375201e+00	5.03579715230000e-01	1.74532925197047e-01	2.90000000001564e+00	7.93100000000018e+02	6.48065684540523e-02	3.10138026762384e+00
2.95442325905254e+00	5.20944533000000e-01	1.74532925198252e-01	3.00000000001554e+00	7.59842857142868e+02	6.27533132554561e-02	3.10148498737896e+00
3.05290403435299e+00	5.38309350770000e-01	1.74532925199384e-01	3.10000000001535e+00	7.39560000000017e+02	6.62561890642087e-02	3.09816013515391e+00
3.15138480965333e+00	5.55674168530000e-01	1.74532925197373e-01	3.20000000001332e+00	7.64060714285726e+02	5.97688002345458e-02	3.09949531203169e+00
3.24986558495359e+00	5.73038986300000e-01	1.74532925198473e-01	3.30000000001295e+00	7.58710714285725e+02	6.54629369191773e-02	3.10085666884825e+00
9.65925826306189e-02	2.58819045100000e-02	2.61799387792283e-01	1.00000000001588e-01	4.37218333333364e+03	-2.57884296954335e-01	2.58939732947805e-01
1.93185165263234e-01	5.17638090210000e-02	2.61799387794530e-01	2.00000000005364e-01	4.48798333333406e+03	-2.56743387122278e-01	2.61205304572990e-01
2.89777747894841e-01	7.76457135310000e-02	2.61799387792928e-01	3.00000000007907e-01	5.49078333333771e+03	-2.61537588411350e-01	2.63531291441513e-01
3.86370330526437e-01	1.03527618040000e-01	2.61799387789720e-01	4.00000000010180e-01	6.63738333334188e+03	-2.84385534982912e-01	2.86345698399198e-01
5.79555495779578e-01	1.55291427060000e-01	2.61799387794067e-01	6.00000000005536e-01	5.93618333333933e+03	2.56658093438753e-01	2.88148306183917e+00
6.76148078411117e-01	1.81173331570000e-01	2.61799387793472e-01	7.00000000008014e-01	4.61598333333453e+03	2.59156850228552e-01	2.87843806895968e+00
7.72740661042629e-01	2.07055236080000e-01	2.61799387793035e-01	8.00000000010465e-01	4.43628333333388e+03	2.61319422254851e-01	2.88718182629075e+00
8.69333243674111e-01	2.32937140590000e-01	2.61799387792703e-01	9.00000000012887e-01	4.21899999999975e+03	2.63304734278995e-01	2.88630085057308e+00
9.65925826305561e-01	2.58819045100000e-01	2.61799387792446e-01	1.00000000001528e+00	3.85784999999876e+03	2.54835524083692e-01	2.88649533011830e+00
1.06251840891697e+00	2.84700949610000e-01	2.61799387796951e-01	1.09999999999831e+00	3.38144999999920e+03	2.54469004940773e-01	2.88751634773072e+00
1.15911099151835e+00	3.10582854120000e-01	2.61799387802868e-01	1.19999999997166e+00	3.17794999999938e+03	2.52723675688779e-01	2.88898004430796e+00
1.25570357421968e+00	3.36464758630000e-01	2.61799387787976e-01	1.30000000004155e+00	3.12014999999943e+03	2.51013253021824e-01	2.89817963817992e+00
1.35229615682096e+00	3.62346663140000e-01	2.61799387793708e-01	1.40000000001480e+00	3.05934999999949e+03	2.49669349497789e-01	2.90052161731874e+00
1.44888873942220e+00	3.88228567650000e-01	2.61799387798682e-01	1.49999999998801e+00	2.95861249999958e+03	2.45238266526255e-01	2.90510464660162e+00
1.54548132212339e+00	4.14110472160000e-01	2.61799387786866e-01	1.60000000005776e+00	2.87461249999966e+03	2.35545042877439e-01	2.90846231259610e+00
1.64207390472453e+00	4.39992376670000e-01	2.61799387791673e-01	1.70000000003088e+00	2.80379999999927e+03	2.31369058958495e-01	2.91315398777876e+00
1.73866648732561e+00	4.65874281180000e-01	2.61799387795954e-01	1.80000000000393e+00	2.73899999999933e+03	2.25824411924292e-01	2.91936424325649e+00
1.83525906992663e+00	4.91756185690000e-01	2.61799387799793e-01	1.89999999997693e+00	2.69619999999937e+03	2.19194809927185e-01	2.92602703767597e+00
1.93185165262760e+00	5.17638090210000e-01	2.61799387795143e-01	2.00000000004906e+00	2.69063999999937e+03	2.10957946688555e-01	2.93453551777945e+00
2.02844423522851e+00	5.43519994720000e-01	2.61799387798669e-01	2.10000000002195e+00	2.72444999999934e+03	2.02580366278982e-01	2.94267271875113e+00
2.12503681782936e+00	5.69401899230000e-01	2.61799387801880e-01	2.19999999999479e+00	2.79926999999927e+03	1.91646391847370e-01	2.95336365375107e+00
2.22162940053015e+00	5.95283803740000e-01	2.61799387793567e-01	2.30000000006416e+00	2.89907499999964e+03	1.79267130795468e-01	2.96536426568842e+00
2.31822198313087e+00	6.21165708250000e-01	2.61799387796738e-01	2.40000000003686e+00	3.02318749999952e+03	1.63695101825030e-01	2.97942663280449e+00
2.41481456573153e+00	6.47047612760000e-01	2.61799387799661e-01	2.50000000000951e+00	3.18758749999937e+03	1.50784364323642e-01	2.99785652233897e+00
2.51140714843213e+00	6.72929517270000e-01	2.61799387792411e-01	2.60000000007870e+00	3.27579999999929e+03	1.26061025214487e-01	3.01875638083443e+00
2.60799973103267e+00	6.98811421780000e-01	2.61799387795290e-01	2.70000000005123e+00	3.76329999999885e+03	8.81288139164973e-02	3.05438727751390e+00
2.70459231363314e+00	7.24693326290000e-01	2.61799387797969e-01	2.80000000002370e+00	1.61551428571411e+03	1.67289808803656e-02	3.13073987896830e+00
2.80118489623355e+00	7.50575230800000e-01	2.61799387800469e-01	2.89999999999611e+00	1.17301999999987e+03	3.48716784548467e-02	3.11747220332723e+00
2.89777747893390e+00	7.76457135310000e-01	2.61799387794180e-01	3.00000000006505e+00	1.03821818181820e+03	4.48350151562315e-02	3.10954840852318e+00
2.99437006153418e+00	8.02339039820000e-01	2.61799387796652e-01	3.10000000003734e+00	9.49500000000026e+02	5.10508806208341e-02	3.10681073492505e+00
3.09096264413441e+00	8.28220944330000e-01	2.61799387798973e-01	3.20000000000957e+00	8.61623076923098e+02	5.73864258055736e-02	3.10313058353084e+00
3.18755522683457e+00	8.54102848840000e-01	2.61799387793317e-01	3.30000000007833e+00	7.71360714285727e+02	6.22977823206856e-02	3.09651079901078e+00
3.28414780943468e+00	8.79984753350000e-01	2.61799387795609e-01	3.40000000005045e+00	3.61803448275866e+02	1.28491139531823e-01	3.04640239618602e+00
9.39692620797161e-02	3.42020143330000e-02	3.49065850399087e-01	1.00000000001206e-01	4.35968333333360e+03	-3.44558036896379e-01	3.45158450012258e-01
1.87938524161431e-01	6.84040286650000e-02	3.49065850390971e-01	2.00000000003947e-01	4.44928333333392e+03	-3.44820593659456e-01	3.47297026330018e-01
2.81907786242142e-01	1.02606043000000e-01	3.49065850398807e-01	3.00000000006772e-01	4.80168333333521e+03	-3.48286082329830e-01	3.50107593796150e-01
3.75877048312847e-01	1.36808057330000e-01	3.49065850399534e-01	3.99999999998484e-01	5.84738333333901e+03	-3.78254585041458e-01	3.80565249203338e-01
4.69846310393546e-01	1.71010071660000e-01	3.49065850393134e-01	4.99999999999587e-01	5.68668333333843e+03	-5.26314944246715e-01	5.46637121724624e-01
5.63815572474237e-01	2.05212086000000e-01	3.49065850404534e-01	6.00000000004102e-01	4.58818333333443e+03	3.48694344600941e-01	2.79018307533825e+00
6.57784834554918e-01	2.39414100330000e-01	3.49065850399257e-01	7.00000000005189e-01	4.40438333333376e+03	3.52527420081988e-01	2.79537932568716e+00
7.51754096635586e-01	2.73616114660000e-01	3.49065850395305e-01	8.00000000006263e-01	4.13018333333276e+03	3.55785368019044e-01	2.79409759951772e+00
8.45723358716242e-01	3.07818128990000e-01	3.49065850392236e-01	9.00000000007325e-01	3.68534999999892e+03	3.48978583936266e-01	2.79392306659252e+00
9.39692620796883e-01	3.42020143330000e-01	3.49065850399182e-01	1.00000000001179e+00	3.19894999999936e+03	3.48930984047575e-01	2.79250626990561e+00
1.03366188290751e+00	3.76222157660000e-01	3.49065850387000e-01	1.10000000004102e+00	3.10194999999945e+03	3.50985712576060e-01	2.79909360450156e+00
1.12763114490812e+00	4.10424171990000e-01	3.49065850408205e-01	1.19999999996686e+00	2.99654999999955e+03	3.51020619161100e-01	2.80008725217798e+00
1.22160040700870e+00	4.44626186320000e-01	3.49065850399846e-01	1.29999999998665e+00	2.84054999999969e+03	3.43438908890436e-01	2.80102437498657e+00
1.31556966910927e+00	4.78828200660000e-01	3.49065850399395e-01	1.40000000000985e+00	2.65329999999940e+03	3.42695398629087e-01	2.80200612269082e+00
1.40953893120982e+00	5.13030214990000e-01	3.49065850392745e-01	1.50000000002960e+00	2.48366999999956e+03	3.41767880798027e-01	2.80254088644031e+00
1.50350819331035e+00	5.47232229320000e-01	3.49065850386930e-01	1.60000000004934e+00	2.42596999999961e+03	3.38216615256277e-01	2.80525898008423e+00
1.59747745531085e+00	5.81434243650000e-01	3.49065850401924e-01	1.69999999997508e+00	2.40196999999963e+03	3.37141979115397e-01	2.81362886051180e+00
1.69144671741133e+00	6.15636257990000e-01	3.49065850401476e-01	1.79999999999819e+00	2.38789999999965e+03	3.34398976029732e-01	2.81536967244103e+00
1.78541597951178e+00	6.49838272320000e-01	3.49065850396134e-01	1.90000000001786e+00	2.37009999999966e+03	3.29774828842999e-01	2.82046297953066e+00
1.87938524161221e+00	6.84040286650000e-01	3.49065850391330e-01	2.00000000003750e+00	2.35773999999967e+03	3.27270178699961e-01	2.82450123508746e+00
1.97335450371261e+00	7.18242300980000e-01	3.49065850386988e-01	2.10000000005712e+00	2.35609999999968e+03	3.23479323564629e-01	2.83086058021655e+00
2.06732376571299e+00	7.52444315320000e-01	3.49065850402862e-01	2.19999999998616e+00	2.36919999999966e+03	3.17506269839919e-01	2.83556662254511e+00
2.16129302781334e+00	7.86646329650000e-01	3.49065850398404e-01	2.30000000000573e+00	2.39543999999964e+03	3.11766821722784e-01	2.84357070249475e+00
2.25526228991366e+00	8.20848343980000e-01	3.49065850394321e-01	2.40000000002527e+00	2.42384999999961e+03	3.02727358758416e-01	2.85109350790316e+00
2.34923155201395e+00	8.55050358310000e-01	3.49065850390570e-01	2.50000000004479e+00	2.44976999999959e+03	2.92737530452314e-01	2.85639887249691e+00
2.44320081401421e+00	8.89252372650000e-01	3.49065850403879e-01	2.59999999997372e+00	2.49705999999955e+03	2.82633383080206e-01	2.86352243383893e+00
2.53717007611445e+00	9.23454386980000e-01	3.49065850400058e-01	2.69999999999319e+00	2.68645999999938e+03	2.68363412449604e-01	2.87505469687148e+00
2.63113933821466e+00	9.57656401310000e-01	3.49065850396513e-01	2.80000000001262e+00	3.01344999999953e+03	2.52866792687442e-01	2.89044195588937e+00
2.72510860031484e+00	9.91858415640000e-01	3.49065850393216e-01	2.90000000003203e+00	3.27094999999930e+03	2.40300422073083e-01	2.91041976648026e+00
2.81907786241499e+00	1.02606043000000e+00	3.49065850399540e-01	3.00000000006168e+00	3.35192499999922e+03	2.16125866603710e-01	2.92549034893099e+00
2.91304712441512e+00	1.06026244430000e+00	3.49065850398303e-01	3.09999999997681e+00	4.81270000000191e+03	1.76714586764426e-01	2.96487806682537e+00
9.06307787038079e-02	4.22618261740000e-02	4.36332312997345e-01	1.00000000000100e-01	4.34478333333354e+03	-4.31716065036316e-01	4.31874742088989e-01
1.81261557409616e-01	8.45236523480000e-02	4.36332312993118e-01	2.00000000002013e-01	4.41118333333379e+03	-4.33892208448198e-01	4.34366521104231e-01
2.71892336109425e-01	1.26785478520000e-01	4.36332312994118e-01	2.99999999997643e-01	4.56108333333433e+03	-4.38038995674283e-01	4.40429870083378e-01
3.62523114809236e-01	1.69047304700000e-01	4.36332313012742e-01	3.99999999996656e-01	4.74228333333499e+03	-4.87985613716072e-01	4.94015444776995e-01
4.53153893519048e-01	2.11309130870000e-01	4.36332312997337e-01	5.00000000000507e-01	4.55358333333430e+03	4.34566845332142e-01	2.70472277918160e+00
5.43784672218863e-01	2.53570957040000e-01	4.36332312994109e-01	5.99999999995298e-01	4.39468333333373e+03	4.38875873717298e-01	2.70774743477530e+00
6.34415450928680e-01	2.95832783220000e-01	4.36332312998712e-01	7.00000000003380e-01	4.14788333333283e+03	4.44496090574786e-01	2.70602007214796e+00
7.25046229628501e-01	3.38094609390000e-01	4.36332312996115e-01	7.99999999998176e-01	3.66943749999894e+03	4.38277510600402e-01	2.70484582489386e+00
8.15677008328325e-01	3.80356435570000e-01	4.36332313004165e-01	8.99999999997201e-01	3.16063749999940e+03	4.39525061854386e-01	2.70334047841402e+00
9.06307787038153e-01	4.22618261740000e-01	4.36332312997313e-01	1.00000000000107e+00	3.06583749999948e+03	4.42388605503003e-01	2.70749186870626e+00
9.96938565737985e-01	4.64880087910000e-01	4.36332312995548e-01	1.09999999999587e+00	2.90684999999963e+03	4.39997504427771e-01	2.70642165582427e+00
1.08756934439782e+00	5.07141914090000e-01	4.36332313015716e-01	1.19999999995866e+00	2.68419999999938e+03	4.36620963605643e-01	2.70752926861880e+00
1.17820012309766e+00	5.49403740260000e-01	4.36332313012804e-01	1.29999999995347e+00	2.45429999999958e+03	4.37957650864502e-01	2.70840193324480e+00
1.26883090189751e+00	5.91665566440000e-01	4.36332312986592e-01	1.40000000004315e+00	2.39019999999964e+03	4.37833296155298e-01	2.71230710744614e+00
1.35946168059736e+00	6.33927392610000e-01	4.36332312986007e-01	1.50000000003797e+00	2.34816999999968e+03	4.36693461897649e-01	2.71339357490550e+00
1.45009245929722e+00	6.76189218790000e-01	4.36332312991157e-01	1.60000000003703e+00	2.28096999999974e+03	4.32862380279461e-01	2.71491201135474e+00
1.54072323799709e+00	7.18451044960000e-01	4.36332312990367e-01	1.70000000003187e+00	2.21716999999980e+03	4.28691737532238e-01	2.71504704472318e+00
1.63135401669696e+00	7.60712871130000e-01	4.36332312989665e-01	1.80000000002671e+00	2.15103333333289e+03	4.27584419252065e-01	2.71922515626873e+00
1.72198479539684e+00	8.02974697310000e-01	4.36332312993805e-01	1.90000000002579e+00	2.08574999999962e+03	4.25870604129275e-01	2.71894372192685e+00
1.81261557409672e+00	8.45236523480000e-01	4.36332312993000e-01	2.00000000002063e+00	2.04389999999966e+03	4.23837098115266e-01	2.72269752237960e+00
1.90324635279662e+00	8.87498349660000e-01	4.36332312996582e-01	2.10000000001973e+00	2.02884166666634e+03	4.20545809914294e-01	2.72542587476875e+00
1.99387713149652e+00	9.29760175830000e-01	4.36332312995720e-01	2.20000000001460e+00	2.02982499999967e+03	4.17819739878775e-01	2.72910153817345e+00
2.08450791019642e+00	9.72022002000000e-01	4.36332312994932e-01	2.30000000000946e+00	2.04907499999965e+03	4.14390350975101e-01	2.73326414843946e+00
2.17513868889634e+00	1.01428382820000e+00	4.36332313005536e-01	2.40000000001703e+00	2.10007499999961e+03	4.08620224468167e-01	2.73796082945658e+00
2.26576946759626e+00	1.05654565440000e+00	4.36332313015291e-01	2.50000000002459e+00	2.18802499999953e+03	4.04158040902693e-01	2.74427094270079e+00
2.35640024629619e+00	1.09880748050000e+00	4.36332312989436e-01	2.59999999998990e+00	2.27776999999975e+03	3.96727052279577e-01	2.75094988708251e+00
2.44703102499612e+00	1.14106930670000e+00	4.36332312999064e-01	2.69999999999748e+00	2.37403999999966e+03	3.96586802607542e-01	2.75914658791506e+00
2.53766180369607e+00	1.18333113290000e+00	4.36332313008000e-01	2.80000000000507e+00	2.44343999999959e+03	3.84816540131535e-01	2.76914256454012e+00
2.62829258239602e+00	1.22559295900000e+00	4.36332312985069e-01	2.89999999997040e+00	2.53557999999951e+03	3.73827085829660e-01	2.77322346166387e+00
2.71892336109598e+00	1.26785478520000e+00	4.36332312993874e-01	2.99999999997800e+00	3.04389999999950e+03	3.59600159098403e-01	2.78704148268466e+00
2.80955413979594e+00	1.31011661140000e+00	4.36332313002112e-01	3.09999999998560e+00	3.26366249999930e+03	3.49057123752606e-01	2.79224755051061e+00
2.90018491849592e+00	1.35237843760000e+00	4.36332313009833e-01	3.19999999999322e+00	5.25025000000350e+03	3.21168943967302e-01	2.82177852145435e+00
8.66025403769010e-02	5.00000000000000e-02	5.23598775606013e-01	9.99999999986638e-02	4.33178333333350e+03	-5.20026591846355e-01	5.20200323168001e-01
1.73205080757805e-01	1.00000000000000e-01	5.23598775596006e-01	2.00000000000794e-01	4.37468333333365e+03	-5.22053464167661e-01	5.22128671343735e-01
2.59807621136714e-01	1.50000000000000e-01	5.23598775595995e-01	3.00000000001197e-01	4.43978333333389e+03	-5.34332550498064e-01	5.37019014985172e-01
3.46410161505630e-01	2.00000000000000e-01	5.23598775608481e-01	3.99999999992946e-01	4.45518333333395e+03	-6.41748839312055e-01	6.58767813360445e-01
4.33012701884558e-01	2.50000000000000e-01	5.23598775605960e-01	4.99999999993365e-01	4.37958333333367e+03	5.25263071706451e-01	2.62084094633381e+00
5.19615242263498e-01	3.00000000000000e-01	5.23598775604270e-01	5.99999999993795e-01	4.20048333333302e+03	5.30889888548505e-01	2.61870227633495e+00
6.06217782642453e-01	3.50000000000000e-01	5.23598775603052e-01	6.99999999994237e-01	3.77293749999884e+03	5.25558733177228e-01	2.61726083970566e+00
6.92820323021427e-01	4.00000000000000e-01	5.23598775602126e-01	7.99999999994697e-01	3.16283749999940e+03	5.28533694058313e-01	2.61652780141982e+00
7.79422863400421e-01	4.50000000000000e-01	5.23598775601395e-01	8.99999999995173e-01	3.05583749999949e+03	5.30972791687975e-01	2.61928043498296e+00
8.66025403769437e-01	5.00000000000000e-01	5.23598775605800e-01	9.99999999987008e-01	2.88124999999965e+03	5.26863567963794e-01	2.61801482194252e+00
9.52627944148478e-01	5.50000000000000e-01	5.23598775604846e-01	1.09999999998753e+00	2.59039999999946e+03	5.26401569044149e-01	2.61766067877066e+00
1.03923048448755e+00	6.00000000000000e-01	5.23598775620706e-01	1.19999999995343e+00	2.40509999999963e+03	5.28448953730157e-01	2.61664748113996e+00
1.12583302488664e+00	6.50000000000000e-01	5.23598775611041e-01	1.29999999997131e+00	2.35149999999968e+03	5.28685163704111e-01	2.62097611449599e+00
1.21243556528577e+00	7.00000000000000e-01	5.23598775602743e-01	1.39999999998922e+00	2.26469999999976e+03	5.26321489231410e-01	2.62090781900352e+00
1.29903810568493e+00	7.50000000000000e-01	5.23598775595541e-01	1.50000000000716e+00	2.16154166666621e+03	5.23397190069694e-01	2.62177874914082e+00
1.38564064608412e+00	8.00000000000000e-01	5.23598775589231e-01	1.60000000002513e+00	2.02814166666634e+03	5.24028126594290e-01	2.62143730993925e+00
1.47224318638335e+00	8.50000000000000e-01	5.23598775613062e-01	1.69999999995653e+00	1.96584999999973e+03	5.22631256121650e-01	2.62192086880848e+00
1.55884572678262e+00	9.00000000000000e-01	5.23598775606457e-01	1.79999999997457e+00	1.94124999999975e+03	5.22918097190021e-01	2.62984965026754e+00
1.64544826718192e+00	9.50000000000000e-01	5.23598775600539e-01	1.89999999999263e+00	1.92729166666643e+03	5.21258943569844e-01	2.62918235709112e+00
1.73205080758126e+00	1.00000000000000e+00	5.23598775595203e-01	2.00000000001072e+00	1.91454999999977e+03	5.20561902699829e-01	2.63098567261103e+00
1.81865334788065e+00	1.05000000000000e+00	5.23598775614173e-01	2.09999999994226e+00	1.90336666666645e+03	5.17891548944277e-01	2.63312588260629e+00
1.90525588828007e+00	1.10000000000000e+00	5.23598775608684e-01	2.19999999996043e+00	1.90082499999979e+03	5.17094067732212e-01	2.63592713605574e+00
1.99185842867954e+00	1.15000000000000e+00	5.23598775603662e-01	2.29999999997864e+00	1.90852499999978e+03	5.14105929796702e-01	2.63853390995996e+00
2.07846096907904e+00	1.20000000000000e+00	5.23598775599052e-01	2.39999999999687e+00	1.92382499999976e+03	5.10922925239951e-01	2.64212775386369e+00
2.16506350947859e+00	1.25000000000000e+00	5.23598775594800e-01	2.50000000001515e+00	1.94507499999975e+03	5.06830524809763e-01	2.64588860276149e+00
2.25166604977819e+00	1.30000000000000e+00	5.23598775610097e-01	2.59999999994687e+00	1.96424999999973e+03	5.02899170669646e-01	2.64559800544104e+00
2.33826859017782e+00	1.35000000000000e+00	5.23598775605737e-01	2.69999999996522e+00	2.00514999999969e+03	4.98256594859341e-01	2.64872912611911e+00
2.42487113057750e+00	1.40000000000000e+00	5.23598775601679e-01	2.79999999998361e+00	2.16624999999955e+03	4.92871007453187e-01	2.65561445001823e+00
2.51147367097722e+00	1.45000000000000e+00	5.23598775597894e-01	2.90000000000203e+00	2.34759999999968e+03	4.86292362836920e-01	2.66424510316934e+00
2.59807621137699e+00	1.50000000000000e+00	5.23598775594353e-01	3.00000000002050e+00	2.44489999999959e+03	4.82528996637307e-01	2.66511776779534e+00
2.68467875167680e+00	1.55000000000000e+00	5.23598775607163e-01	3.09999999995240e+00	2.87379999999966e+03	4.70748024186346e-01	2.67708573980902e+00
2.77128129207664e+00	1.60000000000000e+00	5.23598775603543e-01	3.19999999997093e+00	3.24349999999932e+03	4.61971199710379e-01	2.68158494928791e+00
8.19152044270026e-02	5.73576436350000e-02	6.10865238208037e-01	9.99999999983864e-02	4.31468333333343e+03	-6.08204857752475e-01	6.08568384902391e-01
1.63830408856010e-01	1.14715287270000e-01	6.10865238202287e-01	1.99999999998415e-01	4.33848333333352e+03	-6.15482179484932e-01	6.15752160103600e-01
2.45745613284027e-01	1.72072930910000e-01	6.10865238215917e-01	3.00000000000500e-01	4.36238333333361e+03	-6.59085650075398e-01	6.66859140593248e-01
3.27660817712058e-01	2.29430574540000e-01	6.10865238202233e-01	3.99999999996861e-01	4.34488333333354e+03	6.10311492826246e-01	2.53447987328357e+00
4.09576022130108e-01	2.86788218180000e-01	6.10865238221855e-01	4.99999999990782e-01	4.23508333333314e+03	6.15601121995254e-01	2.53270816114753e+00
4.91491226558182e-01	3.44145861810000e-01	6.10865238211702e-01	5.99999999987178e-01	3.90213749999872e+03	6.12244048307091e-01	2.53026728313443e+00
5.73406430986284e-01	4.01503505450000e-01	6.10865238216128e-01	6.99999999989333e-01	3.20743749999936e+03	6.15523085639275e-01	2.52934860528270e+00
6.55321635414418e-01	4.58861149080000e-01	6.10865238209186e-01	7.99999999985778e-01	3.06253749999949e+03	6.17676385603923e-01	2.53131584068245e+00
7.37236839842589e-01	5.16218792720000e-01	6.10865238212864e-01	8.99999999987990e-01	2.90703749999963e+03	6.20009844884123e-01	2.53084377067524e+00
8.19152044270801e-01	5.73576436350000e-01	6.10865238207592e-01	9.99999999984499e-01	2.59044999999946e+03	6.14927492032032e-01	2.52940499284315e+00
9.01067248699058e-01	6.30934079990000e-01	6.10865238210702e-01	1.09999999998678e+00	2.38904999999965e+03	6.16687157917168e-01	2.52875768666453e+00
9.82982453127364e-01	6.88291723620000e-01	6.10865238206444e-01	1.19999999998337e+00	2.32399999999971e+03	6.17584755818194e-01	2.53140373047693e+00
1.06489765757572e+00	7.45649367260000e-01	6.10865238200295e-01	1.30000000000211e+00	2.21509999999950e+03	6.13297790842983e-01	2.53182160257668e+00
1.14681286197413e+00	8.03007010890000e-01	6.10865238209637e-01	1.39999999997421e+00	2.04716666666632e+03	6.12741467143909e-01	2.53154496435719e+00
1.22872806637261e+00	8.60364654530000e-01	6.10865238223168e-01	1.49999999995210e+00	1.95066666666641e+03	6.14286083531924e-01	2.53092688159201e+00
1.31064327087114e+00	9.17722298160000e-01	6.10865238194021e-01	1.60000000000621e+00	1.91786666666644e+03	6.16398958591103e-01	2.53485190399254e+00
1.39255847526974e+00	9.75079941800000e-01	6.10865238206837e-01	1.69999999998420e+00	1.88289999999980e+03	6.14664685723511e-01	2.53447987328357e+00
1.47447367966840e+00	1.03243758540000e+00	6.10865238200007e-01	1.79999999993929e+00	1.83809166666651e+03	6.09959848648543e-01	2.53702086734162e+00
1.55638888406714e+00	1.08979522910000e+00	6.10865238236986e-01	1.89999999995181e+00	1.79768571428538e+03	6.09730774184219e-01	2.53692846755769e+00
1.63830408856594e+00	1.14715287270000e+00	6.10865238200612e-01	1.99999999998893e+00	1.75186428571399e+03	6.09134326883320e-01	2.53649049258186e+00
1.72021929296482e+00	1.20451051630000e+00	6.10865238194995e-01	2.09999999994421e+00	1.71652857142831e+03	6.07303519860195e-01	2.53851774384127e+00
1.80213449736378e+00	1.26186816000000e+00	6.10865238227101e-01	2.19999999995691e+00	1.70252857142832e+03	6.08055258102304e-01	2.54036573951985e+00
1.88404970186281e+00	1.31922580360000e+00	6.10865238195844e-01	2.29999999999422e+00	1.70194999999975e+03	6.04715249070593e-01	2.54167935644804e+00
1.96596490626191e+00	1.37658344720000e+00	6.10865238191075e-01	2.39999999994967e+00	1.71801428571402e+03	6.03112485660657e-01	2.54387847130556e+00
2.04788011066110e+00	1.43394109090000e+00	6.10865238219432e-01	2.49999999996256e+00	1.75741428571399e+03	6.01018090558263e-01	2.54543617766296e+00
2.12979531516036e+00	1.49129873450000e+00	6.10865238192026e-01	2.60000000000006e+00	1.81796666666653e+03	5.98361200771227e-01	2.54920608884727e+00
2.21171051955969e+00	1.54865637810000e+00	6.10865238187880e-01	2.69999999995570e+00	1.87632499999981e+03	5.94378858083677e-01	2.55340796902144e+00
2.29362572395911e+00	1.60601402180000e+00	6.10865238213266e-01	2.79999999996878e+00	1.93789999999975e+03	5.95724506936965e-01	2.55865268342369e+00
2.37554092835861e+00	1.66337166540000e+00	6.10865238208639e-01	2.89999999992456e+00	1.97634999999972e+03	5.90305259609522e-01	2.55694226075673e+00
2.45745613285818e+00	1.72072930910000e+00	6.10865238212493e-01	3.00000000001967e+00	2.20666999999981e+03	5.82643264193267e-01	2.56585652991129e+00
2.53937133725782e+00	1.77808695270000e+00	6.10865238208163e-01	3.09999999997557e+00	2.43258999999960e+03	5.83433025679794e-01	2.57158208252246e+00
2.62128654165755e+00	1.83544459630000e+00	6.10865238204088e-01	3.19999999993154e+00	2.82909999999970e+03	5.67999951769035e-01	2.57602743612729e+00
2.70320174615734e+00	1.89280224000000e+00	6.10865238207691e-01	3.30000000002683e+00	3.22734999999934e+03	5.59674731237022e-01	2.58254624088349e+00
7.66044443091193e-02	6.42787609690000e-02	6.98131700818243e-01	9.99999999980940e-02	4.29598333333337e+03	-7.03244288321445e-01	7.03424513227036e-01
1.53208888614246e-01	1.28557521940000e-01	6.98131700838735e-01	1.99999999994415e-01	4.30378333333339e+03	-7.37196634253126e-01	7.41457202992633e-01
2.29813332931386e-01	1.92836282910000e-01	6.98131700817272e-01	2.99999999999296e-01	4.30268333333339e+03	6.94966613327288e-01	2.44894809768431e+00
3.06417777238546e-01	2.57115043870000e-01	6.98131700803428e-01	3.99999999990104e-01	4.23938333333316e+03	6.99847941228860e-01	2.44625347959525e+00
3.83022221545734e-01	3.21393804840000e-01	6.98131700810406e-01	4.99999999987361e-01	4.01428333333271e+03	7.02465935106851e-01	2.44442088388066e+00
4.59626665852956e-01	3.85672565810000e-01	6.98131700815021e-01	5.99999999984645e-01	3.36083749999922e+03	7.02119778138539e-01	2.44180289000267e+00
5.36231110160219e-01	4.49951326780000e-01	6.98131700818280e-01	6.99999999981959e-01	3.07713749999947e+03	7.04576952392597e-01	2.44420975534211e+00
6.12835554477528e-01	5.14230087750000e-01	6.98131700812653e-01	7.99999999986970e-01	2.96033749999958e+03	7.06822647141185e-01	2.44402444480771e+00
6.89439998784891e-01	5.78508848720000e-01	6.98131700815379e-01	8.99999999984361e-01	2.68844999999937e+03	7.03428775077535e-01	2.44180289000267e+00
7.66044443092312e-01	6.42787609690000e-01	6.98131700817524e-01	9.99999999981797e-01	2.39024999999964e+03	7.04313657008296e-01	2.44092509205534e+00
8.42648887399798e-01	7.07066370660000e-01	6.98131700819240e-01	1.09999999997928e+00	2.32184999999971e+03	7.06814713826404e-01	2.44273108783214e+00
9.19253331707354e-01	7.71345131620000e-01	6.98131700814249e-01	1.19999999997039e+00	2.20129999999951e+03	7.02519957202746e-01	2.44306635661335e+00
9.95857776014985e-01	8.35623892590000e-01	6.98131700815881e-01	1.29999999996799e+00	1.99409999999970e+03	7.04030913669473e-01	2.44273788781624e+00
1.07246222036270e+00	8.99902653560000e-01	6.98131700798876e-01	1.39999999999629e+00	1.92446666666643e+03	7.04305803026662e-01	2.44432443147463e+00
1.14906666466049e+00	9.64181414530000e-01	6.98131700805533e-01	1.49999999998635e+00	1.88556666666647e+03	7.05811149506507e-01	2.44556453383789e+00
1.22567110895838e+00	1.02846017550000e+00	6.98131700811317e-01	1.59999999997649e+00	1.82009999999986e+03	7.01189821182748e-01	2.44533718173796e+00
1.30227555325636e+00	1.09273893650000e+00	6.98131700829906e-01	1.69999999998597e+00	1.73921428571400e+03	7.00535891842354e-01	2.44379532113297e+00
1.37887999755443e+00	1.15701769740000e+00	6.98131700803838e-01	1.79999999993125e+00	1.66118571428550e+03	7.01406759805886e-01	2.44565508099457e+00
1.45548444185261e+00	1.22129645840000e+00	6.98131700820796e-01	1.89999999994089e+00	1.63071428571410e+03	7.01921558602062e-01	2.44572988081965e+00
1.53208888615089e+00	1.28557521940000e+00	6.98131700836026e-01	1.99999999995061e+00	1.61932857142840e+03	7.01294421121214e-01	2.44941252554136e+00
1.60869333044927e+00	1.34985398030000e+00	6.98131700813296e-01	2.09999999989612e+00	1.61104999999983e+03	6.99646963921054e-01	2.45059186945021e+00
1.68529777484776e+00	1.41413274130000e+00	6.98131700798203e-01	2.19999999998261e+00	1.60547857142841e+03	7.00245294521897e-01	2.44969177822168e+00
1.76190221914636e+00	1.47841150230000e+00	6.98131700812339e-01	2.29999999999257e+00	1.60179285714270e+03	7.00339542301505e-01	2.45153135525328e+00
1.83850666344507e+00	1.54269026320000e+00	6.98131700793349e-01	2.39999999993834e+00	1.60759285714269e+03	6.98508960428355e-01	2.45399468610833e+00
1.91511110774389e+00	1.60696902420000e+00	6.98131700806492e-01	2.49999999994847e+00	1.61739285714268e+03	6.96300351746889e-01	2.45494521927018e+00
1.99171555204283e+00	1.67124778520000e+00	6.98131700818594e-01	2.59999999995869e+00	1.62821428571410e+03	6.94690717049377e-01	2.45617567639284e+00
2.06831999634187e+00	1.73552654620000e+00	6.98131700829776e-01	2.69999999996899e+00	1.64469999999980e+03	6.93835017511913e-01	2.45606572064996e+00
2.14492444064103e+00	1.79980530710000e+00	6.98131700812773e-01	2.79999999991510e+00	1.69631428571404e+03	6.89579587462960e-01	2.45872465043223e+00
2.22152888494030e+00	1.86408406810000e+00	6.98131700823334e-01	2.89999999992558e+00	1.83676666666651e+03	6.86375162956298e-01	2.46293010059806e+00
2.29813332933968e+00	1.92836282910000e+00	6.98131700811740e-01	3.00000000001274e+00	1.93639999999975e+03	6.87969521227995e-01	2.46745520232409e+00
2.37473777363917e+00	1.99264159000000e+00	6.98131700796896e-01	3.09999999995910e+00	2.00792499999969e+03	6.81673245951425e-01	2.46638585251701e+00
2.45134221793878e+00	2.05692035100000e+00	6.98131700806894e-01	3.19999999996984e+00	2.40639999999963e+03	6.81411446563626e-01	2.47484197274292e+00
2.52794666223848e+00	2.12119911200000e+00	6.98131700816269e-01	3.29999999998065e+00	3.09716249999945e+03	6.72819190656058e-01	2.47473725298780e+00
7.07106781152581e-02	7.07106781190000e-02	7.85398163423908e-01	9.99999999978423e-02	4.27398333333329e+03	7.36624937450467e-01	2.42478592979572e+00
1.41421356232525e-01	1.41421356240000e-01	7.85398163423876e-01	1.99999999998519e-01	4.26648333333326e+03	7.80346404840287e-01	2.36335439903076e+00
2.12132034348810e-01	2.12132034360000e-01	7.85398163423823e-01	2.99999999997795e-01	4.22088333333309e+03	7.86650555063407e-01	2.35933608284593e+00
2.82842712455122e-01	2.82842712470000e-01	7.85398163423749e-01	3.99999999982947e-01	4.08758333333265e+03	7.92059503375893e-01	2.35793063350091e+00
3.53553390571469e-01	3.53553390590000e-01	7.85398163423655e-01	4.99999999982267e-01	3.79313749999882e+03	7.88745455570023e-01	2.35475459355945e+00
4.24264068687860e-01	4.24264068710000e-01	7.85398163423541e-01	5.99999999981617e-01	3.09563749999946e+03	7.90919050487213e-01	2.35286440197954e+00
4.94974746804304e-01	4.94974746830000e-01	7.85398163423405e-01	6.99999999981005e-01	3.00353749999954e+03	7.93223056210556e-01	2.35785504630924e+00
5.65685424920809e-01	5.65685424950000e-01	7.85398163423250e-01	7.99999999980436e-01	2.82184999999925e+03	7.88736105591888e-01	2.35434319452148e+00
6.36396103037383e-01	6.36396103070000e-01	7.85398163423075e-01	8.99999999979916e-01	2.39684999999964e+03	7.94184805350457e-01	2.35663431316385e+00
7.07106781154033e-01	7.07106781190000e-01	7.85398163422881e-01	9.99999999979450e-01	2.32744999999970e+03	7.92840745993453e-01	2.35928988295397e+00
7.77817459270767e-01	7.77817459310000e-01	7.85398163422668e-01	1.09999999997904e+00	2.21879166666616e+03	7.88455606247817e-01	2.35919328317986e+00
8.48528137377593e-01	8.48528137420000e-01	7.85398163422437e-01	1.19999999996456e+00	1.97929999999972e+03	7.89278954322471e-01	2.35992513146848e+00
9.19238815494516e-01	9.19238815540000e-01	7.85398163422188e-01	1.29999999996429e+00	1.90779999999978e+03	7.87417758674756e-01	2.36156137764223e+00
9.89949493611543e-01	9.89949493660000e-01	7.85398163421923e-01	1.39999999996409e+00	1.85969999999982e+03	7.89445984701112e-01	2.35990728151022e+00
1.06066017174868e+00	1.06066017180000e+00	7.85398163421641e-01	1.49999999999225e+00	1.78461428571396e+03	7.89214616695143e-01	2.36009530107055e+00
1.13137084984593e+00	1.13137084990000e+00	7.85398163421344e-01	1.59999999996392e+00	1.65896428571407e+03	7.88903895199522e-01	2.36072735959252e+00
1.20208152794331e+00	1.20208152800000e+00	7.85398163421028e-01	1.69999999993569e+00	1.61799999999983e+03	7.90680693266818e-01	2.36216351623417e+00
1.27279220604081e+00	1.27279220610000e+00	7.85398163420700e-01	1.79999999990754e+00	1.59751428571413e+03	7.87615758211747e-01	2.36349407312274e+00
1.34350288423844e+00	1.34350288430000e+00	7.85398163420359e-01	1.90000000002090e+00	1.57168571428558e+03	7.88932455132737e-01	2.36239040903692e+00
1.41421356233620e+00	1.41421356240000e+00	7.85398163420005e-01	1.99999999999294e+00	1.54141428571418e+03	7.86445360948645e-01	2.36082833935639e+00
1.48492424043410e+00	1.48492424050000e+00	7.85398163419638e-01	2.09999999996507e+00	1.51837499999976e+03	7.83888453594473e-01	2.35942584263604e+00
1.55563491853214e+00	1.55563491860000e+00	7.85398163419259e-01	2.19999999993730e+00	1.48664374999978e+03	7.82537070087929e-01	2.36421381880809e+00
1.62634559663032e+00	1.62634559670000e+00	7.85398163418871e-01	2.29999999990963e+00	1.47129374999980e+03	7.86225449462894e-01	2.36364455277086e+00
1.69705627472865e+00	1.69705627480000e+00	7.85398163418470e-01	2.39999999988207e+00	1.46363124999981e+03	7.90228362102343e-01	2.36228434672084e+00
1.76776695292711e+00	1.76776695300000e+00	7.85398163418065e-01	2.49999999999602e+00	1.47978749999979e+03	7.85581422968908e-01	2.36084797431047e+00
1.83847763102573e+00	1.83847763110000e+00	7.85398163417647e-01	2.59999999996866e+00	1.50636874999977e+03	7.85555243030128e-01	2.36473962221011e+00
1.90918830912449e+00	1.90918830920000e+00	7.85398163417224e-01	2.69999999994140e+00	1.55051428571417e+03	7.87783810318768e-01	2.36347559316596e+00
1.97989898722340e+00	1.97989898730000e+00	7.85398163416793e-01	2.79999999991425e+00	1.58698571428557e+03	7.82753989580677e-01	2.36668740965534e+00
2.05060966532245e+00	2.05060966540000e+00	7.85398163416357e-01	2.89999999988720e+00	1.62248571428554e+03	7.83941606803511e-01	2.36785328959567e+00
2.12132034352165e+00	2.12132034360000e+00	7.85398163415916e-01	3.00000000000167e+00	1.66399999999978e+03	7.78800818824910e-01	2.36844670154135e+00
2.19203102162099e+00	2.19203102170000e+00	7.85398163415470e-01	3.09999999997482e+00	1.86689999999982e+03	7.76570288040861e-01	2.37260327028302e+00
2.26274169972047e+00	2.26274169980000e+00	7.85398163415022e-01	3.19999999994807e+00	1.96104999999973e+03	7.73793905533251e-01	2.37354306295717e+00
2.33345237782009e+00	2.33345237790000e+00	7.85398163414571e-01	3.29999999992142e+00	2.42086999999962e+03	7.72301649022796e-01	2.38226970921714e+00
6.42787609644252e-02	7.66044443120000e-02	8.72664626030216e-01	9.99999999973601e-02	4.25278333333321e+03	8.68042620138758e-01	2.27554157879394e+00
1.28557521930861e-01	1.53208888620000e-01	8.72664626009659e-01	1.99999999992948e-01	4.22918333333312e+03	8.71006563207770e-01	2.27371480765588e+00
1.92836282896319e-01	2.29813332940000e-01	8.72664626031015e-01	2.99999999997101e-01	4.14668333333282e+03	8.75135513552488e-01	2.27155848810813e+00
2.57115043851810e-01	3.06417777250000e-01	8.72664626044711e-01	3.99999999987186e-01	3.95623749999868e+03	8.74105701906582e-01	2.26945162636823e+00
3.21393804817345e-01	3.83022221560000e-01	8.72664626037541e-01	4.99999999983727e-01	3.20153749999936e+03	8.76850849541287e-01	2.26787519994707e+00
3.85672565782933e-01	4.59626665870000e-01	8.72664626032693e-01	5.99999999980303e-01	3.04133749999951e+03	8.77657903904042e-01	2.26856649510472e+00
4.49951326748585e-01	5.36231110180000e-01	8.72664626029160e-01	6.99999999976920e-01	2.92283749999961e+03	8.81069477176300e-01	2.26863526268584e+00
5.14230087714312e-01	6.12835554500000e-01	8.72664626034473e-01	7.99999999981245e-01	2.54154999999951e+03	8.77603907780309e-01	2.26626640048334e+00
5.78508848680123e-01	6.89439998810000e-01	8.72664626031392e-01	8.99999999977963e-01	2.34884999999968e+03	8.79011582950090e-01	2.26846789533528e+00
6.42787609646028e-01	7.66044443120000e-01	8.72664626028855e-01	9.99999999974743e-01	2.26214999999976e+03	8.80523740952469e-01	2.26833461564695e+00
7.07066370612036e-01	8.42648887430000e-01	8.72664626026708e-01	1.09999999997159e+00	2.04799999999965e+03	8.78129312068926e-01	2.26754921748355e+00
7.71345131568154e-01	9.19253331740000e-01	8.72664626031232e-01	1.19999999996208e+00	1.91649999999977e+03	8.79180521871277e-01	2.26931737027192e+00
8.35623892534393e-01	9.95857776050000e-01	8.72664626029096e-01	1.29999999995907e+00	1.86406666666649e+03	8.80555351404866e-01	2.26869531702570e+00
8.99902653500758e-01	1.07246222040000e+00	8.72664626045562e-01	1.39999999998679e+00	1.77388571428540e+03	8.76897049433251e-01	2.26800549641657e+00
9.64181414467259e-01	1.14906666470000e+00	8.72664626038336e-01	1.49999999997629e+00	1.64058571428552e+03	8.78646345342636e-01	2.26844409539094e+00
1.02846017543390e+00	1.22567110900000e+00	8.72664626031947e-01	1.59999999996588e+00	1.60509999999984e+03	8.78632065376029e-01	2.27060493993794e+00
1.09273893643069e+00	1.30227555330000e+00	8.72664626012724e-01	1.69999999997485e+00	1.57321428571415e+03	8.79574543172106e-01	2.26908074390218e+00
1.15701769732763e+00	1.37887999760000e+00	8.72664626038131e-01	1.79999999991964e+00	1.52947499999974e+03	8.77248411769508e-01	2.26951509288648e+00
1.22129645832474e+00	1.45548444190000e+00	8.72664626020476e-01	1.89999999992882e+00	1.46168749999981e+03	8.77327148427492e-01	2.27110066159252e+00
1.28557521932200e+00	1.53208888620000e+00	8.72664626004530e-01	1.99999999993809e+00	1.41684999999985e+03	8.77610737329556e-01	2.26887392238582e+00
1.34985398021943e+00	1.60869333050000e+00	8.72664626026519e-01	2.09999999988319e+00	1.39934374999986e+03	8.76857779525081e-01	2.26953889283083e+00
1.41413274121704e+00	1.68529777490000e+00	8.72664626040843e-01	2.19999999996930e+00	1.39069374999987e+03	8.77855235192596e-01	2.27047089865139e+00
1.47841150221481e+00	1.76190221920000e+00	8.72664626025922e-01	2.29999999997890e+00	1.38636874999988e+03	8.77122196906758e-01	2.27205524694650e+00
1.54269026311276e+00	1.83850666350000e+00	8.72664626044105e-01	2.39999999992434e+00	1.38399999999988e+03	8.76954645298567e-01	2.27199980707614e+00
1.60696902411089e+00	1.91511110780000e+00	8.72664626030136e-01	2.49999999993417e+00	1.38549999999988e+03	8.77144751930938e-01	2.27360987331110e+00
1.67124778510920e+00	1.99171555210000e+00	8.72664626017189e-01	2.59999999994412e+00	1.38974999999987e+03	8.76616550089181e-01	2.27376901978105e+00
1.73552654610769e+00	2.06831999640000e+00	8.72664626005150e-01	2.69999999995418e+00	1.39776874999987e+03	8.75525623409472e-01	2.27454798778405e+00
1.79980530700635e+00	2.14492444070000e+00	8.72664626021282e-01	2.79999999990008e+00	1.41228749999985e+03	8.73769316747251e-01	2.27347242863251e+00
1.86408406800519e+00	2.22152888500000e+00	8.72664626009840e-01	2.89999999991037e+00	1.45832499999981e+03	8.71774508078648e-01	2.27505571993008e+00
1.92836282900421e+00	2.29813332940000e+00	8.72664626020541e-01	2.99999999999737e+00	1.56032142857131e+03	8.69702802256531e-01	2.27846251196352e+00
1.99264158990340e+00	2.37473777370000e+00	8.72664626034485e-01	3.09999999994361e+00	1.62087142857125e+03	8.71296556375794e-01	2.27916263832632e+00
2.05692035090277e+00	2.45134221800000e+00	8.72664626023576e-01	3.19999999995424e+00	1.76612142857112e+03	8.71124372932280e-01	2.27867569146502e+00
2.12119911190230e+00	2.52794666230000e+00	8.72664626013290e-01	3.29999999996497e+00	1.95352499999974e+03	8.68423475914819e-01	2.28181728411861e+00
5.73576436296272e-02	8.19152044290000e-02	9.59931088642328e-01	9.99999999969409e-02	4.22818333333312e+03	9.58866437753165e-01	2.18632000743278e+00
1.14715287259267e-01	1.63830408860000e-01	9.59931088648012e-01	1.99999999995527e-01	4.18748333333297e+03	9.61472030607524e-01	2.18501600267723e+00
1.72072930893933e-01	2.45745613290000e-01	9.59931088634271e-01	2.99999999996177e-01	4.07388333333266e+03	9.63952235334042e-01	2.18290883687300e+00
2.29430574518637e-01	3.27660817720000e-01	9.59931088647801e-01	3.99999999991114e-01	3.83313749999879e+03	9.61754198826410e-01	2.18100936300927e+00
2.86788218153392e-01	4.09576022140000e-01	9.59931088627981e-01	4.99999999983623e-01	3.07753749999947e+03	9.63683546488669e-01	2.17931160382148e+00
3.44145861778211e-01	4.91491226570000e-01	9.59931088637893e-01	5.99999999978626e-01	2.99303749999955e+03	9.65761051307979e-01	2.18153066529901e+00
4.01503505413105e-01	5.73406431000000e-01	9.59931088633182e-01	6.99999999979406e-01	2.82704999999925e+03	9.63734217337921e-01	2.18013066190616e+00
4.58861149038087e-01	6.55321635430000e-01	9.59931088639799e-01	7.99999999974502e-01	2.37744999999966e+03	9.64927093580715e-01	2.17931160382148e+00
5.16218792673167e-01	7.37236839860000e-01	9.59931088635754e-01	8.99999999975390e-01	2.30694999999972e+03	9.66825139142259e-01	2.18112209958775e+00
5.73576436298358e-01	8.19152044290000e-01	9.59931088640619e-01	9.99999999970605e-01	2.17699166666620e+03	9.64399644814120e-01	2.18071410054183e+00
6.30934079933668e-01	9.01067248720000e-01	9.59931088637064e-01	1.09999999997162e+00	1.92929999999976e+03	9.64952266598773e-01	2.18093850001709e+00
6.88291723559111e-01	9.82982453150000e-01	9.59931088640837e-01	1.19999999996698e+00	1.87859999999981e+03	9.68050360277159e-01	2.18122804772709e+00
7.45649367194693e-01	1.06489765760000e+00	9.59931088646465e-01	1.29999999998454e+00	1.79562857142824e+03	9.63439802231063e-01	2.18238587663249e+00
8.03007010820425e-01	1.14681286200000e+00	9.59931088636567e-01	1.39999999995549e+00	1.63792857142838e+03	9.65658941869335e-01	2.18070512456282e+00
8.60364654456315e-01	1.22872806640000e+00	9.59931088622442e-01	1.49999999993227e+00	1.59812857142842e+03	9.66825139142259e-01	2.18194081767323e+00
9.17722298082371e-01	1.31064327090000e+00	9.59931088650966e-01	1.59999999998532e+00	1.55994999999988e+03	9.66011691044455e-01	2.18171526743143e+00
9.75079941718601e-01	1.39255847530000e+00	9.59931088637491e-01	1.69999999996230e+00	1.49567499999978e+03	9.64845935770497e-01	2.18142885442598e+00
1.03243758531501e+00	1.47447367970000e+00	9.59931088643636e-01	1.79999999991643e+00	1.41308749999985e+03	9.65941566208437e-01	2.18218516376851e+00
1.08979522901161e+00	1.55638888410000e+00	9.59931088605939e-01	1.89999999992803e+00	1.38785624999987e+03	9.64586754376576e-01	2.18378934900273e+00
1.14715287260839e+00	1.63830408860000e+00	9.59931088641574e-01	1.99999999996429e+00	1.37378749999989e+03	9.65590942028349e-01	2.18247605197718e+00
1.20451051620538e+00	1.72021929300000e+00	9.59931088646420e-01	2.09999999991875e+00	1.35544999999990e+03	9.66550249785070e-01	2.18114278091870e+00
1.26186815990256e+00	1.80213449740000e+00	9.59931088613520e-01	2.19999999993069e+00	1.33714374999992e+03	9.62686694973588e-01	2.18183609791811e+00
1.31922580349995e+00	1.88404970190000e+00	9.59931088643960e-01	2.29999999996730e+00	1.31944999999981e+03	9.63518612874356e-01	2.18243585651561e+00
1.37658344709755e+00	1.96596490630000e+00	9.59931088647893e-01	2.39999999992211e+00	1.30294999999983e+03	9.63645847376826e-01	2.18194081767323e+00
1.43394109079535e+00	2.04788011070000e+00	9.59931088618679e-01	2.49999999993440e+00	1.29571666666650e+03	9.64135150432623e-01	2.18204553742835e+00
1.49129873439336e+00	2.12979531520000e+00	9.59931088645213e-01	2.59999999997137e+00	1.30085555555538e+03	9.63628568617231e-01	2.18283401558455e+00
1.54865637799158e+00	2.21171051960000e+00	9.59931088648474e-01	2.69999999992654e+00	1.31903333333314e+03	9.63136909366945e-01	2.18351161400003e+00
1.60601402169001e+00	2.29362572400000e+00	9.59931088622185e-01	2.79999999993919e+00	1.34194999999992e+03	9.61562971447496e-01	2.18288329546931e+00
1.66337166528865e+00	2.37554092840000e+00	9.59931088625897e-01	2.89999999989460e+00	1.36708749999989e+03	9.63231942544716e-01	2.18679981431078e+00
1.72072930898750e+00	2.45745613290000e+00	9.59931088621118e-01	2.99999999998940e+00	1.39084999999987e+03	9.62954248194086e-01	2.18759568444969e+00
1.77808695258655e+00	2.53937133730000e+00	9.59931088624516e-01	3.09999999994505e+00	1.42584999999984e+03	9.59494756283883e-01	2.18550128934730e+00
1.83544459618581e+00	2.62128654170000e+00	9.59931088627648e-01	3.19999999990082e+00	1.58252142857129e+03	9.60625729639175e-01	2.18809072329208e+00
1.89280223988526e+00	2.70320174620000e+00	9.59931088623102e-01	3.29999999999597e+00	1.69761428571404e+03	9.57620272667241e-01	2.18780512395993e+00
4.99999999938700e-02	8.66025403780000e-02	1.04719755124747e+00	9.99999999965506e-02	4.20108333333302e+03	1.04839161181900e+00	2.09731852889029e+00
9.99999999877548e-02	1.73205080760000e-01	1.04719755125740e+00	1.99999999996573e-01	4.14768333333283e+03	1.05011565656792e+00	2.09568869936820e+00
1.49999999981669e-01	2.59807621140000e-01	1.04719755125730e+00	2.99999999994877e-01	4.02473749999861e+03	1.05110584205731e+00	2.09484390134371e+00
1.99999999975627e-01	3.46410161510000e-01	1.04719755124465e+00	3.99999999984544e-01	3.16583749999939e+03	1.05004081431525e+00	2.09382787038630e+00
2.49999999969643e-01	4.33012701890000e-01	1.04719755124696e+00	4.99999999982900e-01	3.02603749999952e+03	1.05153905771093e+00	2.09325850992909e+00
2.99999999963732e-01	5.19615242270000e-01	1.04719755124839e+00	5.99999999981292e-01	2.93973749999960e+03	1.05403706020285e+00	2.09507980848436e+00
3.49999999957906e-01	6.06217782650000e-01	1.04719755124931e+00	6.99999999979726e-01	2.65274999999941e+03	1.05080232738245e+00	2.09353830439676e+00
3.99999999952181e-01	6.92820323030000e-01	1.04719755124989e+00	7.99999999978211e-01	2.33374999999970e+03	1.05240973900824e+00	2.09449030217058e+00
4.49999999946568e-01	7.79422863410000e-01	1.04719755125024e+00	8.99999999976753e-01	2.25584999999977e+03	1.05382583569679e+00	2.09456450199707e+00
4.99999999941080e-01	8.66025403780000e-01	1.04719755124540e+00	9.99999999966696e-01	1.98399166666638e+03	1.05184449033003e+00	2.09306077002957e+00
5.49999999935731e-01	9.52627944160000e-01	1.04719755124589e+00	1.09999999996537e+00	1.89279166666646e+03	1.05314413729089e+00	2.09514777563312e+00
5.99999999930530e-01	1.03923048450000e+00	1.04719755122951e+00	1.19999999992948e+00	1.83319999999985e+03	1.05406475052271e+00	2.09363879305066e+00
6.49999999925490e-01	1.12583302490000e+00	1.04719755123863e+00	1.29999999994562e+00	1.66068571428550e+03	1.05220913947732e+00	2.09354651127412e+00
6.99999999920620e-01	1.21243556530000e+00	1.04719755124634e+00	1.39999999996186e+00	1.59788571428556e+03	1.05220082838565e+00	2.09490064603860e+00
7.49999999915931e-01	1.29903810570000e+00	1.04719755125292e+00	1.49999999997818e+00	1.56178571428559e+03	1.05352626683209e+00	2.09362017620531e+00
7.99999999911431e-01	1.38564064610000e+00	1.04719755125857e+00	1.59999999999460e+00	1.48807499999978e+03	1.05077547616319e+00	2.09371442398492e+00
8.49999999907130e-01	1.47224318640000e+00	1.04719755123404e+00	1.69999999992451e+00	1.39855624999986e+03	1.05344027659839e+00	2.09292902582152e+00
8.99999999903034e-01	1.55884572680000e+00	1.04719755123992e+00	1.79999999994113e+00	1.37617499999988e+03	1.05182267371438e+00	2.09544229994439e+00
9.49999999899150e-01	1.64544826720000e+00	1.04719755124508e+00	1.89999999995786e+00	1.35448749999990e+03	1.05278260480298e+00	2.09520958937746e+00
9.99999999895486e-01	1.73205080760000e+00	1.04719755124963e+00	1.99999999997470e+00	1.32329999999981e+03	1.05113617754193e+00	2.09464170052622e+00
1.04999999989205e+00	1.81865334790000e+00	1.04719755122985e+00	2.09999999990504e+00	1.27128333333319e+03	1.05141906632486e+00	2.09387150361760e+00
1.09999999988883e+00	1.90525588830000e+00	1.04719755123450e+00	2.19999999992210e+00	1.23714999999988e+03	1.05297307334309e+00	2.09412582302289e+00
1.14999999988585e+00	1.99185842870000e+00	1.04719755123866e+00	2.29999999993928e+00	1.22521666666656e+03	1.05080103277009e+00	2.09492325420163e+00
1.19999999988311e+00	2.07846096910000e+00	1.04719755124239e+00	2.39999999995658e+00	1.21945555555546e+03	1.05170277718316e+00	2.09449982214832e+00
1.24999999988060e+00	2.16506350950000e+00	1.04719755124574e+00	2.49999999997399e+00	1.21624444444435e+03	1.05185482451639e+00	2.09724871572021e+00
1.29999999987833e+00	2.25166604980000e+00	1.04719755122952e+00	2.59999999990492e+00	1.21601666666657e+03	1.05154014854172e+00	2.09552374864282e+00
1.34999999987630e+00	2.33826859020000e+00	1.04719755123294e+00	2.69999999992258e+00	1.21765555555546e+03	1.05237245242876e+00	2.09754475041256e+00
1.39999999987451e+00	2.42487113060000e+00	1.04719755123605e+00	2.79999999994035e+00	1.22229999999990e+03	1.05188899622596e+00	2.09633517364594e+00
1.44999999987296e+00	2.51147367100000e+00	1.04719755123887e+00	2.89999999995824e+00	1.23291111111100e+03	1.05065330311555e+00	2.09549773981475e+00
1.49999999987165e+00	2.59807621140000e+00	1.04719755124143e+00	2.99999999997625e+00	1.26953333333319e+03	1.05101982225847e+00	2.09550513179746e+00
1.54999999987057e+00	2.68467875170000e+00	1.04719755122763e+00	3.09999999990778e+00	1.34714374999991e+03	1.04990717486032e+00	2.09758597493155e+00
1.59999999986971e+00	2.77128129210000e+00	1.04719755123026e+00	3.19999999992602e+00	1.38799999999987e+03	1.05126666168125e+00	2.09731072083837e+00
1.64999999986909e+00	2.85788383250000e+00	1.04719755123267e+00	3.29999999994438e+00	1.55582142857131e+03	1.04946996988269e+00	2.09669893700583e+00
1.69999999986869e+00	2.94448637290000e+00	1.04719755123488e+00	3.39999999996284e+00	1.89202499999979e+03	1.04868980770705e+00	2.09770873464448e+00
4.22618261671596e-02	9.06307787040000e-02	1.13446401386036e+00	9.99999999973832e-02	4.17738333333293e+03	1.13663824842832e+00	2.00904850197067e+00
8.45236523343355e-02	1.81261557410000e-01	1.13446401386451e+00	1.99999999996586e-01	4.11948333333272e+03	1.13802230380882e+00	2.00815090406965e+00
1.26785478499544e-01	2.71892336110000e-01	1.13446401386339e+00	2.99999999989519e-01	3.99843749999864e+03	1.13546757811621e+00	2.00710208043530e+00
1.69047304672802e-01	3.62523114810000e-01	1.13446401384459e+00	3.99999999985855e-01	3.05213749999950e+03	1.13684599155955e+00	2.00657449775597e+00
2.11309130836125e-01	4.53153893520000e-01	1.13446401385977e+00	4.99999999987054e-01	2.99063749999955e+03	1.13800166193401e+00	2.00806675426643e+00
2.53570956999528e-01	5.43784672220000e-01	1.13446401386272e+00	5.99999999979224e-01	2.88973749999965e+03	1.14075810741132e+00	2.00699774009958e+00
2.95832783173027e-01	6.34415450930000e-01	1.13446401385780e+00	6.99999999984725e-01	2.37374999999966e+03	1.13797993364474e+00	2.00580873454666e+00
3.38094609336638e-01	7.25046229630000e-01	1.13446401386003e+00	7.99999999976983e-01	2.30404999999972e+03	1.13911008026512e+00	2.00738250586650e+00
3.80356435510375e-01	8.15677008330000e-01	1.13446401385156e+00	8.99999999973521e-01	2.21109166666617e+03	1.13759889364509e+00	2.00703591917697e+00
4.22618261674251e-01	9.06307787040000e-01	1.13446401385795e+00	9.99999999974954e-01	1.91139999999978e+03	1.13869997506197e+00	2.00653522784780e+00
4.64880087838282e-01	9.96938565740000e-01	1.13446401385921e+00	1.09999999996739e+00	1.86609999999982e+03	1.13985439606305e+00	2.00785850475340e+00
5.07141914012478e-01	1.08756934440000e+00	1.13446401383850e+00	1.19999999992787e+00	1.77972857142825e+03	1.13836191579243e+00	2.00720687869098e+00
5.49403740176854e-01	1.17820012310000e+00	1.13446401384082e+00	1.29999999992045e+00	1.60612857142841e+03	1.13893953666393e+00	2.00760336935002e+00
5.91665566351420e-01	1.26883090190000e+00	1.13446401386640e+00	1.40000000000797e+00	1.57362857142844e+03	1.13928548585495e+00	2.00762050530995e+00
6.33927392516187e-01	1.35946168060000e+00	1.13446401386632e+00	1.50000000000072e+00	1.51755624999976e+03	1.13876587098308e+00	2.00683986713542e+00
6.76189218691166e-01	1.45009245930000e+00	1.13446401386046e+00	1.59999999999778e+00	1.39727499999986e+03	1.13989142476058e+00	2.00648286797024e+00
7.18451044856366e-01	1.54072323800000e+00	1.13446401386050e+00	1.69999999999071e+00	1.37157499999989e+03	1.14008397398774e+00	2.00760860533778e+00
7.60712871021795e-01	1.63135401670000e+00	1.13446401386043e+00	1.79999999998374e+00	1.34695624999991e+03	1.13855475756371e+00	2.00802986435269e+00
8.02974697197462e-01	1.72198479540000e+00	1.13446401385548e+00	1.89999999998109e+00	1.30249999999983e+03	1.13822356208819e+00	2.00789658466436e+00
8.45236523363372e-01	1.81261557410000e+00	1.13446401385544e+00	1.99999999997432e+00	1.23393333333322e+03	1.13847827107590e+00	2.00957210074627e+00
8.87498349539533e-01	1.90324635280000e+00	1.13446401385098e+00	2.09999999997188e+00	1.21629999999990e+03	1.13756607987567e+00	2.00799382443697e+00
9.29760175705949e-01	1.99387713150000e+00	1.13446401385095e+00	2.19999999996532e+00	1.20608333333325e+03	1.14005255806120e+00	2.00687355321050e+00
9.72022001872623e-01	2.08450791020000e+00	1.13446401385081e+00	2.29999999995888e+00	1.19574999999992e+03	1.13908040966784e+00	2.00690355250374e+00
1.01428382806956e+00	2.17513868890000e+00	1.13446401383926e+00	2.39999999996522e+00	1.18554999999993e+03	1.14007011402015e+00	2.00802457547617e+00
1.05654565426676e+00	2.26576946760000e+00	1.13446401382854e+00	2.49999999997167e+00	1.17661666666661e+03	1.13943882549637e+00	2.00770808910514e+00
1.09880748036423e+00	2.35640024630000e+00	1.13446401385341e+00	2.59999999993598e+00	1.17067999999987e+03	1.13877735704317e+00	2.00828554375480e+00
1.14106930656197e+00	2.44703102500000e+00	1.13446401384277e+00	2.69999999994266e+00	1.17039999999987e+03	1.13780027778955e+00	2.00721590625608e+00
1.18333113275997e+00	2.53766180370000e+00	1.13446401383281e+00	2.79999999994945e+00	1.17649999999994e+03	1.13785629919701e+00	2.00738794585378e+00
1.22559295885824e+00	2.62829258240000e+00	1.13446401385471e+00	2.89999999991410e+00	1.18749999999993e+03	1.13612753073962e+00	2.00800130441948e+00
1.26785478505677e+00	2.71892336110000e+00	1.13446401384486e+00	2.99999999992111e+00	1.20149999999992e+03	1.13956037521214e+00	2.00791528462063e+00
1.31011661125556e+00	2.80955413980000e+00	1.13446401383557e+00	3.09999999992824e+00	1.21569999999990e+03	1.13790449408431e+00	2.00908777187884e+00
1.35237843745461e+00	2.90018491850000e+00	1.13446401382678e+00	3.19999999993547e+00	1.24889999999987e+03	1.13771992551591e+00	2.00643601965874e+00
1.39464026355392e+00	2.99081569720000e+00	1.13446401384592e+00	3.29999999990056e+00	1.37183124999989e+03	1.13969651089379e+00	2.00902232203189e+00
1.43690208975347e+00	3.08144647590000e+00	1.13446401383721e+00	3.39999999990800e+00	1.59391428571413e+03	1.13859695346504e+00	2.01059835434644e+00
3.42020143255011e-02	9.39692620790000e-02	1.22173047646383e+00	9.99999999979678e-02	4.15428333333285e+03	1.22413228744622e+00	1.92173271484862e+00
1.02606042977575e-01	2.81907786240000e-01	1.22173047646389e+00	2.99999999997089e-01	4.00023749999864e+03	1.22269215281388e+00	1.92012219563335e+00
1.36808057300184e-01	3.75877048310000e-01	1.22173047646297e+00	3.99999999985611e-01	3.00293749999954e+03	1.22443573673662e+00	1.91937847165821e+00
1.71010071622864e-01	4.69846310390000e-01	1.22173047646913e+00	4.99999999983553e-01	2.95973749999958e+03	1.22591133328604e+00	1.92108390767016e+00
2.05212085955632e-01	5.63815572470000e-01	1.22173047645743e+00	5.99999999984946e-01	2.85854999999922e+03	1.22402340270084e+00	1.92008779292634e+00
2.39414100278506e-01	6.57784834550000e-01	1.22173047646236e+00	6.99999999982955e-01	2.32684999999970e+03	1.22462729726428e+00	1.91947283451447e+00
2.73616114601502e-01	7.51754096630000e-01	1.22173047646592e+00	7.99999999981006e-01	2.27744999999975e+03	1.22614933272949e+00	1.92101084737589e+00
3.07818128924636e-01	8.45723358710000e-01	1.22173047646854e+00	8.99999999979104e-01	2.16759166666621e+03	1.22405261568131e+00	1.91998435024140e+00
3.42020143257923e-01	9.39692620790000e-01	1.22173047646109e+00	9.99999999980674e-01	1.88509999999980e+03	1.22575969364063e+00	1.92038577596936e+00
3.76222157581378e-01	1.03366188290000e+00	1.22173047647273e+00	1.10000000000707e+00	1.83989999999984e+03	1.22695442739855e+00	1.91994944365636e+00
4.10424171905016e-01	1.12763114490000e+00	1.22173047645093e+00	1.19999999993017e+00	1.63248571428553e+03	1.22457433641252e+00	1.91920908624786e+00
4.44626186228851e-01	1.22160040700000e+00	1.22173047645865e+00	1.29999999994730e+00	1.58348571428557e+03	1.22600653306342e+00	1.92077847505106e+00
4.78828200562893e-01	1.31556966910000e+00	1.22173047645842e+00	1.39999999996792e+00	1.54898571428560e+03	1.22780832885003e+00	1.92057570885855e+00
5.13030214887157e-01	1.40953893120000e+00	1.22173047646434e+00	1.49999999998520e+00	1.41297499999985e+03	1.22464242046383e+00	1.92050213125283e+00
5.47232229211653e-01	1.50350819330000e+00	1.22173047646939e+00	1.60000000000256e+00	1.37225624999989e+03	1.22545966323113e+00	1.92060883756157e+00
5.81434243536391e-01	1.59747745530000e+00	1.22173047645359e+00	1.69999999992603e+00	1.35105624999991e+03	1.22652652081298e+00	1.91967019097604e+00
6.15636257871380e-01	1.69144671740000e+00	1.22173047645319e+00	1.79999999994698e+00	1.30953333333315e+03	1.22595417318586e+00	1.91991703039883e+00
6.49838272196630e-01	1.78541597950000e+00	1.22173047645766e+00	1.89999999996459e+00	1.22441111111101e+03	1.22547638930312e+00	1.92018976206875e+00
6.84040286522147e-01	1.87938524160000e+00	1.22173047646155e+00	1.99999999998230e+00	1.20809999999991e+03	1.22686610772002e+00	1.92167088945543e+00
7.18242300847937e-01	1.97335450370000e+00	1.22173047646495e+00	2.10000000000010e+00	1.19521111111103e+03	1.22645813700737e+00	1.92090834808069e+00
7.52444315184008e-01	2.06732376570000e+00	1.22173047644810e+00	2.19999999992744e+00	1.17954999999994e+03	1.22487261446501e+00	1.92006289005774e+00
7.86646329510363e-01	2.16129302780000e+00	1.22173047645156e+00	2.29999999994544e+00	1.15414499999989e+03	1.22532772465077e+00	1.91943203798456e+00
8.20848343837005e-01	2.25526228990000e+00	1.22173047645462e+00	2.39999999996353e+00	1.10973499999993e+03	1.22527768356778e+00	1.91985976984307e+00
8.55050358163938e-01	2.34923155200000e+00	1.22173047645732e+00	2.49999999998172e+00	1.09477999999994e+03	1.22670579078309e+00	1.91786691679288e+00
8.89252372501163e-01	2.44320081400000e+00	1.22173047644294e+00	2.59999999990946e+00	1.08909999999995e+03	1.22679193122681e+00	1.91984036057811e+00
9.23454386828681e-01	2.53717007610000e+00	1.22173047644567e+00	2.69999999992785e+00	1.08728999999995e+03	1.22531276468575e+00	1.91965745478961e+00
9.57656401156491e-01	2.63113933820000e+00	1.22173047644811e+00	2.79999999994635e+00	1.08801999999995e+03	1.22431456101998e+00	1.92000968566603e+00
9.91858415484593e-01	2.72510860030000e+00	1.22173047645029e+00	2.89999999996494e+00	1.09105999999994e+03	1.22546984431843e+00	1.91918324411474e+00
1.02606042984298e+00	2.81907786240000e+00	1.22173047644283e+00	2.99999999999389e+00	1.10305999999993e+03	1.22444080382155e+00	1.91911098748370e+00
1.06026244414166e+00	2.91304712440000e+00	1.22173047644292e+00	3.09999999990844e+00	1.15739999999988e+03	1.22603925798689e+00	1.91946551145467e+00
1.09446445844062e+00	3.00701638650000e+00	1.22173047645361e+00	3.19999999991707e+00	1.19304999999992e+03	1.22659121836284e+00	1.91921466004127e+00
1.12866647283986e+00	3.10098564860000e+00	1.22173047643510e+00	3.29999999995999e+00	1.21918333333323e+03	1.22554511164242e+00	1.91961409110723e+00
1.16286848713937e+00	3.19495491070000e+00	1.22173047644524e+00	3.39999999996880e+00	1.37544374999988e+03	1.22606197293377e+00	1.91973060621938e+00
7.76457135067770e-02	2.89777747890000e-01	1.30899693907578e+00	2.99999999996961e-01	4.02503749999861e+03	1.30963741249804e+00	1.83319785318598e+00
1.03527618007793e-01	3.86370330520000e-01	1.30899693907879e+00	3.99999999995627e-01	2.97213749999957e+03	1.31008944797945e+00	1.83227349996291e+00
1.29409522509886e-01	4.82962913140000e-01	1.30899693907333e+00	4.99999999984912e-01	2.93293749999961e+03	1.31255357945926e+00	1.83410833327911e+00
1.55291427012074e-01	5.79555495770000e-01	1.30899693907385e+00	5.99999999983881e-01	2.85184999999923e+03	1.31047690696351e+00	1.83331087389730e+00
1.81173331514377e-01	6.76148078400000e-01	1.30899693907407e+00	6.99999999982879e-01	2.29904999999973e+03	1.31078044732513e+00	1.83202848258715e+00
2.07055236016811e-01	7.72740661030000e-01	1.30899693907407e+00	7.99999999981912e-01	2.25569999999977e+03	1.31254891987886e+00	1.83379251179541e+00
2.32937140519394e-01	8.69333243660000e-01	1.30899693907391e+00	8.99999999980983e-01	1.89419999999979e+03	1.31185396709738e+00	1.83276027420923e+00
2.58819045022143e-01	9.65925826290000e-01	1.30899693907363e+00	9.99999999980097e-01	1.86549999999982e+03	1.31169984078330e+00	1.83388457311860e+00
2.84700949525073e-01	1.06251840890000e+00	1.30899693906853e+00	1.09999999995994e+00	1.82149999999986e+03	1.31206373182425e+00	1.83364291214524e+00
3.10582854028201e-01	1.15911099150000e+00	1.30899693906196e+00	1.19999999993017e+00	1.59188571428556e+03	1.31241948708990e+00	1.83321748814007e+00
3.36464758531541e-01	1.25570357420000e+00	1.30899693907616e+00	1.29999999999706e+00	1.56728571428559e+03	1.31277433016256e+00	1.83374763190036e+00
3.62346663035106e-01	1.35229615680000e+00	1.30899693906969e+00	1.39999999996740e+00	1.52895624999975e+03	1.31137729958327e+00	1.83372282985310e+00
3.88228567538910e-01	1.44888873940000e+00	1.30899693906392e+00	1.49999999993781e+00	1.37575624999988e+03	1.31242580341000e+00	1.83146706834442e+00
4.14110472042964e-01	1.54548132210000e+00	1.30899693907490e+00	1.60000000000488e+00	1.35818749999990e+03	1.31326052902562e+00	1.83395950675374e+00
4.39992376547280e-01	1.64207390470000e+00	1.30899693906922e+00	1.69999999997542e+00	1.33323333333313e+03	1.31282873003535e+00	1.83419643085088e+00
4.65874281051868e-01	1.73866648730000e+00	1.30899693906402e+00	1.79999999994603e+00	1.22349999999990e+03	1.31211366070750e+00	1.83308004346147e+00
4.91756185556736e-01	1.83525906990000e+00	1.30899693905922e+00	1.89999999991672e+00	1.20489999999991e+03	1.31113191300325e+00	1.83435546178334e+00
5.17638090071894e-01	1.93185165260000e+00	1.30899693906288e+00	1.99999999998666e+00	1.19231111111104e+03	1.31089163596047e+00	1.83435896884917e+00
5.43519994577347e-01	2.02844423520000e+00	1.30899693905833e+00	2.09999999995749e+00	1.17638333333327e+03	1.31031662162404e+00	1.83341851266999e+00
5.69401899083103e-01	2.12503681780000e+00	1.30899693905406e+00	2.19999999992841e+00	1.11924499999992e+03	1.31321344913571e+00	1.83425926270395e+00
5.95283803589165e-01	2.22162940050000e+00	1.30899693906128e+00	2.29999999999599e+00	1.08623499999995e+03	1.31190454844649e+00	1.83205600508689e+00
6.21165708095539e-01	2.31822198310000e+00	1.30899693905700e+00	2.39999999996707e+00	1.07874499999996e+03	1.31235233448271e+00	1.83303824001084e+00
6.47047612602225e-01	2.41481456570000e+00	1.30899693905293e+00	2.49999999993822e+00	1.07383499999996e+03	1.31224906916863e+00	1.83503198889698e+00
6.72929517109228e-01	2.51140714840000e+00	1.30899693905902e+00	2.60000000000605e+00	1.07077999999996e+03	1.31210187973505e+00	1.83305648151657e+00
6.98811421616547e-01	2.60799973100000e+00	1.30899693905495e+00	2.69999999997737e+00	1.06769999999997e+03	1.31252700816026e+00	1.83272661428795e+00
7.24693326124181e-01	2.70459231360000e+00	1.30899693905107e+00	2.79999999994877e+00	1.06645999999997e+03	1.31294548976232e+00	1.83334889129433e+00
7.50575230632131e-01	2.80118489620000e+00	1.30899693904735e+00	2.89999999992026e+00	1.06799999999997e+03	1.31267219963216e+00	1.83276461742488e+00
7.76457135140392e-01	2.89777747890000e+00	1.30899693905240e+00	2.99999999998841e+00	1.07129999999996e+03	1.31315767926613e+00	1.83341383768092e+00
8.02339039648963e-01	2.99437006150000e+00	1.30899693904868e+00	3.09999999996005e+00	1.07638999999996e+03	1.31229980007222e+00	1.83364599213804e+00
8.28220944157840e-01	3.09096264410000e+00	1.30899693904511e+00	3.19999999993178e+00	1.08655499999995e+03	1.31241399013563e+00	1.83244910693688e+00
8.54102848667016e-01	3.18755522680000e+00	1.30899693904950e+00	3.30000000000017e+00	1.17869444444438e+03	1.31187254347133e+00	1.83197487604584e+00
8.79984753176487e-01	3.28414780940000e+00	1.30899693904594e+00	3.39999999997204e+00	1.21874444444435e+03	1.31217185157142e+00	1.83216426920295e+00
5.20944532741631e-02	2.95442325900000e-01	1.39626340167842e+00	2.99999999991893e-01	4.05783749999858e+03	1.39565253635727e+00	1.74705152972790e+00
6.94592710326471e-02	3.93923101200000e-01	1.39626340167736e+00	3.99999999989265e-01	2.94203749999960e+03	1.39639430128936e+00	1.74615083381295e+00
8.68240887902131e-02	4.92403876510000e-01	1.39626340168201e+00	4.99999999996326e-01	2.90973749999963e+03	1.39815010251687e+00	1.74749663359272e+00
1.04188906548881e-01	5.90884651810000e-01	1.39626340168040e+00	5.99999999993730e-01	2.86749999999921e+03	1.39627258753890e+00	1.74666510015259e+00
1.21553724310671e-01	6.89365427110000e-01	1.39626340167486e+00	6.99999999991677e-01	2.27729999999975e+03	1.39728616453713e+00	1.74713275888806e+00
1.38918542062601e-01	7.87846202410000e-01	1.39626340168285e+00	7.99999999987911e-01	2.24079999999978e+03	1.39790163109790e+00	1.74651131589682e+00
1.56283359824690e-01	8.86326977710000e-01	1.39626340167794e+00	8.99999999985909e-01	1.86469999999982e+03	1.39724004328328e+00	1.74621606793859e+00
1.73648177586955e-01	9.84807753010000e-01	1.39626340167384e+00	9.99999999983938e-01	1.84929999999983e+03	1.39824267923656e+00	1.74731892734160e+00
1.91012995339415e-01	1.08328852830000e+00	1.39626340167769e+00	1.09999999997042e+00	1.81478571428536e+03	1.39767213163457e+00	1.74711821447762e+00
2.08377813102085e-01	1.18176930360000e+00	1.39626340167396e+00	1.19999999996852e+00	1.57298571428558e+03	1.39785165121478e+00	1.74663311561200e+00
2.25742630864981e-01	1.28025007890000e+00	1.39626340167063e+00	1.29999999996665e+00	1.55528571428560e+03	1.39841056246594e+00	1.74773531303458e+00
2.43107448618117e-01	1.37873085420000e+00	1.39626340167465e+00	1.39999999996310e+00	1.52098749999975e+03	1.39928863896559e+00	1.74606679435566e+00
2.60472266381508e-01	1.47721162950000e+00	1.39626340167140e+00	1.49999999996132e+00	1.36118749999990e+03	1.39814241564123e+00	1.74690503497613e+00
2.77837084145166e-01	1.57569240480000e+00	1.39626340166839e+00	1.59999999995959e+00	1.34595624999991e+03	1.39884997954692e+00	1.74715935438142e+00
2.95201901899104e-01	1.67417318010000e+00	1.39626340167136e+00	1.69999999995618e+00	1.32469999999981e+03	1.39791841005867e+00	1.74642033210958e+00
3.12566719663331e-01	1.77265395540000e+00	1.39626340166838e+00	1.79999999995454e+00	1.20251111111103e+03	1.39936354267932e+00	1.74416940137323e+00
3.29931537427857e-01	1.87113473070000e+00	1.39626340166555e+00	1.89999999995297e+00	1.19379999999992e+03	1.39886188885240e+00	1.74704752864292e+00
3.47296355182692e-01	1.96961550600000e+00	1.39626340166778e+00	1.99999999994970e+00	1.18108333333327e+03	1.39834034340534e+00	1.74664060748637e+00
3.64661172947843e-01	2.06809628130000e+00	1.39626340166496e+00	2.09999999994823e+00	1.16135499999988e+03	1.39744913465604e+00	1.74692277819045e+00
3.82025990713315e-01	2.16657705660000e+00	1.39626340166225e+00	2.19999999994682e+00	1.07734499999996e+03	1.39771956152366e+00	1.74670359730764e+00
3.99390808469115e-01	2.26505783190000e+00	1.39626340166392e+00	2.29999999994373e+00	1.07125499999996e+03	1.39900256160037e+00	1.74610701434225e+00
4.16755626235247e-01	2.36353860720000e+00	1.39626340166121e+00	2.39999999994243e+00	1.06643499999997e+03	1.40007904040617e+00	1.74490339165684e+00
4.34120444001713e-01	2.46201938250000e+00	1.39626340165858e+00	2.49999999994118e+00	1.06147999999997e+03	1.39932283606719e+00	1.74622482406676e+00
4.51485261758516e-01	2.56050015780000e+00	1.39626340165982e+00	2.59999999993827e+00	1.05799999999997e+03	1.39953925034536e+00	1.74626351647628e+00
4.68850079525656e-01	2.65898093310000e+00	1.39626340165719e+00	2.69999999993714e+00	1.05338999999998e+03	1.39843508985045e+00	1.74577379762146e+00
4.86214897293133e-01	2.75746170840000e+00	1.39626340165464e+00	2.79999999993607e+00	1.05111818181818e+03	1.39944488748910e+00	1.74558197567002e+00
5.03579715050946e-01	2.85594248370000e+00	1.39626340165554e+00	2.89999999993333e+00	1.05156363636364e+03	1.39900101438073e+00	1.74634041694161e+00
5.20944532819092e-01	2.95442325900000e+00	1.39626340165299e+00	2.99999999993238e+00	1.05448999999998e+03	1.39828957019073e+00	1.74517638522536e+00
5.38309350587567e-01	3.05290403430000e+00	1.39626340165050e+00	3.09999999993149e+00	1.05835999999997e+03	1.39923229851254e+00	1.74569507300555e+00
5.55674168346369e-01	3.15138480960000e+00	1.39626340165114e+00	3.19999999992892e+00	1.06579499999997e+03	1.39940078138534e+00	1.74589523733748e+00
5.73038986115490e-01	3.24986558490000e+00	1.39626340164867e+00	3.29999999992814e+00	1.07459499999996e+03	1.39923204798681e+00	1.74402660170716e+00
5.90403803884926e-01	3.34834636020000e+00	1.39626340164624e+00	3.39999999992741e+00	1.18878888888882e+03	1.39951220733168e+00	1.74576059765232e+00
2.61467227967458e-02	2.98858409430000e-01	1.48352986428739e+00	3.00000000000066e-01	4.07083749999857e+03	1.47974925583159e+00	1.66204318207677e+00
5.22934455950770e-02	5.97716818860000e-01	1.48352986428476e+00	6.00000000000270e-01	2.88289999999920e+03	1.48136035365663e+00	1.66148799805165e+00
6.10090198604162e-02	6.97336288660000e-01	1.48352986428423e+00	6.99999999990308e-01	2.25569999999977e+03	1.48230813371878e+00	1.66146752399697e+00
8.71557426603999e-02	9.96194698090000e-01	1.48352986428195e+00	9.99999999990656e-01	1.83436666666651e+03	1.48349146695164e+00	1.66174277174967e+00
9.58713169264459e-02	1.09581416790000e+00	1.48352986428203e+00	1.09999999999072e+00	1.82098571428536e+03	1.48191296483154e+00	1.66140119577236e+00
1.04586891196714e-01	1.19543363770000e+00	1.48352986427786e+00	1.19999999998119e+00	1.55726428571417e+03	1.48197286159957e+00	1.66138782729299e+00
1.13302465459220e-01	1.29505310750000e+00	1.48352986428028e+00	1.29999999997098e+00	1.54566428571418e+03	1.48393978071409e+00	1.66179124900919e+00
1.22018039731980e-01	1.39467257730000e+00	1.48352986427506e+00	1.39999999996166e+00	1.34595624999991e+03	1.48415864202307e+00	1.66150267468400e+00
1.30733613995008e-01	1.49429204710000e+00	1.48352986427699e+00	1.49999999995150e+00	1.34968749999991e+03	1.48156013546793e+00	1.66155770479922e+00
1.39449188268319e-01	1.59391151690000e+00	1.48352986427229e+00	1.59999999994223e+00	1.33958749999992e+03	1.48386256758384e+00	1.66276271173748e+00
1.48164762531923e-01	1.69353098680000e+00	1.48352986427895e+00	1.70000000003174e+00	1.18779999999993e+03	1.48267465286170e+00	1.66092413203688e+00
1.56880336805834e-01	1.79315045660000e+00	1.48352986427432e+00	1.80000000002253e+00	1.18958333333326e+03	1.48472790806030e+00	1.66033171742221e+00
1.65595911070060e-01	1.89276992640000e+00	1.48352986427526e+00	1.90000000001247e+00	1.18371111111104e+03	1.48463141628594e+00	1.66147490808226e+00
1.74311485344611e-01	1.99238939620000e+00	1.48352986427097e+00	2.00000000000331e+00	1.17688333333327e+03	1.48315513173813e+00	1.66069169158043e+00
1.83027059609496e-01	2.09200886600000e+00	1.48352986427166e+00	2.09999999999331e+00	1.06444499999997e+03	1.48353705084504e+00	1.66052021298142e+00
1.91742633874720e-01	2.19162833580000e+00	1.48352986427214e+00	2.19999999998334e+00	1.06493499999997e+03	1.48471472459113e+00	1.65901040051202e+00
2.00458208150290e-01	2.29124780560000e+00	1.48352986426810e+00	2.29999999997427e+00	1.06214499999997e+03	1.48444844440611e+00	1.66060342273279e+00
2.09173782416209e-01	2.39086727540000e+00	1.48352986426840e+00	2.39999999996436e+00	1.05833499999997e+03	1.48442823276107e+00	1.66150568099276e+00
2.17889356692482e-01	2.49048674520000e+00	1.48352986426455e+00	2.49999999995535e+00	1.05467999999998e+03	1.48501817963958e+00	1.66105428373253e+00
2.26604930959109e-01	2.59010621500000e+00	1.48352986426470e+00	2.59999999994550e+00	1.05214545454546e+03	1.48391920687447e+00	1.66064587668756e+00
2.35320505236092e-01	2.68972568480000e+00	1.48352986426101e+00	2.69999999993656e+00	1.05138181818182e+03	1.48300484066101e+00	1.66053860279208e+00
2.44036079503431e-01	2.78934515470000e+00	1.48352986426413e+00	2.80000000002639e+00	9.59518181818194e+02	1.48338755273309e+00	1.66066285826948e+00
2.52751653781124e-01	2.88896462450000e+00	1.48352986426047e+00	2.90000000001750e+00	9.60163636363648e+02	1.48421852125147e+00	1.66017463778953e+00
2.61467228049168e-01	2.98858409430000e+00	1.48352986426026e+00	3.00000000000778e+00	1.04978181818182e+03	1.48379777223536e+00	1.66069075658262e+00
2.70182802327560e-01	3.08820356410000e+00	1.48352986425673e+00	3.09999999999895e+00	1.05136818181818e+03	1.48556975132247e+00	1.65830853175329e+00
2.78898376596296e-01	3.18782303390000e+00	1.48352986425644e+00	3.19999999998929e+00	1.05479499999998e+03	1.48585551542346e+00	1.65922094001969e+00
2.87613950875369e-01	3.28744250370000e+00	1.48352986425304e+00	3.29999999998052e+00	1.06109499999997e+03	1.48420386928573e+00	1.65842349077336e+00
2.96329525144774e-01	3.38706197350000e+00	1.48352986425267e+00	3.39999999997092e+00	1.17555999999987e+03	1.48440921306087e+00	1.65961363910139e+00