y	z	phi	r	period	thetamin	thetamax
3.47296355280741e-01	1.96961550600000e+00	1.39626340161950e+00	1.99999999996673e+00	2.74301754385967e+02	1.37760046164779e+00	1.76913554299153e+00
2.08377813167258e-01	1.18176930360000e+00	1.39626340162047e+00	1.19999999997983e+00	2.92970370370374e+02	1.37539449972937e+00	1.77277560167949e+00
2.88896462451266e+00	2.52751653970000e-01	8.72664625989314e-02	2.90000000004658e+00	3.13647058823534e+02	5.35641547437060e-02	3.10546433807351e+00
1.29505310750743e+00	1.13302465570000e-01	8.72664625990116e-02	1.29999999998804e+00	4.61741666666677e+02	-2.01503944610077e-01	2.04716098126817e-01
9.84807753013337e-02	1.73648177670000e-02	1.74532925202260e-01	1.00000000000164e-01	3.31125000000004e+02	-1.67588101439452e-01	1.69252541689662e-01
1.83847763106904e+00	1.83847763110000e+00	7.85398163405868e-01	2.59999999999929e+00	3.52353333333338e+02	7.75359346872568e-01	2.38764532331328e+00
8.03007010863791e-01	1.14681286200000e+00	9.59931088611193e-01	1.39999999998037e+00	3.28272916666670e+02	9.43498813689355e-01	2.21401124267863e+00
-1.22839764803569e-11	4.00000000000000e-01	1.57079632682561e+00	4.00000000000000e-01	3.41666666666673e+02	1.48904074130835e+00	1.65669180317529e+00
-3.08947551027193e-12	1.00000000000000e-01	1.57079632682579e+00	1.00000000000000e-01	3.24875000000003e+02	1.48821731990054e+00	1.65906494619092e+00
9.96194698096109e-02	8.71557427480000e-03	8.72664625996767e-02	1.00000000000438e-01	3.31225000000005e+02	-8.30860851330512e-02	8.43666681154908e-02
8.28220944271435e-01	3.09096264410000e+00	1.30899693901082e+00	3.19999999996118e+00	3.07600000000002e+02	1.30815918095479e+00	1.83749510313714e+00
7.07066370641141e-01	8.42648887430000e-01	8.72664626006439e-01	1.09999999999030e+00	3.48104444444448e+02	8.40200475245804e-01	2.32860083471831e+00
6.36396103056404e-01	6.36396103070000e-01	7.85398163408130e-01	8.99999999993366e-01	3.53391111111116e+02	7.50116051063665e-01	2.39870519920487e+00
1.06251840890056e+00	2.84700949610000e-01	2.61799387800812e-01	1.09999999998246e+00	4.94100000000009e+02	-2.86017021167788e-01	2.91044124745567e-01
7.99999999967725e-01	1.38564064610000e+00	1.04719755122810e+00	1.60000000002275e+00	3.09717647058827e+02	1.03079279878881e+00	2.11757089319812e+00
2.99999999986784e-01	5.19615242270000e-01	1.04719755121512e+00	5.99999999992818e-01	3.28589583333337e+02	1.01947590491075e+00	2.12938895389568e+00
6.33927392576720e-01	1.35946168060000e+00	1.13446401382974e+00	1.50000000002630e+00	3.03803921568630e+02	1.11956762863054e+00	2.03222236778009e+00
9.58713169905391e-02	1.09581416790000e+00	1.48352986422398e+00	1.09999999999630e+00	2.92161111111114e+02	1.45415979079185e+00	1.69154568443037e+00
4.91491226563798e-01	3.44145861810000e-01	6.10865238206333e-01	5.99999999991779e-01	3.53222222222227e+02	-6.19754669974759e-01	6.23862598280724e-01
2.07846096908514e+00	1.20000000000000e+00	5.23598775597781e-01	2.40000000000215e+00	4.41966666666672e+02	5.17514557825847e-01	2.63669944424974e+00
2.12503681780098e+00	5.69401899230000e-01	2.61799387805219e-01	2.19999999996737e+00	6.53425925925949e+02	2.22038102316792e-01	2.92465140089281e+00
3.99999999982575e-01	6.92820323030000e-01	1.04719755121699e+00	7.99999999993408e-01	3.27568750000003e+02	1.02276044834117e+00	2.12518271039838e+00
1.54072323799235e+00	7.18451044960000e-01	4.36332312991546e-01	1.70000000002757e+00	5.22169696969712e+02	4.14128368510807e-01	2.73131321940158e+00
3.64661173049120e-01	2.06809628130000e+00	1.39626340161746e+00	2.09999999996582e+00	2.73900000000003e+02	1.37906193515331e+00	1.76789984988112e+00
8.45723358708027e-01	3.07818128990000e-01	3.49065850395358e-01	8.99999999999606e-01	4.23802564102573e+02	-3.52584500032368e-01	3.56542716248035e-01
3.27660817715832e-01	2.29430574540000e-01	6.10865238196821e-01	3.99999999999953e-01	3.41175000000006e+02	-6.07304766523947e-01	6.12390104807653e-01
2.25166604978453e+00	1.30000000000000e+00	5.23598775608878e-01	2.59999999995236e+00	4.43841666666673e+02	5.20539462752303e-01	2.63425685596158e+00
1.72021929298154e+00	1.20451051630000e+00	6.10865238190428e-01	2.09999999995791e+00	4.07733333333339e+02	5.99604373864148e-01	2.55185859264456e+00
5.14230087735968e-01	6.12835554500000e-01	8.72664626013736e-01	7.99999999995165e-01	3.43768750000007e+02	8.31712488940562e-01	2.41475377725526e+00
1.48492424047253e+00	1.48492424050000e+00	7.85398163406698e-01	2.09999999999224e+00	3.51162222222226e+02	7.66297280063622e-01	2.40111926513868e+00
1.72072930903948e-01	2.45745613290000e-01	9.59931088606925e-01	3.00000000001922e-01	3.30075000000004e+02	9.25984434645592e-01	2.22193948985322e+00
4.64880087884558e-01	9.96938565740000e-01	1.13446401382108e+00	1.09999999998695e+00	3.13950980392161e+02	1.11695836139881e+00	2.03135380981116e+00
4.78828200626319e-01	1.31556966910000e+00	1.22173047641584e+00	1.39999999998962e+00	2.98266666666671e+02	1.20371330827160e+00	1.94585415743885e+00
1.34985398026832e+00	1.60869333050000e+00	8.72664626008685e-01	2.09999999991462e+00	3.30158333333338e+02	8.58387832715851e-01	2.28927856667088e+00
1.39467257730791e+00	1.22018039850000e-01	8.72664626033277e-02	1.39999999997983e+00	4.43988888888895e+02	-2.45544554698909e-01	2.50856173389145e-01
1.14999999995840e+00	1.99185842870000e+00	1.04719755121135e+00	2.29999999997555e+00	3.02425925925932e+02	1.03973626864432e+00	2.11760798144472e+00
9.23454386927516e-01	2.53717007610000e+00	1.22173047641127e+00	2.69999999996166e+00	2.89250000000003e+02	1.21214425547945e+00	1.94283071015001e+00
1.47841150226651e+00	1.76190221920000e+00	8.72664626008702e-01	2.30000000001213e+00	3.29497916666671e+02	8.73667099486279e-01	2.28246131061259e+00
8.35623892568136e-01	9.95857776050000e-01	8.72664626009213e-01	1.29999999998076e+00	3.47577777777781e+02	8.48675075428503e-01	2.30932192780079e+00
9.01067248709010e-01	6.30934079990000e-01	6.10865238205513e-01	1.09999999999493e+00	4.06620512820518e+02	5.12040332626966e-01	2.68401968359444e+00
6.88291723597063e-01	9.82982453150000e-01	9.59931088614930e-01	1.19999999998875e+00	3.31587500000004e+02	9.39837362251421e-01	2.20944284336153e+00
1.83544459625698e+00	2.62128654170000e+00	9.59931088609430e-01	3.19999999994164e+00	3.55600000000004e+02	9.39467103117248e-01	2.20579074190173e+00
1.63135401669201e+00	7.60712871130000e-01	4.36332312990828e-01	1.80000000002222e+00	5.12124242424256e+02	4.17277424223868e-01	2.73082941413293e+00
1.19999999995740e+00	2.07846096910000e+00	1.04719755121558e+00	2.39999999999372e+00	3.02664705882355e+02	1.03733961424874e+00	2.11837592631560e+00
2.02844423520095e+00	5.43519994720000e-01	2.61799387802065e-01	2.09999999999533e+00	6.61211111111135e+02	2.20286060259983e-01	2.92404212231757e+00
1.99238939621042e+00	1.74311485500000e-01	8.72664626008759e-02	2.00000000002723e+00	3.43331250000007e+02	4.29525528915804e-02	3.11150317728541e+00
1.12866647294446e+00	3.10098564860000e+00	1.22173047640532e+00	3.29999999999576e+00	3.27862500000003e+02	1.20789001542772e+00	1.94221111826555e+00
7.52444315272832e-01	2.06732376570000e+00	1.22173047641016e+00	2.19999999995782e+00	2.85012280701759e+02	1.20539544126112e+00	1.94450085598807e+00
2.77837084228257e-01	1.57569240480000e+00	1.39626340161724e+00	1.59999999997402e+00	2.84566666666672e+02	1.37662135711044e+00	1.76979573275207e+00
6.15636257948857e-01	1.69144671740000e+00	1.22173047641275e+00	1.79999999997347e+00	2.88348148148151e+02	1.20632669908343e+00	1.94409233386645e+00
1.14715287266549e+00	1.63830408860000e+00	9.59931088618187e-01	1.99999999999704e+00	3.16341176470593e+02	9.49755819057754e-01	2.20521852323983e+00
5.49403740230505e-01	1.17820012310000e+00	1.13446401380342e+00	1.29999999994312e+00	3.08200000000003e+02	1.11614896495820e+00	2.03501284125475e+00
2.71892336108490e-01	1.26785478520000e-01	4.36332312995435e-01	2.99999999996796e-01	3.38675000000006e+02	-4.22997997513346e-01	4.27064258480850e-01
1.36808057319658e-01	3.75877048310000e-01	1.22173047641722e+00	3.99999999992271e-01	3.26275000000003e+02	1.19807581087760e+00	1.95078623821319e+00
2.39086727541165e+00	2.09173782590000e-01	8.72664625982087e-02	2.39999999999111e+00	3.05354901960787e+02	5.00141550451495e-02	3.11132864436021e+00
4.51485261872657e-01	2.56050015780000e+00	1.39626340161659e+00	2.59999999995809e+00	2.78073684210530e+02	1.37937235442741e+00	1.76530279995415e+00
8.20848343930403e-01	2.25526228990000e+00	1.22173047641805e+00	2.39999999999547e+00	2.85625925925928e+02	1.20866735822533e+00	1.94668788779692e+00
2.12132034355336e-01	2.12132034360000e-01	7.85398163408441e-01	3.00000000002409e-01	6.68631578947367e+01	6.03185789489240e-01	2.64050862534222e+00
1.93185165260108e-01	5.17638090210000e-02	2.61799387798575e-01	2.00000000002344e-01	3.34525000000005e+02	-2.51866316257761e-01	2.54596632142325e-01
5.17638090163019e-01	1.93185165260000e+00	1.30899693901887e+00	2.00000000001024e+00	2.78801754385968e+02	1.29195517674154e+00	1.85692809769435e+00
1.22160040699725e+00	4.44626186320000e-01	3.49065850402858e-01	1.29999999997589e+00	5.90585185185193e+02	-4.25728644461239e-01	4.35047750669115e-01
2.80118489620112e+00	7.50575230800000e-01	2.61799387803363e-01	2.89999999996478e+00	6.60548148148172e+02	2.31189803377673e-01	2.91236110963286e+00
9.19238815521040e-01	9.19238815540000e-01	7.85398163407761e-01	1.29999999998304e+00	3.66777777777785e+02	7.56706964336106e-01	2.39653623585580e+00
1.09581416790641e+00	9.58713170220000e-02	8.72664625988975e-02	1.10000000000543e+00	4.70327777777790e+02	-1.39368394096070e-01	1.41754124169369e-01
1.74311485440058e-02	1.99238939620000e-01	1.48352986422342e+00	2.00000000001163e-01	3.25575000000003e+02	1.44641781764596e+00	1.70086839682336e+00
2.65898093310673e+00	4.68850079700000e-01	1.74532925200860e-01	2.69999999997404e+00	4.07261538461544e+02	2.41177651406355e-02	3.12572761068916e+00
7.37236839850863e-01	5.16218792720000e-01	6.10865238207591e-01	8.99999999994767e-01	3.81797619047625e+02	-7.08337513598769e-01	7.39923609736736e-01
2.12119911196159e+00	2.52794666230000e+00	8.72664625999527e-01	3.30000000000308e+00	3.63060000000006e+02	8.78097586625873e-01	2.27266739551503e+00
1.95015988355665e+00	2.78511695060000e+00	9.59931088608713e-01	3.39999999999311e+00	3.81540476190482e+02	9.63565736764160e-01	2.18771536416983e+00
3.42020143303990e-02	9.39692620790000e-02	1.22173047641780e+00	9.99999999996430e-02	3.28025000000004e+02	1.19666013068807e+00	1.95229991467356e+00
1.86408406806272e+00	2.22152888500000e+00	8.72664625994643e-01	2.89999999994735e+00	3.45440000000003e+02	8.70770943758751e-01	2.29032576422208e+00
2.44036079628573e-01	2.78934515470000e+00	1.48352986421960e+00	2.80000000003729e+00	2.85850000000002e+02	1.46326927670145e+00	1.69383251908276e+00
1.73866648730085e+00	4.65874281180000e-01	2.61799387799515e-01	1.79999999998002e+00	7.01233333333351e+02	2.19982885584322e-01	2.92485766707714e+00
2.60000000001754e+00	4.61024259567988e-22	1.77317022909568e-22	2.60000000001754e+00	2.72173684210529e+02	5.46898921112423e-02	3.10622729628938e+00
4.10424171960524e-01	1.12763114490000e+00	1.22173047640746e+00	1.19999999994915e+00	3.05203921568630e+02	1.20413506420842e+00	1.94557087707564e+00
8.89252372598377e-01	2.44320081400000e+00	1.22173047640781e+00	2.59999999994271e+00	2.87727777777780e+02	1.20752611427867e+00	1.94171369942873e+00
5.36231110171011e-01	4.49951326780000e-01	6.98131700808370e-01	6.99999999990227e-01	3.53791111111116e+02	4.83154510174585e-01	2.72915389805101e+00
4.94974746819289e-01	4.94974746830000e-01	7.85398163408268e-01	6.99999999991601e-01	3.47391111111115e+02	7.16489292036365e-01	2.43408182190404e+00
1.77808695265726e+00	2.53937133730000e+00	9.59931088605832e-01	3.09999999998561e+00	3.37975000000005e+02	9.58499918610246e-01	2.19011847855030e+00
2.19162833581108e+00	1.91742634040000e-01	8.72664625971552e-02	2.20000000000878e+00	3.20341176470594e+02	4.66975308008597e-02	3.11107993494180e+00
1.92836282904621e-01	2.29813332940000e-01	8.72664626009816e-01	3.00000000002437e-01	3.30775000000004e+02	7.56731130433441e-01	2.39936230035834e+00
1.20451051626436e+00	1.72021929300000e+00	9.59931088623413e-01	2.09999999995258e+00	3.14454901960789e+02	9.47417077860082e-01	2.20162813163573e+00
1.03923048449117e+00	6.00000000000000e-01	5.23598775619197e-01	1.19999999995656e+00	4.48750000000007e+02	-6.56435784967587e-01	6.89642419316031e-01
1.01428382815373e+00	2.17513868890000e+00	1.13446401380748e+00	2.40000000000079e+00	2.91109259259262e+02	1.12294265907159e+00	2.03032157222498e+00
4.58861149064211e-01	6.55321635430000e-01	9.59931088613050e-01	7.99999999989486e-01	3.33868750000005e+02	9.32845448601556e-01	2.21616323364634e+00
1.47447367968342e+00	1.03243758540000e+00	6.10865238195221e-01	1.79999999995160e+00	4.14184615384622e+02	5.94849348983465e-01	2.54825052108180e+00
2.68972568481233e+00	2.35320505420000e-01	8.72664626013467e-02	2.69999999996487e+00	2.85977777777780e+02	5.48207918051419e-02	3.10816610775560e+00
8.42648887416276e-01	7.07066370660000e-01	6.98131700809611e-01	1.09999999999191e+00	3.81361904761911e+02	6.69052826431198e-01	2.47716997345289e+00
5.13030214954329e-01	1.40953893120000e+00	1.22173047642226e+00	1.50000000000817e+00	2.93870370370374e+02	1.20468733625031e+00	1.94410993382529e+00
2.89777747890161e-01	7.76457135310000e-02	2.61799387796966e-01	3.00000000003386e-01	3.40575000000006e+02	5.38354741092433e-02	3.10389354174672e+00
1.31011661134876e+00	2.80955413980000e+00	1.13446401380832e+00	3.09999999996763e+00	3.10500000000003e+02	1.13332954978252e+00	2.02514916432032e+00
2.32937140565981e-01	8.69333243660000e-01	1.30899693902391e+00	8.99999999993040e-01	3.08378431372552e+02	1.28773882870646e+00	1.86047211340690e+00
1.73205080758671e+00	1.00000000000000e+00	5.23598775593841e-01	2.00000000001544e+00	4.47997222222230e+02	5.11747989977257e-01	2.63879122135826e+00
1.29999999995566e+00	2.25166604980000e+00	1.04719755120376e+00	2.59999999994359e+00	3.05594117647061e+02	1.04090631052364e+00	2.11577289240262e+00
9.52627944151827e-01	5.50000000000000e-01	5.23598775603324e-01	1.09999999999043e+00	4.33335897435909e+02	-6.05740400357554e-01	6.20889588090058e-01
6.42787609672711e-01	7.66044443120000e-01	8.72664626008415e-01	9.99999999991894e-01	3.47131111111114e+02	8.39789604206600e-01	2.41329293667134e+00
1.81865334788627e+00	1.05000000000000e+00	5.23598775612835e-01	2.09999999994713e+00	4.44977777777784e+02	5.18609627265098e-01	2.63615527552225e+00
1.87938524159548e-01	6.84040286650000e-02	3.49065850394191e-01	2.00000000002178e-01	3.33925000000005e+02	-3.35542763776111e-01	3.40101839360623e-01
2.31822198310103e+00	6.21165708250000e-01	2.61799387799956e-01	2.40000000000804e+00	6.50718518518540e+02	2.16877885345163e-01	2.92848047193878e+00
2.26604931080442e-01	2.59010621500000e+00	1.48352986421821e+00	2.59999999995608e+00	2.73773684210529e+02	1.45996950595621e+00	1.69055383874974e+00
1.69047304690352e-01	3.62523114810000e-01	1.13446401380482e+00	3.99999999993271e-01	3.27475000000003e+02	1.10959686614942e+00	2.03987537988402e+00
1.44888873940074e+00	3.88228567650000e-01	2.61799387802385e-01	1.49999999996728e+00	8.02638095238116e+02	-3.91096869445393e-01	4.23224890316105e-01
2.53570957025643e-01	5.43784672220000e-01	1.13446401382328e+00	5.99999999990261e-01	3.25870833333337e+02	1.11219448520549e+00	2.04039050867943e+00
1.08328852830350e+00	1.91012995430000e-01	1.74532925197756e-01	1.09999999998959e+00	4.85400000000007e+02	-2.06632565498829e-01	2.09611549837016e-01
2.36353860720636e+00	4.16755626400000e-01	1.74532925200833e-01	2.39999999997730e+00	9.19155555555575e+02	7.64615319689085e-02	3.06754626674246e+00
2.37554092837828e+00	1.66337166540000e+00	6.10865238204748e-01	2.89999999994067e+00	4.18864102564111e+02	6.11894982456692e-01	2.54653573509172e+00
6.49999999972848e-01	1.12583302490000e+00	1.04719755120708e+00	1.29999999996930e+00	3.19300000000006e+02	1.02761495698922e+00	2.12306213535720e+00
1.64999999995230e+00	2.85788383250000e+00	1.04719755121084e+00	3.29999999998598e+00	3.37743750000005e+02	1.05561440151434e+00	2.09845822889184e+00
4.00000000003513e-01	1.20259088745981e-22	3.00647721862312e-22	4.00000000003513e-01	3.50800000000004e+02	-2.20298653860001e-02	2.26023311459180e-02
1.24999999995649e+00	2.16506350950000e+00	1.04719755121945e+00	2.50000000001194e+00	3.03700000000002e+02	1.04047977890567e+00	2.11613754154991e+00
2.12979531517919e+00	1.49129873450000e+00	6.10865238187873e-01	2.60000000001549e+00	4.06507692307697e+02	6.09298805194350e-01	2.54997839704128e+00
9.84807753013207e-01	1.73648177670000e-01	1.74532925202283e-01	1.00000000000152e+00	4.60625000000010e+02	-1.92659457019367e-01	1.94841576375639e-01
2.26576946759017e+00	1.05654565440000e+00	4.36332313016321e-01	2.50000000001907e+00	4.89306060606069e+02	4.28847032169092e-01	2.72684530344951e+00
4.01503505436102e-01	5.73406431000000e-01	9.59931088606271e-01	6.99999999992597e-01	3.33272916666672e+02	9.33058835880342e-01	2.22025914198136e+00
1.00000000000884e-01	3.04277228007771e-23	3.04277228005081e-22	1.00000000000884e-01	3.32625000000005e+02	-1.47606991118734e-02	1.52612954856371e-02
1.72198479539169e+00	8.02974697310000e-01	4.36332312994951e-01	1.90000000002112e+00	5.02751515151526e+02	4.20018854736288e-01	2.72894445854077e+00
4.99999999978530e-01	8.66025403780000e-01	1.04719755121297e+00	9.99999999985421e-01	3.25556250000003e+02	1.02572127475081e+00	2.12449279201170e+00
1.28557521936933e+00	1.53208888620000e+00	8.72664625986402e-01	1.99999999996851e+00	3.31318750000004e+02	8.60988373301323e-01	2.29551687208301e+00
9.64181414505331e-01	1.14906666470000e+00	8.72664626018893e-01	1.50000000000076e+00	3.44087500000007e+02	8.53583813949737e-01	2.29985526193797e+00
1.18333113285033e+00	2.53766180370000e+00	1.13446401380357e+00	2.79999999998764e+00	2.99933333333339e+02	1.12712490429168e+00	2.02510553108902e+00
7.07106781175008e-01	7.07106781190000e-01	7.85398163408049e-01	9.99999999994282e-01	3.57931111111117e+02	7.51797401970645e-01	2.39898996345125e+00
1.89276992641005e+00	1.65595911220000e-01	8.72664625977887e-02	1.90000000003555e+00	3.55617777777783e+02	4.17988902560122e-02	3.11451212491585e+00
3.44145861798025e-01	4.91491226570000e-01	9.59931088610842e-01	5.99999999989990e-01	3.32289583333338e+02	9.28033299419672e-01	2.21843565233243e+00
2.06809628130588e+00	3.64661173100000e-01	1.74532925200807e-01	2.09999999998045e+00	9.08150000000017e+02	8.90641517292706e-02	3.05452720477289e+00
1.13302465533526e-01	1.29505310750000e+00	1.48352986422334e+00	1.29999999997745e+00	2.88237037037040e+02	1.45602823517262e+00	1.69056082006675e+00
1.02606042994554e+00	2.81907786240000e+00	1.22173047641071e+00	3.00000000002896e+00	3.02050000000006e+02	1.21403902854865e+00	1.93964347042367e+00
1.25570357420065e+00	3.36464758630000e-01	2.61799387791765e-01	1.30000000002317e+00	6.49974074074096e+02	-3.28187684862124e-01	3.40265900310311e-01
7.76457135252303e-01	2.89777747890000e+00	1.30899693901637e+00	3.00000000001738e+00	2.94424074074078e+02	1.30001067500954e+00	1.85003903380398e+00
6.00000000005228e-01	1.77525382081704e-22	2.95875636800262e-22	6.00000000005228e-01	3.78380952380957e+02	-3.48163143220168e-02	3.62667585823731e-02
2.07055236058504e-01	7.72740661030000e-01	1.30899693902373e+00	7.99999999992703e-01	3.11488235294121e+02	1.28870585019514e+00	1.86023125797012e+00
9.99999999961915e-01	1.73205080760000e+00	1.04719755122087e+00	2.00000000000791e+00	3.03841176470591e+02	1.03696833511695e+00	2.11934982003821e+00
4.16755626344908e-01	2.36353860720000e+00	1.39626340161621e+00	2.39999999996147e+00	2.74424561403512e+02	1.38156772929367e+00	1.77421445111484e+00
2.49999999988938e-01	4.33012701890000e-01	1.04719755121354e+00	4.99999999992547e-01	3.28866666666670e+02	1.02075343303445e+00	2.12706068467352e+00
2.21171051957885e+00	1.54865637810000e+00	6.10865238183809e-01	2.69999999997140e+00	4.10438461538467e+02	6.09500390722956e-01	2.54933262521804e+00
5.03579715170126e-01	2.85594248370000e+00	1.39626340161507e+00	2.89999999995403e+00	2.87933333333336e+02	1.38243166727341e+00	1.76773491626681e+00
2.05212085984611e-01	5.63815572470000e-01	1.22173047641205e+00	5.99999999994858e-01	3.23670833333336e+02	1.19908403601993e+00	1.94991674691310e+00
2.20000000001602e+00	4.54863139169994e-22	2.06755972348492e-22	2.20000000001602e+00	2.95405555555560e+02	4.68254385017559e-02	3.10672097513495e+00
1.15701769737155e+00	1.37887999760000e+00	8.72664626019439e-01	1.79999999994787e+00	3.35533333333339e+02	8.58000369621908e-01	2.29450707444436e+00
2.39414100312139e-01	6.57784834550000e-01	1.22173047641721e+00	6.99999999994458e-01	3.21503921568634e+02	1.20022583834990e+00	1.94887952267192e+00
7.66044443106910e-02	6.42787609690000e-02	6.98131700808140e-01	9.99999999992980e-02	3.29725000000004e+02	-7.14200812964747e-01	8.69294395211564e-01
3.36464758596506e-01	1.25570357420000e+00	1.30899693902789e+00	1.30000000001387e+00	2.94400000000004e+02	1.28910256551745e+00	1.85763630243826e+00
2.34923155199559e+00	8.55050358310000e-01	3.49065850393081e-01	2.50000000002753e+00	5.49616666666678e+02	3.26745270927423e-01	2.82595683968363e+00
4.49951326767648e-01	5.36231110180000e-01	8.72664626008298e-01	6.99999999989173e-01	3.41272916666674e+02	8.31747875011661e-01	2.40737731770463e+00
6.72929517215309e-01	2.51140714840000e+00	1.30899693901961e+00	2.60000000003351e+00	2.83415789473689e+02	1.29699530706078e+00	1.85356060956900e+00
7.24693326233592e-01	2.70459231360000e+00	1.30899693901332e+00	2.79999999997709e+00	2.87788888888891e+02	1.29990128026535e+00	1.85190603743811e+00
2.37473777367236e+00	1.99264159000000e+00	6.98131700790014e-01	3.09999999998453e+00	4.08961538461545e+02	6.92302301096071e-01	2.46426527747583e+00
1.73648177642231e-01	9.84807753010000e-01	1.39626340161940e+00	9.99999999993537e-01	3.04380392156865e+02	1.37337995344025e+00	1.77534707793995e+00
3.46410161506900e-01	2.00000000000000e-01	5.23598775606893e-01	3.99999999994046e-01	3.43275000000007e+02	-5.13859838372170e-01	5.17785760620228e-01
5.49999999976580e-01	9.52627944160000e-01	1.04719755121373e+00	1.09999999998579e+00	3.24079166666669e+02	1.02760747700671e+00	2.12172172249167e+00
4.91756185644666e-01	1.83525906990000e+00	1.30899693901452e+00	1.89999999993947e+00	2.80914035087723e+02	1.29141592010782e+00	1.85578711267016e+00
3.00000000002642e-01	9.07008216223883e-23	3.02336072071965e-22	3.00000000002642e-01	3.42675000000007e+02	-2.11579435670024e-02	2.18436559622841e-02
5.43519994671473e-01	2.02844423520000e+00	1.30899693901503e+00	2.09999999998185e+00	2.77700000000003e+02	1.29271301707464e+00	1.85638804295723e+00
1.08979522906670e+00	1.55638888410000e+00	9.59931088582188e-01	1.89999999995963e+00	3.17952941176476e+02	9.45716053119869e-01	2.20239607650660e+00
1.80000000001398e+00	4.22980418131977e-22	2.34989121182607e-22	1.80000000001398e+00	3.42116666666674e+02	-5.13221999863714e-01	5.39097299356008e-01
1.21553724350161e-01	6.89365427110000e-01	1.39626340161931e+00	6.99999999998534e-01	3.11807843137259e+02	1.37168667239988e+00	1.77657064560503e+00
3.10582854088772e-01	1.15911099150000e+00	1.30899693901321e+00	1.19999999994585e+00	3.00370370370376e+02	1.28968777970452e+00	1.85699541753693e+00
9.06307787034951e-02	4.22618261740000e-02	4.36332312998666e-01	9.99999999998165e-02	3.30525000000004e+02	-4.20784114485239e-01	4.25893015991760e-01
1.06489765758726e+00	7.45649367260000e-01	6.10865238195204e-01	1.30000000001157e+00	4.21066666666675e+02	5.86417538700705e-01	2.55990143835302e+00
1.43394109086058e+00	2.04788011070000e+00	9.59931088597306e-01	2.49999999997181e+00	3.14858823529416e+02	9.54199863665645e-01	2.20389007834631e+00
2.84700949581110e-01	1.06251840890000e+00	1.30899693901932e+00	1.09999999997444e+00	3.03950980392159e+02	1.28958608518677e+00	1.85963721135926e+00
6.92820323023919e-01	4.00000000000000e-01	5.23598775600569e-01	7.99999999996855e-01	3.81980952380958e+02	-5.32758923907617e-01	5.38797752149504e-01
1.54865637805916e+00	2.21171051960000e+00	9.59931088627971e-01	2.69999999996530e+00	3.20117647058829e+02	9.54799820596018e-01	2.19983742382318e+00
2.78898376726223e-01	3.18782303390000e+00	1.48352986421599e+00	3.20000000000061e+00	3.05400000000002e+02	1.46633837106304e+00	1.68409001186498e+00
4.39992376628253e-01	1.64207390470000e+00	1.30899693902321e+00	1.69999999999638e+00	2.85588888888891e+02	1.29184770120339e+00	1.85679700115881e+00
5.90403804008113e-01	3.34834636020000e+00	1.39626340161056e+00	3.39999999994880e+00	3.33616666666672e+02	1.38638483802918e+00	1.76386464865051e+00
1.81173331551078e-01	6.76148078400000e-01	1.30899693902342e+00	6.99999999992378e-01	3.17607843137260e+02	1.28858313173211e+00	1.86287204379482e+00
7.25046229626062e-01	3.38094609390000e-01	4.36332312997404e-01	7.99999999995966e-01	3.93180952380961e+02	-4.36242046751331e-01	4.40183105294568e-01
8.66025403772507e-01	5.00000000000000e-01	5.23598775604265e-01	9.99999999989667e-01	4.13415384615391e+02	-5.70670305524586e-01	5.78518003973253e-01
2.25742630934883e-01	1.28025007890000e+00	1.39626340161768e+00	1.29999999997879e+00	2.90037037037040e+02	1.37593118847436e+00	1.77293537410587e+00
1.26186815996330e+00	1.80213449740000e+00	9.59931088590904e-01	2.19999999996553e+00	3.13554901960789e+02	9.49972738550502e-01	2.20346820733283e+00
2.05060966536767e+00	2.05060966540000e+00	7.85398163405331e-01	2.89999999991917e+00	3.61020000000006e+02	7.89168074581756e-01	2.38391904536028e+00
1.49129873445983e+00	2.12979531520000e+00	9.59931088624271e-01	2.60000000000949e+00	3.17482352941182e+02	9.60557661798347e-01	2.20171789142583e+00
6.57784834548446e-01	2.39414100330000e-01	3.49065850402419e-01	6.99999999999107e-01	3.82480952380958e+02	-3.43326335153682e-01	3.46046430792916e-01
1.02606042992222e-01	2.81907786240000e-01	1.22173047641801e+00	3.00000000002099e-01	3.27075000000003e+02	1.19973932782090e+00	1.95315433267555e+00
5.95283803688689e-01	2.22162940050000e+00	1.30899693901949e+00	2.30000000002175e+00	2.77554385964916e+02	1.30344679197441e+00	1.85673361814913e+00
1.37873085420432e+00	2.43107448730000e-01	1.74532925198413e-01	1.39999999998678e+00	5.82400000000019e+02	-2.93515694685259e-01	3.03176257442029e-01
1.89280223995678e+00	2.70320174620000e+00	9.59931088605348e-01	3.30000000003699e+00	3.39243750000005e+02	9.81150801642628e-01	2.17283019897782e+00
9.19253331725165e-01	7.71345131620000e-01	6.98131700804708e-01	1.19999999998404e+00	3.85900000000006e+02	6.72861826556357e-01	2.47174226799138e+00
1.09999999995949e+00	1.90525588830000e+00	1.04719755120669e+00	2.19999999995743e+00	3.02505555555561e+02	1.03642712438254e+00	2.11487529450160e+00
6.97336288664195e-01	6.10090199230000e-02	8.72664625992065e-02	6.99999999999942e-01	3.95380952380961e+02	-9.38065286395304e-02	9.66498896828233e-02
1.09446445854472e+00	3.00701638650000e+00	1.22173047642305e+00	3.19999999995267e+00	3.08194117647063e+02	1.22065374250365e+00	1.92268611992349e+00
2.42487113058404e+00	1.40000000000000e+00	5.23598775600511e-01	2.79999999998927e+00	4.50600000000008e+02	5.20424458021234e-01	2.63658163452523e+00
1.60601402175857e+00	2.29362572400000e+00	9.59931088602128e-01	2.79999999997851e+00	3.21147058823536e+02	9.60018355059481e-01	2.19636596394096e+00
6.34415450926533e-01	2.95832783220000e-01	4.36332313000008e-01	7.00000000001434e-01	3.77076190476195e+02	-4.31928949962227e-01	4.36571423106106e-01
5.00000000004376e-01	1.49245416194419e-22	2.98490832386226e-22	5.00000000004376e-01	3.63684444444451e+02	-2.86429579449277e-02	2.94165759938580e-02
4.44626186288385e-01	1.22160040700000e+00	1.22173047641561e+00	1.29999999996766e+00	3.02500000000006e+02	1.20313274655228e+00	1.94549593058423e+00
5.79555495770319e-01	1.55291427060000e-01	2.61799387798061e-01	5.99999999996593e-01	3.72476190476194e+02	-2.56173020702878e-01	2.57376893750621e-01
1.65595911170633e-01	1.89276992640000e+00	1.48352986422253e+00	1.90000000002124e+00	2.73014035087722e+02	1.46237417717515e+00	1.68612009537863e+00
7.84401684468441e-02	8.96575228280000e-01	1.48352986422376e+00	8.99999999995169e-01	3.05088235294120e+02	1.45111511066164e+00	1.69487760108335e+00
3.42020143305000e-01	9.39692620790000e-01	1.22173047641685e+00	9.99999999996776e-01	3.09588235294121e+02	1.20289619210545e+00	1.94537551280130e+00
2.78934515471251e+00	2.44036079690000e-01	8.72664625967602e-02	2.80000000005511e+00	2.89388888888891e+02	5.12865000698534e-02	3.10447698038238e+00
6.94592710555127e-02	3.93923101200000e-01	1.39626340162106e+00	3.99999999993236e-01	3.24575000000003e+02	1.37194514735101e+00	1.77790582248280e+00
1.03366188289763e+00	3.76222157660000e-01	3.49065850390072e-01	1.10000000003174e+00	4.86933333333341e+02	-3.76344847942037e-01	3.80379550507147e-01
4.24264068700771e-01	4.24264068710000e-01	7.85398163408325e-01	5.99999999990747e-01	6.88653153153153e+01	6.75105821308921e-01	2.49945111519604e+00
9.17722298130757e-01	1.31064327090000e+00	9.59931088626193e-01	1.60000000001308e+00	3.24797916666670e+02	9.46126327545084e-01	2.20635705531429e+00
1.90324635279111e+00	8.87498349660000e-01	4.36332312997691e-01	2.10000000001473e+00	4.93048484848494e+02	4.25392589247082e-01	2.72993929621441e+00
1.69999999995215e+00	2.94448637290000e+00	1.04719755121363e+00	3.40000000000457e+00	3.82940476190482e+02	1.02460426402953e+00	2.12974849172159e+00
4.68850079641701e-01	2.65898093310000e+00	1.39626340161487e+00	2.69999999995729e+00	2.83478947368426e+02	1.38028491229346e+00	1.76551795145104e+00
1.66337166535806e+00	2.37554092840000e+00	9.59931088606291e-01	2.89999999993441e+00	3.26314583333337e+02	9.63039519994683e-01	2.19605180467561e+00
8.49999999966158e-01	1.47224318640000e+00	1.04719755120397e+00	1.69999999995403e+00	3.08086274509807e+02	1.03250187889481e+00	2.11916132447899e+00
1.48164762624539e-01	1.69353098680000e+00	1.48352986422467e+00	1.70000000003981e+00	2.74187719298248e+02	1.46173211696960e+00	1.68986268836595e+00
1.18176930360378e+00	2.08377813200000e-01	1.74532925200746e-01	1.19999999998924e+00	5.10075757575770e+02	-2.27828299238332e-01	2.31568103493043e-01
2.08450791019060e+00	9.72022002000000e-01	4.36332312996002e-01	2.30000000000419e+00	4.89193939393947e+02	4.26326206140803e-01	2.72708194289615e+00
1.41421356237341e+00	1.41421356240000e+00	7.85398163406849e-01	2.00000000001925e+00	3.51948888888893e+02	7.61178447533680e-01	2.39648541597463e+00
1.67417318010506e+00	2.95201902030000e-01	1.74532925198845e-01	1.69999999998389e+00	1.06051111111112e+03	8.18640597290084e-02	3.06127260141301e+00
1.64207390470082e+00	4.39992376670000e-01	2.61799387795283e-01	1.70000000000797e+00	7.22058333333355e+02	2.18054250094310e-01	2.92615079738657e+00
2.95442325900699e+00	5.20944533000000e-01	1.74532925200889e-01	2.99999999997068e+00	9.49600000000027e+02	8.81216739331937e-02	3.06444037400538e+00
6.89439998798590e-01	5.78508848720000e-01	6.98131700805596e-01	8.99999999994855e-01	3.70397619047622e+02	5.97732882240509e-01	2.59935376158020e+00
1.73552654616370e+00	2.06831999640000e+00	8.72664625989258e-01	2.69999999999018e+00	3.33700000000005e+02	8.75797492004495e-01	2.28173874430227e+00
1.96961550600667e-01	3.47296355330000e-02	1.74532925199073e-01	1.99999999998185e-01	3.34925000000005e+02	-1.67730504439785e-01	1.69278496228712e-01
9.72022001954814e-01	2.08450791020000e+00	1.13446401381843e+00	2.29999999999361e+00	2.90818518518522e+02	1.12443884257286e+00	2.03404660351424e+00
1.39449188356644e-01	1.59391151690000e+00	1.48352986421729e+00	1.59999999994993e+00	2.81866666666671e+02	1.45937926733645e+00	1.68895717048344e+00
8.87498349617265e-01	1.90324635280000e+00	1.13446401381744e+00	2.10000000000473e+00	2.91105555555559e+02	1.11642206931956e+00	2.03254761501952e+00
3.88228567612210e-01	1.44888873940000e+00	1.30899693901672e+00	1.49999999995678e+00	2.88970370370373e+02	1.29231555800407e+00	1.85650454368480e+00
1.39464026364818e+00	2.99081569720000e+00	1.13446401382003e+00	3.29999999994039e+00	3.22862500000002e+02	1.15062576266978e+00	2.00066044958559e+00
8.66025403772205e-02	5.00000000000000e-02	5.23598775604416e-01	9.99999999989405e-02	3.30525000000004e+02	-5.09285829068194e-01	5.14368477182752e-01
2.60799973100109e+00	6.98811421780000e-01	2.61799387798317e-01	2.70000000002073e+00	6.56877777777801e+02	2.17084052363055e-01	2.92945660965614e+00
5.81434243610595e-01	1.59747745530000e+00	1.22173047641257e+00	1.69999999995141e+00	2.89588888888892e+02	1.20628063813851e+00	1.94281980184218e+00
2.26274169976685e+00	2.26274169980000e+00	7.85398163404774e-01	3.19999999998087e+00	3.84828571428579e+02	7.81403852737884e-01	2.37787147950211e+00
7.72740661030420e-01	2.07055236080000e-01	2.61799387796985e-01	7.99999999998672e-01	4.08102564102569e+02	-2.61795943070362e-01	2.63075198900255e-01
9.91858415586097e-01	2.72510860030000e+00	1.22173047641740e+00	2.89999999999965e+00	2.94911111111115e+02	1.21608195627139e+00	1.93168678287602e+00
1.12763114489743e+00	4.10424171990000e-01	3.49065850411251e-01	1.19999999995682e+00	5.34806666666675e+02	-3.96321730727395e-01	4.04841337304849e-01
1.30000000001074e+00	3.45814839076151e-22	2.66011414671765e-22	1.30000000001074e+00	4.41013888888895e+02	-1.77271195028051e-01	1.80025114117313e-01
7.79422863403205e-01	4.50000000000000e-01	5.23598775599849e-01	8.99999999997584e-01	3.98697619047629e+02	-5.46897284866249e-01	5.54024624449429e-01
1.54548132210078e+00	4.14110472160000e-01	2.61799387790524e-01	1.60000000003592e+00	7.63733333333365e+02	-5.39387292524032e-01	5.71769862953343e-01
3.00000000001850e+00	4.44678482198252e-22	1.48226160731837e-22	3.00000000001850e+00	2.69671666666670e+02	5.92582914283375e-02	3.10200858615456e+00
3.75877048309100e-01	1.36808057330000e-01	3.49065850402738e-01	3.99999999994963e-01	3.47000000000003e+02	-3.38092489392690e-01	3.40731903220593e-01
1.79980530706318e+00	2.14492444070000e+00	8.72664626005735e-01	2.79999999993661e+00	3.38214583333339e+02	8.73336577759183e-01	2.28503741658854e+00
2.72510860029531e+00	9.91858415640000e-01	3.49065850395520e-01	2.90000000001368e+00	5.65443333333349e+02	3.41368948397571e-01	2.81160761523836e+00
2.95442325900998e-01	5.20944533000000e-02	1.74532925200716e-01	2.99999999997362e-01	3.41275000000006e+02	-1.68015931633967e-01	1.69817362893136e-01
3.83022221553517e-01	3.21393804840000e-01	6.98131700800400e-01	4.99999999993324e-01	3.43266666666674e+02	-8.48677089269947e-01	8.62624222809328e-01
2.33345237786669e+00	2.33345237790000e+00	7.85398163404586e-01	3.29999999995437e+00	3.74850000000003e+02	8.13201258381718e-01	2.36078121546659e+00
1.15911099150061e+00	3.10582854120000e-01	2.61799387806695e-01	1.19999999995452e+00	5.47193333333344e+02	-3.04291808433386e-01	3.10166402437965e-01
1.90000000001454e+00	4.33457220086228e-22	2.28135378991006e-22	1.90000000001454e+00	3.26497916666670e+02	-6.29543751852859e-01	6.65263660324175e-01
8.71557427191579e-02	9.96194698090000e-01	1.48352986422342e+00	9.99999999995777e-01	3.03280392156865e+02	1.45533255245160e+00	1.69461791724616e+00
1.62634559667095e+00	1.62634559670000e+00	7.85398163406379e-01	2.29999999993836e+00	3.50033333333337e+02	7.71378806180804e-01	2.39621052661745e+00
4.09576022134809e-01	2.86788218180000e-01	6.10865238216462e-01	4.99999999994633e-01	3.47084444444448e+02	-6.13312980147086e-01	6.17525414623626e-01
2.41481456570105e+00	6.47047612760000e-01	2.61799387802817e-01	2.49999999998007e+00	6.47755555555577e+02	2.19272695245056e-01	2.92716848300678e+00
1.21243556528991e+00	7.00000000000000e-01	5.23598775601265e-01	1.39999999999281e+00	4.70555555555568e+02	4.94998459252473e-01	2.64923963492532e+00
6.30934079968780e-01	9.01067248720000e-01	9.59931088610917e-01	1.09999999999176e+00	3.33079166666671e+02	9.36987148916459e-01	2.21230954665793e+00
5.16218792702358e-01	7.37236839860000e-01	9.59931088609186e-01	8.99999999992133e-01	3.34360416666672e+02	9.31920735763937e-01	2.20779350721840e+00
2.51140714840107e+00	6.72929517270000e-01	2.61799387795503e-01	2.60000000004870e+00	6.56355555555578e+02	2.15570375902689e-01	2.93185207405450e+00
2.87613951005918e-01	3.28744250370000e+00	1.48352986421363e+00	3.29999999999190e+00	3.20931372549026e+02	1.47497775086041e+00	1.67125249188468e+00
2.35640024628998e+00	1.09880748050000e+00	4.36332312990446e-01	2.59999999998428e+00	4.91000000000008e+02	4.28733149435399e-01	2.72798452745218e+00
1.39999999995427e+00	2.42487113060000e+00	1.04719755121138e+00	2.79999999998023e+00	3.08847058823533e+02	1.04084891604247e+00	2.11088846382454e+00
2.70182802456640e-01	3.08820356410000e+00	1.48352986421525e+00	3.10000000001020e+00	3.01733333333339e+02	1.46900872481859e+00	1.68614513705920e+00
2.40416305596659e+00	2.40416305600000e+00	7.85398163404397e-01	3.39999999992792e+00	2.15562499999999e+02	1.08883674382605e+00	2.07646708031671e+00
2.59807621138368e+00	1.50000000000000e+00	5.23598775593238e-01	3.00000000002630e+00	4.71350000000013e+02	5.18781666862795e-01	2.63909490864811e+00
1.91742633985582e-01	2.19162833580000e+00	1.48352986422194e+00	2.19999999999300e+00	2.72289473684213e+02	1.46174940179404e+00	1.69013495972926e+00
2.10000000001556e+00	4.49383464751437e-22	2.13992126070527e-22	2.10000000001556e+00	3.04652941176473e+02	4.97718036118726e-02	3.11092285530912e+00
1.96961550600569e+00	3.47296355330000e-01	1.74532925199158e-01	1.99999999998089e+00	9.24166666666687e+02	9.14433334827819e-02	3.05225623049721e+00
1.99185842868548e+00	1.15000000000000e+00	5.23598775602370e-01	2.29999999998378e+00	4.42036111111117e+02	5.17553223581583e-01	2.63930434815835e+00
9.49999999963250e-01	1.64544826720000e+00	1.04719755121587e+00	1.89999999998991e+00	3.05154901960787e+02	1.03691756190235e+00	2.11929222417289e+00
3.93923101201327e-01	6.94592710670000e-02	1.74532925201538e-01	3.99999999996537e-01	3.49600000000003e+02	-1.68723700863437e-01	1.70174636673059e-01
6.06217782644647e-01	3.50000000000000e-01	5.23598775601485e-01	6.99999999996137e-01	3.70383333333337e+02	-5.25007817303346e-01	5.30990457825526e-01
1.41413274126738e+00	1.68529777490000e+00	8.72664626023315e-01	2.20000000000166e+00	3.30004166666671e+02	8.71399262289469e-01	2.30404405214275e+00
1.13137084987746e+00	1.13137084990000e+00	7.85398163407410e-01	1.59999999998622e+00	3.61097777777784e+02	7.55524473255131e-01	2.39948563695881e+00
9.57656401256756e-01	2.63113933820000e+00	1.22173047641446e+00	2.79999999998064e+00	2.90833333333336e+02	1.22041057114921e+00	1.93050868563093e+00
8.00000000006893e-01	2.31457360533683e-22	2.89321700664611e-22	8.00000000006893e-01	4.18802564102572e+02	-5.15830912183994e-02	5.28734071282053e-02
1.64544826718718e+00	9.50000000000000e-01	5.23598775599155e-01	1.89999999999718e+00	4.50697222222230e+02	5.11534443809954e-01	2.63763631205894e+00
8.02974697270078e-01	1.72198479540000e+00	1.13446401382084e+00	1.90000000001178e+00	2.93118518518522e+02	1.12267955068685e+00	2.03027669232993e+00
5.20944532939506e-01	2.95442325900000e+00	1.39626340161346e+00	2.99999999995329e+00	2.90524074074077e+02	1.38314328560934e+00	1.76704114788914e+00
7.51754096628234e-01	2.73616114660000e-01	3.49065850398448e-01	7.99999999999354e-01	4.01933333333338e+02	-3.47737218505785e-01	3.49679862952109e-01
1.77265395540528e+00	3.12566719800000e-01	1.74532925200784e-01	1.79999999998348e+00	9.82644444444479e+02	8.96866524958153e-02	3.05637120604534e+00
2.59807621137669e-01	1.50000000000000e-01	5.23598775594403e-01	3.00000000002024e-01	3.37775000000006e+02	-5.12141202391089e-01	5.16576392019687e-01
1.40953893119690e+00	5.13030214990000e-01	3.49065850395691e-01	1.50000000001746e+00	6.23051851851867e+02	-4.98884913390059e-01	5.43621192777178e-01
9.00000000007702e-01	2.56872205014034e-22	2.85413561124262e-22	9.00000000007702e-01	4.39163888888894e+02	-6.55792362626033e-02	6.71452597851747e-02
2.98858409431279e+00	2.61467228240000e-01	8.72664625976377e-02	3.00000000003715e+00	2.51277777777777e+02	6.04494786428236e-02	3.09226964892843e+00
3.82025990817606e-01	2.16657705660000e+00	1.39626340161556e+00	2.19999999996493e+00	2.73889473684213e+02	1.37966611374048e+00	1.77193075491665e+00
1.55884572678767e+00	9.00000000000000e-01	5.23598775605054e-01	1.79999999997894e+00	4.55655555555565e+02	5.09042729636666e-01	2.63911236194063e+00
3.76222157632730e-01	1.03366188290000e+00	1.22173047642886e+00	1.10000000002464e+00	3.07350980392160e+02	1.20078403204460e+00	1.94628758808783e+00
2.17889356811553e-01	2.49048674520000e+00	1.48352986421711e+00	2.49999999996573e+00	2.73203508771932e+02	1.45857006922871e+00	1.69138112481519e+00
2.11309130857983e-01	4.53153893520000e-01	1.13446401382015e+00	4.99999999996292e-01	3.26766666666670e+02	1.10906388812619e+00	2.04127462871723e+00
1.28557521936407e-01	1.53208888620000e-01	8.72664625988417e-01	1.99999999996513e-01	3.29525000000004e+02	7.59904139013567e-01	2.39841476363689e+00
3.98477879242429e-01	3.48622970990000e-02	8.72664625983102e-02	4.00000000005703e-01	3.50200000000004e+02	-8.62298887917928e-02	8.84962484418911e-02
2.19203102166706e+00	2.19203102170000e+00	7.85398163404962e-01	3.10000000000740e+00	3.72228571428576e+02	7.81314092947782e-01	2.37867931761304e+00
7.00000000006067e-01	2.04970133067340e-22	2.92814475807948e-22	7.00000000006067e-01	3.97680952380962e+02	-4.25193266730133e-02	4.38120052120253e-02
8.99999999964665e-01	1.55884572680000e+00	1.04719755121027e+00	1.79999999997195e+00	3.06527450980395e+02	1.03097907912244e+00	2.11980011498523e+00
2.12132034356734e+00	2.12132034360000e+00	7.85398163405146e-01	3.00000000003398e+00	3.68335555555564e+02	7.80214535519025e-01	2.37309625866866e+00
1.06026244424508e+00	2.91304712440000e+00	1.22173047641157e+00	3.09999999994382e+00	3.06578431372552e+02	1.21925210885820e+00	1.94362483495967e+00
7.18451044923237e-01	1.54072323800000e+00	1.13446401382485e+00	1.70000000001897e+00	2.98203703703709e+02	1.11859178424582e+00	2.03165051578400e+00
6.55321635421822e-01	4.58861149080000e-01	6.10865238203878e-01	7.99999999991843e-01	3.72852380952385e+02	-6.60881821527341e-01	6.68562332610444e-01
8.60364654502243e-01	1.22872806640000e+00	9.59931088597361e-01	1.49999999995862e+00	3.26616666666670e+02	9.42973837022242e-01	2.21494365126748e+00
1.06066017177861e+00	1.06066017180000e+00	7.85398163407532e-01	1.50000000001341e+00	3.64917777777785e+02	7.59333416348165e-01	2.40169522379184e+00
1.43690208984802e+00	3.08144647590000e+00	1.13446401381201e+00	3.39999999994796e+00	3.48811111111115e+02	1.13558907988337e+00	2.01648360458417e+00
5.65685424937832e-01	5.65685424950000e-01	7.85398163408203e-01	7.99999999992474e-01	3.50300000000004e+02	7.47777591370711e-01	2.39994929270217e+00
2.43107448692587e-01	1.37873085420000e+00	1.39626340162227e+00	1.39999999997603e+00	2.88366666666669e+02	1.37929007461982e+00	1.77219973408699e+00
1.09880748045184e+00	2.35640024630000e+00	1.13446401382287e+00	2.59999999997300e+00	2.92927777777781e+02	1.12207872109185e+00	2.02636653147359e+00
8.71557427179929e-03	9.96194698090000e-02	1.48352986422458e+00	9.99999999995675e-02	3.25825000000003e+02	1.44528409029710e+00	1.70270268156627e+00
2.45745613287805e+00	1.72072930910000e+00	6.10865238208694e-01	3.00000000003595e+00	4.41686111111117e+02	6.01183024172577e-01	2.55392633180929e+00
9.06307787035147e-01	4.22618261740000e-01	4.36332312998584e-01	9.99999999998342e-01	4.35041666666671e+02	-4.57660749790086e-01	4.62637726800398e-01
1.97989898726807e+00	1.97989898730000e+00	7.85398163405512e-01	2.79999999994584e+00	3.58228888888895e+02	7.82234130796333e-01	2.38356561618675e+00
1.29903810568931e+00	7.50000000000000e-01	5.23598775594082e-01	1.50000000001096e+00	4.71383333333346e+02	5.00083954586179e-01	2.64577079303698e+00
1.40000000001144e+00	3.64458050415880e-22	2.60327178866358e-22	1.40000000001144e+00	4.20815384615393e+02	-2.25849968531196e-01	2.29773021715115e-01
2.29362572397854e+00	1.60601402180000e+00	6.10865238209286e-01	2.79999999998470e+00	4.12100000000007e+02	6.09626054429099e-01	2.54760724258607e+00
2.45134221797218e+00	2.05692035100000e+00	6.98131700800185e-01	3.19999999999543e+00	3.54900000000004e+02	7.49943046306935e-01	2.40645997264978e+00
2.60472266460377e-01	1.47721162950000e+00	1.39626340161962e+00	1.49999999997502e+00	2.86670370370372e+02	1.37666834075057e+00	1.77194021121561e+00
2.30000000001645e+00	4.58723826256227e-22	1.99445141849107e-22	2.30000000001645e+00	2.88724074074077e+02	4.68271838310079e-02	3.10727075384932e+00
2.06732376569589e+00	7.52444315320000e-01	3.49065850405520e-01	2.19999999997010e+00	5.52523333333345e+02	3.25773340700219e-01	2.82045456455034e+00
7.45649367235399e-01	1.06489765760000e+00	9.59931088620815e-01	1.30000000000789e+00	3.30175000000004e+02	9.41221159015502e-01	2.21026003145059e+00
4.33012701886140e-01	2.50000000000000e-01	5.23598775604378e-01	4.99999999994735e-01	3.50184444444448e+02	-5.16397810550495e-01	5.20561902699829e-01
7.96955758474766e-01	6.97245941980000e-02	8.72664625994097e-02	8.00000000001353e-01	4.15102564102571e+02	-9.91265665040524e-02	1.00819184424377e-01
1.54269026316570e+00	1.83850666350000e+00	8.72664626027207e-01	2.39999999995837e+00	3.29862500000004e+02	8.65335988468041e-01	2.29552684539302e+00
1.05654565435274e+00	2.26576946760000e+00	1.13446401379737e+00	2.50000000000801e+00	2.91844444444448e+02	1.12191883646573e+00	2.03278996645280e+00
6.42787609672013e-02	7.66044443120000e-02	8.72664626008950e-01	9.99999999991446e-02	3.29225000000004e+02	7.64255244838789e-01	2.40093974555847e+00
8.96575228285325e-01	7.84401684730000e-02	8.72664625995689e-02	9.00000000002753e-01	4.38363888888894e+02	2.08334135046390e-02	3.12706882909127e+00
2.16657705660605e+00	3.82025990870000e-01	1.74532925202308e-01	2.19999999997999e+00	9.03600000000043e+02	8.53498729148702e-02	3.05780188952905e+00
2.05692035096177e+00	2.45134221800000e+00	8.72664626009451e-01	3.19999999999216e+00	3.66173333333340e+02	8.70535324309732e-01	2.28316991428890e+00
6.84040286605654e-01	1.87938524160000e+00	1.22173047642231e+00	2.00000000001086e+00	2.86118518518520e+02	1.20494577923570e+00	1.94387616237195e+00
2.61467228150266e-02	2.98858409430000e-01	1.48352986422668e+00	3.00000000001659e-01	3.24875000000003e+02	1.44611997834243e+00	1.69945882592601e+00
7.76457135227599e-02	2.89777747890000e-01	1.30899693902432e+00	3.00000000001098e-01	3.26375000000003e+02	1.28334059899143e+00	1.86392058047332e+00
1.17820012309386e+00	5.49403740260000e-01	4.36332313014039e-01	1.29999999995002e+00	5.17063636363650e+02	-5.44084577693582e-01	5.61136780125808e-01
1.76776695296962e+00	1.76776695300000e+00	7.85398163406041e-01	2.50000000002608e+00	3.51080000000004e+02	7.59885813056421e-01	2.38321218701322e+00
1.73205080758443e-01	1.00000000000000e-01	5.23598775594411e-01	2.00000000001347e-01	3.32925000000005e+02	-5.11021537839540e-01	5.15169787308940e-01
9.96938565734707e-01	4.64880087910000e-01	4.36332312996807e-01	1.09999999999290e+00	4.60888888888899e+02	-4.75674826865338e-01	4.83447777075006e-01
2.09200886601076e+00	1.83027059770000e-01	8.72664625989265e-02	2.10000000001802e+00	3.30625000000004e+02	4.15868327518949e-02	3.11258528142165e+00
1.22559295894971e+00	2.62829258240000e+00	1.13446401382612e+00	2.89999999995275e+00	3.06949019607846e+02	1.11550101147340e+00	2.03565779174658e+00
5.91665566408577e-01	1.26883090190000e+00	1.13446401382940e+00	1.40000000003212e+00	3.06092156862748e+02	1.11920023682300e+00	2.03194722175684e+00
2.50000000001721e+00	4.61752924342894e-22	1.84701169735886e-22	2.50000000001721e+00	2.76503508771933e+02	4.84119427918187e-02	3.10378882199160e+00
1.31556966909707e+00	4.78828200660000e-01	3.49065850402376e-01	1.39999999999838e+00	6.20229629629644e+02	-4.57474795224929e-01	4.82737127150608e-01
1.38564064608874e+00	8.00000000000000e-01	5.23598775587787e-01	1.60000000002913e+00	4.68997222222234e+02	5.02415071450804e-01	2.64419999671019e+00
3.48622970870689e-02	3.98477879240000e-01	1.48352986422577e+00	4.00000000002244e-01	3.24266666666669e+02	1.44842667294838e+00	1.70044414362190e+00
1.35229615680070e+00	3.62346663140000e-01	2.61799387797453e-01	1.39999999999523e+00	8.03228571428591e+02	-3.52203952393952e-01	3.71870322405424e-01
4.82962913140267e-01	1.29409522550000e-01	2.61799387798923e-01	4.99999999995552e-01	3.58584444444450e+02	5.65915076644380e-02	3.11024654022397e+00
3.99390808576202e-01	2.26505783190000e+00	1.39626340161807e+00	2.29999999996232e+00	2.73954385964915e+02	1.38010165272200e+00	1.77053878771014e+00
1.88404970188048e+00	1.31922580360000e+00	6.10865238191438e-01	2.30000000000869e+00	4.04728205128210e+02	5.97688002345458e-01	2.55994921372517e+00
8.15677008325599e-01	3.80356435570000e-01	4.36332313005445e-01	8.99999999994730e-01	4.11002564102570e+02	-4.43896082908097e-01	4.48375084837343e-01
2.04788011067958e+00	1.43394109090000e+00	6.10865238215192e-01	2.49999999997770e+00	4.04907692307697e+02	6.07803930690017e-01	2.54190749591455e+00
1.20208152797637e+00	1.20208152800000e+00	7.85398163407277e-01	1.69999999995906e+00	3.58140000000006e+02	7.55823559222404e-01	2.39912210980890e+00
7.18242300934194e-01	1.97335450370000e+00	1.22173047642635e+00	2.10000000002960e+00	2.85400000000005e+02	1.20654960256218e+00	1.94410729383147e+00
4.86214897410857e-01	2.75746170840000e+00	1.39626340161323e+00	2.79999999995652e+00	2.86050000000002e+02	1.38153107737938e+00	1.76347020423956e+00
1.38918542107462e-01	7.87846202410000e-01	1.39626340162762e+00	7.99999999995701e-01	3.08303921568631e+02	1.37181570209815e+00	1.77362404835752e+00
1.31922580356231e+00	1.88404970190000e+00	9.59931088621750e-01	2.30000000000307e+00	3.13590196078436e+02	9.50842286517121e-01	2.20518860330980e+00
2.33826859018427e+00	1.35000000000000e+00	5.23598775604542e-01	2.69999999997080e+00	4.45575000000006e+02	5.17507576508839e-01	2.63063878842219e+00
9.39692620787824e-01	3.42020143330000e-01	3.49065850402281e-01	1.00000000000328e+00	4.49663888888897e+02	-3.61158296993260e-01	3.65117180482922e-01
1.73648177641109e-02	9.84807753010000e-02	1.39626340162051e+00	9.99999999993341e-02	3.26725000000003e+02	1.36995153645738e+00	1.77928463259188e+00
1.55638888408275e+00	1.08979522910000e+00	6.10865238232273e-01	1.89999999996460e+00	4.10166666666673e+02	6.00937587246515e-01	2.55220131184313e+00
2.59010621501213e+00	2.26604931140000e-01	8.72664625991031e-02	2.59999999997335e+00	2.97877777777783e+02	4.94539043552593e-02	3.10672097513495e+00
5.20944532913604e-02	2.95442325900000e-01	1.39626340162196e+00	2.99999999994879e-01	3.25675000000003e+02	1.37119299355432e+00	1.77855121488664e+00
-9.23881491100027e-12	3.00000000000000e-01	1.57079632682569e+00	3.00000000000000e-01	3.41875000000006e+02	1.48951768609048e+00	1.65708986117329e+00
2.16129302779578e+00	7.86646329650000e-01	3.49065850401015e-01	2.29999999998923e+00	5.49893333333345e+02	3.27257290114715e-01	2.82334931778115e+00
2.00000000001507e+00	4.42254894758420e-22	2.21127447377544e-22	2.00000000001507e+00	3.15470588235299e+02	4.64432113955691e-02	3.10901433777207e+00
2.90000000001831e+00	4.50631511299986e-22	1.55390176309359e-22	2.90000000001831e+00	2.86233333333335e+02	2.86313330474888e-02	3.10972792810338e+00
1.14681286198643e+00	8.03007010890000e-01	6.10865238204598e-01	1.39999999998429e+00	4.25712820512830e+02	5.86488806311828e-01	2.55951836673268e+00
1.70000000001339e+00	4.10825056784146e-22	2.41661798106418e-22	1.70000000001339e+00	3.58504444444450e+02	-4.21301854812998e-01	4.34639343624148e-01
2.51147367098384e+00	1.45000000000000e+00	5.23598775596753e-01	2.90000000000777e+00	4.54786111111120e+02	5.21484745541821e-01	2.63089535182224e+00
1.04188906582906e-01	5.90884651810000e-01	1.39626340162455e+00	5.99999999999639e-01	3.20001960784320e+02	1.37187163196736e+00	1.77730891987862e+00
1.03527618029044e-01	3.86370330520000e-01	1.30899693902747e+00	4.00000000001127e-01	3.25475000000003e+02	1.28606331262454e+00	1.86014784326863e+00
1.20000000001001e+00	3.25662242051367e-22	2.71385201707209e-22	1.20000000001001e+00	4.59613888888899e+02	2.59681192752411e-02	3.12582185846877e+00
7.60712871091615e-01	1.63135401670000e+00	1.13446401382527e+00	1.80000000001324e+00	2.95131481481486e+02	1.12341925295710e+00	2.03132239388462e+00
1.09273893647275e+00	1.30227555330000e+00	8.72664625993771e-01	1.70000000000189e+00	3.38547916666673e+02	8.59235408233851e-01	2.30094172939733e+00
8.86326977712908e-01	1.56283359900000e-01	1.74532925198803e-01	9.00000000001850e-01	4.36163888888894e+02	-1.83654978810632e-01	1.85206828678022e-01
2.81907786239323e-01	1.02606043000000e-01	3.49065850402020e-01	3.00000000004123e-01	3.39675000000006e+02	-3.36857272281165e-01	3.40722553242457e-01
1.83027059717154e-01	2.09200886600000e+00	1.48352986422059e+00	2.10000000000269e+00	2.72410526315791e+02	1.46248992006239e+00	1.68784114178886e+00
5.55674168468595e-01	3.15138480960000e+00	1.39626340161353e+00	3.19999999995014e+00	3.06200000000002e+02	1.38314658098624e+00	1.76897846335885e+00
1.53208888617385e-01	1.28557521940000e-01	6.98131700828647e-01	1.99999999996820e-01	3.31125000000004e+02	-7.20656019308873e-01	8.69727486198809e-01
6.76189218754939e-01	1.45009245930000e+00	1.13446401382433e+00	1.60000000002473e+00	3.01288888888894e+02	1.11693043613078e+00	2.03177792481939e+00
3.06417777244795e-01	2.57115043870000e-01	6.98131700793386e-01	3.99999999994891e-01	3.38675000000006e+02	-7.56251164889143e-01	8.65284376588732e-01
1.60696902416496e+00	1.91511110780000e+00	8.72664626013568e-01	2.49999999996893e+00	3.30425000000004e+02	8.61837039650105e-01	2.29402586223631e+00
2.00000000001765e-01	6.07095676557656e-23	3.03547838276149e-22	2.00000000001765e-01	3.36225000000006e+02	-1.87337429720207e-02	2.02876470414149e-02
1.83525906990089e+00	4.91756185690000e-01	2.61799387803299e-01	1.89999999995207e+00	6.86795833333348e+02	2.22489019723890e-01	2.92415060578482e+00
1.69144671739642e+00	6.15636257990000e-01	3.49065850404309e-01	1.79999999998418e+00	5.89107407407415e+02	3.20344275895734e-01	2.82464879474240e+00
1.00000000000849e+00	2.81108079554828e-22	2.81108079552441e-22	1.00000000000849e+00	4.58425000000009e+02	-8.25231947171811e-02	8.40619779092878e-02
1.14715287265957e-01	1.63830408860000e-01	9.59931088620611e-01	1.99999999999364e-01	3.29325000000004e+02	9.24518358073916e-01	2.22470138434709e+00
1.80213449738099e+00	1.26186816000000e+00	6.10865238222614e-01	2.19999999997100e+00	4.05184615384620e+02	6.03670118356669e-01	2.54788400193888e+00
7.77817459293646e-01	7.77817459310000e-01	7.85398163407961e-01	1.09999999999522e+00	6.08104417670683e+01	7.51392956464801e-01	2.39668176551548e+00
1.71010071647119e-01	4.69846310390000e-01	1.22173047642355e+00	4.99999999991849e-01	3.25166666666670e+02	1.20111255287637e+00	1.94970936073140e+00
2.49048674521190e+00	2.17889356870000e-01	8.72664626006658e-02	2.49999999998268e+00	2.96709259259264e+02	5.02879224049623e-02	3.10636754596142e+00
2.58819045073515e-01	9.65925826290000e-01	1.30899693902401e+00	9.99999999993393e-01	3.06380392156866e+02	1.29069084249302e+00	1.86085772850516e+00
8.45236523431526e-02	1.81261557410000e-01	1.13446401382456e+00	2.00000000000312e-01	3.28325000000004e+02	1.10775698558230e+00	2.04129380896712e+00
3.07818128967329e-01	8.45723358710000e-01	1.22173047642396e+00	8.99999999993706e-01	3.13378431372553e+02	1.20077655206209e+00	1.94684496742959e+00
2.29124780561138e+00	2.00458208320000e-01	8.72664625998699e-02	2.30000000000040e+00	3.11554901960788e+02	4.48266001759094e-02	3.10968304820833e+00
1.56283359874817e-01	8.86326977710000e-01	1.39626340162309e+00	8.99999999994614e-01	3.06388235294120e+02	1.37210742141599e+00	1.77572056759288e+00
6.47047612706328e-01	2.41481456570000e+00	1.30899693901271e+00	2.49999999996517e+00	2.80942105263162e+02	1.29461408339835e+00	1.85335117005876e+00
1.37658344716141e+00	1.96596490630000e+00	9.59931088626096e-01	2.39999999995874e+00	3.13864705882358e+02	9.52418692830797e-01	2.20665467988147e+00
1.78541597949628e+00	6.49838272320000e-01	3.49065850398924e-01	1.90000000000329e+00	5.76716666666684e+02	3.24378168129406e-01	2.82304943848240e+00
5.19615242265388e-01	3.00000000000000e-01	5.23598775602695e-01	5.99999999995432e-01	3.58822222222228e+02	-5.20540482749918e-01	5.24004831791620e-01
1.81261557409139e+00	8.45236523480000e-01	4.36332312994126e-01	2.00000000001580e+00	4.96869696969707e+02	4.23608862751544e-01	2.73010292083179e+00
4.53153893517500e-01	2.11309130870000e-01	4.36332312998646e-01	4.99999999999105e-01	3.52884444444449e+02	-4.27009000789242e-01	4.30482774882475e-01
4.22618261715734e-02	9.06307787040000e-02	1.13446401382036e+00	9.99999999992485e-02	3.28325000000004e+02	1.10631676170017e+00	2.04015924522022e+00
4.92403876511652e-01	8.68240888330000e-02	1.74532925196590e-01	5.00000000005383e-01	3.60784444444451e+02	-1.69468503308921e-01	1.71169379354175e-01
8.69333243660469e-01	2.32937140590000e-01	2.61799387796626e-01	8.99999999999710e-01	4.32202564102575e+02	-2.66420146993804e-01	2.69548649678005e-01
1.08756934439428e+00	5.07141914090000e-01	4.36332313016962e-01	1.19999999995545e+00	4.90400000000008e+02	-5.02222855584498e-01	5.18800366819066e-01
1.74311485448839e-01	1.99238939620000e+00	1.48352986421905e+00	2.00000000001240e+00	2.72447368421055e+02	1.45879250717009e+00	1.68272678505280e+00
5.97716818863615e-01	5.22934456490000e-02	8.72664625991445e-02	6.00000000008570e-01	3.76680952380957e+02	-9.04767622287896e-02	9.15599725596227e-02
2.40000000001685e+00	4.61004570698609e-22	1.92085237789739e-22	2.40000000001685e+00	2.81501754385969e+02	5.27002167639688e-02	3.10711367421665e+00
6.49838272277209e-01	1.78541597950000e+00	1.22173047641781e+00	1.89999999999215e+00	2.87050000000002e+02	1.20569417306255e+00	1.94544172271099e+00
3.21393804831092e-01	3.83022221560000e-01	8.72664626016479e-01	4.99999999992564e-01	3.34366666666672e+02	8.18463426076481e-01	2.40608539814108e+00
1.22872806638562e+00	8.60364654530000e-01	6.10865238218193e-01	1.49999999996276e+00	4.25566666666676e+02	5.90741591922521e-01	2.55735203371155e+00
1.69705627477026e+00	1.69705627480000e+00	7.85398163406210e-01	2.39999999991149e+00	3.50253333333337e+02	7.67608894996496e-01	2.39452192056614e+00
6.10090199023944e-02	6.97336288660000e-01	1.48352986422449e+00	6.99999999993967e-01	3.07707843137258e+02	1.45375563798694e+00	1.69629468595672e+00
1.99264158996202e+00	2.37473777370000e+00	8.72664626019999e-01	3.09999999998129e+00	3.51820000000004e+02	8.70723819868947e-01	2.28268122209834e+00
3.62346663104317e-01	1.35229615680000e+00	1.30899693902193e+00	1.39999999998532e+00	2.90966666666670e+02	1.29040918246201e+00	1.85699541753693e+00
1.35946168059308e+00	6.33927392610000e-01	4.36332312987213e-01	1.50000000003409e+00	5.34200000000008e+02	4.08109715661958e-01	2.73864848918186e+00
2.98858409431827e-01	2.61467228240000e-02	8.72664625974785e-02	3.00000000004261e-01	3.41775000000006e+02	-8.45137897715710e-02	8.58619535481118e-02
1.90918830916852e+00	1.90918830920000e+00	7.85398163405693e-01	2.69999999997254e+00	3.53880000000005e+02	7.82797622811977e-01	2.38654227522602e+00
9.39692620787736e-02	3.42020143330000e-02	3.49065850402311e-01	1.00000000000320e-01	3.30725000000004e+02	-3.36344023713922e-01	3.40228072970196e-01
1.44999999995371e+00	2.51147367100000e+00	1.04719755121475e+00	2.89999999999862e+00	3.10649019607847e+02	1.04113808536626e+00	2.11096176765313e+00
2.44320081399551e+00	8.89252372650000e-01	3.49065850406339e-01	2.59999999995615e+00	5.51660000000012e+02	3.28669496427747e-01	2.82348894412131e+00
2.58819045072445e-02	9.65925826290000e-02	1.30899693902504e+00	9.99999999993116e-02	3.27425000000004e+02	1.28708246024133e+00	1.86519211836947e+00
6.21165708197455e-01	2.31822198310000e+00	1.30899693901598e+00	2.39999999999345e+00	2.78824561403513e+02	1.29248817760041e+00	1.85752707167830e+00
1.63830408858213e+00	1.14715287270000e+00	6.10865238195969e-01	2.00000000000220e+00	4.08551282051288e+02	6.02882102199393e-01	2.55055435569443e+00
1.47721162950458e+00	2.60472266500000e-01	1.74532925200763e-01	1.49999999998641e+00	7.35275000000025e+02	-3.24709780687285e-01	3.49554542589425e-01
2.44703102498981e+00	1.14106930670000e+00	4.36332313000051e-01	2.69999999999176e+00	4.92236363636372e+02	4.27503440310994e-01	2.73098649376561e+00
1.87113473070549e+00	3.29931537570000e-01	1.74532925202519e-01	1.89999999998306e+00	9.52250000000027e+02	9.18474064708104e-02	3.05336298740913e+00
6.76148078400370e-01	1.81173331570000e-01	2.61799387797446e-01	6.99999999997633e-01	3.88480952380960e+02	-2.57731977310524e-01	2.60497306315681e-01
1.55291427043697e-01	5.79555495770000e-01	1.30899693902294e+00	5.99999999992065e-01	3.21701960784320e+02	1.28549389895608e+00	1.86248198470695e+00
2.57115043862848e-01	3.06417777250000e-01	8.72664626023572e-01	3.99999999994281e-01	3.32575000000004e+02	7.72831792783089e-01	2.40532249944762e+00
1.91012995399709e-01	1.08328852830000e+00	1.39626340162371e+00	1.09999999998089e+00	3.01061111111116e+02	1.37543638763142e+00	1.77277341622373e+00
6.84040286598043e-02	1.87938524160000e-01	1.22173047642589e+00	2.00000000000826e-01	3.27725000000004e+02	1.19639211356481e+00	1.95000983113988e+00
2.96329525275722e-01	3.38706197350000e+00	1.48352986421430e+00	3.39999999998233e+00	3.26070833333337e+02	1.47517410040126e+00	1.67384056583264e+00
1.35237843754843e+00	2.90018491850000e+00	1.13446401380021e+00	3.19999999997512e+00	3.23750000000004e+02	1.13053353232082e+00	2.02637214146047e+00
2.22162940050100e+00	5.95283803740000e-01	2.61799387796847e-01	2.30000000003600e+00	6.49037037037058e+02	2.20356544710544e-01	2.92516833568399e+00
5.63815572468661e-01	2.05212086000000e-01	3.49065850407712e-01	5.99999999998863e-01	3.68884444444453e+02	-3.41889199966384e-01	3.44025339519106e-01
1.60000000001277e+00	3.97002607809702e-22	2.48126629879083e-22	1.60000000001277e+00	3.76004761904766e+02	-3.45267577614213e-01	3.55015677818915e-01
1.49429204710838e+00	1.30733614120000e-01	8.72664626004276e-02	1.49999999997074e+00	4.26830769230779e+02	-2.98941020945854e-01	3.07296848906294e-01
8.19152044279517e-02	5.73576436350000e-02	6.10865238202593e-01	9.99999999991639e-02	3.30425000000004e+02	-6.03036765222339e-01	6.06967783722216e-01
1.14106930665103e+00	2.44703102500000e+00	1.13446401381288e+00	2.69999999998030e+00	2.92650000000003e+02	1.13101262520050e+00	2.02084375438824e+00
2.25526228989568e+00	8.20848343980000e-01	3.49065850396884e-01	2.40000000000838e+00	5.48893333333344e+02	3.29508189466518e-01	2.82400007625939e+00
1.04586891265993e-01	1.19543363770000e+00	1.48352986422035e+00	1.19999999998722e+00	2.89325925925929e+02	1.45698638610278e+00	1.69602918594600e+00
3.53553390582276e-01	3.53553390590000e-01	7.85398163408372e-01	4.99999999989909e-01	6.80171171171171e+01	6.46500498200610e-01	2.53809270483519e+00
3.62523114807993e-01	1.69047304700000e-01	4.36332313014056e-01	3.99999999995530e-01	3.45300000000002e+02	-4.24771886698554e-01	4.27326414058292e-01
2.00458208264123e-01	2.29124780560000e+00	1.48352986421880e+00	2.29999999998419e+00	2.72512280701756e+02	1.45883550860799e+00	1.68789919295746e+00
-6.17154071169945e-12	2.00000000000000e-01	1.57079632682575e+00	2.00000000000000e-01	3.41375000000006e+02	1.48776330235758e+00	1.65784010945557e+00
1.90525588828586e+00	1.10000000000000e+00	5.23598775607368e-01	2.19999999996544e+00	4.43416666666673e+02	5.15967323443954e-01	2.63817206580611e+00
1.99387713149084e+00	9.29760175830000e-01	4.36332312996811e-01	2.20000000000945e+00	4.90472727272736e+02	4.24448802454066e-01	2.73038959116143e+00
8.54102848781155e-01	3.18755522680000e+00	1.30899693901609e+00	3.30000000002971e+00	3.20800000000005e+02	1.30574015461153e+00	1.84104579329563e+00
9.29760175785994e-01	1.99387713150000e+00	1.13446401381797e+00	2.19999999999915e+00	2.90824074074077e+02	1.12669913581363e+00	2.03331126369532e+00
2.71892336108943e+00	1.26785478520000e+00	4.36332312994797e-01	2.99999999997206e+00	5.05330303030315e+02	4.15455993483165e-01	2.73978295319566e+00
2.16506350948482e+00	1.25000000000000e+00	5.23598775593554e-01	2.50000000002055e+00	4.42263888888895e+02	5.16935981178810e-01	2.63481187066371e+00
6.99999999971074e-01	1.21243556530000e+00	1.04719755121513e+00	1.39999999998708e+00	3.15803921568632e+02	1.03325097420976e+00	2.11976484096245e+00
8.68240888186925e-02	4.92403876510000e-01	1.39626340162591e+00	5.00000000001272e-01	3.23066666666669e+02	1.37271286846173e+00	1.77630609043420e+00
5.43784672217013e-01	2.53570957040000e-01	4.36332312995412e-01	5.99999999993622e-01	3.64422222222229e+02	-4.29831976261213e-01	4.31864270113477e-01
2.52751653907813e-01	2.88896462450000e+00	1.48352986421695e+00	2.90000000002854e+00	2.87133333333336e+02	1.46706766935762e+00	1.69017684763131e+00
1.50350819329673e+00	5.47232229320000e-01	3.49065850389842e-01	1.60000000003654e+00	6.14174074074088e+02	3.15623652902346e-01	2.83001806218672e+00
4.65874281136412e-01	1.73866648730000e+00	1.30899693901865e+00	1.79999999996791e+00	2.83429824561408e+02	1.29055260299619e+00	1.85790933539979e+00
1.10000000000926e+00	3.04067403828637e-22	2.76424912569161e-22	1.10000000000926e+00	4.65827777777789e+02	-1.06131457972330e-01	1.08011882421234e-01
1.99238939621220e-01	1.74311485500000e-02	8.72664626007983e-02	2.00000000002901e-01	3.35225000000005e+02	-8.34723234896080e-02	8.50272051694080e-02
1.26883090189346e+00	5.91665566440000e-01	4.36332312987814e-01	1.40000000003948e+00	5.31636666666674e+02	-5.98693311994607e-01	6.51566316354523e-01
1.56880336902534e-01	1.79315045660000e+00	1.48352986422080e+00	1.80000000003096e+00	2.73387719298248e+02	1.45991283233874e+00	1.68354023315060e+00
5.17638090154956e-02	1.93185165260000e-01	1.30899693902277e+00	2.00000000000816e-01	3.27025000000004e+02	1.28035047598364e+00	1.86070715107950e+00
3.80356435548848e-01	8.15677008330000e-01	1.13446401381282e+00	8.99999999989780e-01	3.21078431372555e+02	1.11222300755985e+00	2.03622327842422e+00
8.79984753290975e-01	3.28414780940000e+00	1.30899693901342e+00	3.40000000000168e+00	3.31616666666671e+02	1.30635990516228e+00	1.84076385549338e+00
2.35320505359449e-01	2.68972568480000e+00	1.48352986421549e+00	2.69999999994731e+00	2.83315789473689e+02	1.46192892137425e+00	1.69220460288954e+00
1.19543363770692e+00	1.04586891300000e-01	8.72664626022800e-02	1.19999999999708e+00	4.71413888888902e+02	-1.66106644473635e-01	1.69126957551082e-01
8.45236523438627e-01	1.81261557410000e+00	1.13446401382134e+00	2.00000000000612e+00	2.91822222222225e+02	1.12333686853437e+00	2.02964556880577e+00
4.59626665862255e-01	3.85672565810000e-01	6.98131700805059e-01	5.99999999991768e-01	3.48722222222226e+02	4.61926319815328e-01	2.77036112169060e+00
3.12566719754299e-01	1.77265395540000e+00	1.39626340161861e+00	1.79999999997034e+00	2.76529824561407e+02	1.37756421250179e+00	1.77001100014433e+00
6.98811421724396e-01	2.60799973100000e+00	1.30899693901637e+00	2.70000000000529e+00	2.85777777777780e+02	1.30069185687818e+00	1.85548174107656e+00
5.78508848704321e-01	6.89439998810000e-01	8.72664626010796e-01	8.99999999993518e-01	3.45991111111114e+02	8.33143231748710e-01	2.42074213617495e+00
1.59747745529657e+00	5.81434243650000e-01	3.49065850404797e-01	1.69999999996166e+00	6.02740740740751e+02	3.19903143927293e-01	2.82643010541564e+00
6.89365427112291e-01	1.21553724370000e-01	1.74532925202934e-01	7.00000000004235e-01	3.92880952380961e+02	-1.73948021733858e-01	1.76429651616775e-01
1.67124778516430e+00	1.99171555210000e+00	8.72664626000955e-01	2.59999999997954e+00	3.31856250000004e+02	8.67446091533702e-01	2.28723653144605e+00
1.59999999995252e+00	2.77128129210000e+00	1.04719755120785e+00	3.19999999996742e+00	3.32750000000006e+02	1.04290404123669e+00	2.11388793681047e+00
2.95201901986229e-01	1.67417318010000e+00	1.39626340162089e+00	1.69999999997130e+00	2.80278947368425e+02	1.37785316997993e+00	1.76998983573067e+00
9.82982453138120e-01	6.88291723620000e-01	6.10865238201303e-01	1.19999999999218e+00	4.13976923076929e+02	5.72977751163257e-01	2.57198699890892e+00
2.53766180368966e+00	1.18333113290000e+00	4.36332313008968e-01	2.79999999999926e+00	5.01518181818193e+02	4.24272087867302e-01	2.72788417102019e+00
8.48528137402323e-01	8.48528137420000e-01	7.85398163407865e-01	1.19999999998205e+00	3.66000000000007e+02	7.51523599132654e-01	2.39538959853713e+00
3.47296355272287e-02	1.96961550600000e-01	1.39626340162366e+00	1.99999999996526e-01	3.26325000000003e+02	1.36814677067771e+00	1.77726725962822e+00
2.86788218169977e-01	4.09576022140000e-01	9.59931088600810e-01	4.99999999993136e-01	3.31366666666671e+02	9.27917386792175e-01	2.22034109657233e+00
3.49999999984661e-01	6.06217782650000e-01	1.04719755121621e+00	6.99999999993104e-01	3.28072916666671e+02	1.02236151594072e+00	2.13312046783645e+00
1.49999999995323e+00	2.59807621140000e+00	1.04719755121788e+00	3.00000000001704e+00	3.16952941176476e+02	1.05268486636487e+00	2.10163572546147e+00
1.54999999995283e+00	2.68467875170000e+00	1.04719755120465e+00	3.09999999994891e+00	3.22975000000001e+02	1.04615035364540e+00	2.11045213151154e+00
7.86646329601567e-01	2.16129302780000e+00	1.22173047641430e+00	2.29999999997663e+00	2.85101754385970e+02	1.20413755753593e+00	1.93986096529969e+00
3.38094609371070e-01	7.25046229630000e-01	1.13446401382102e+00	7.99999999991534e-01	3.23068750000002e+02	1.11295946301664e+00	2.03778724520177e+00
1.72072930905762e+00	2.45745613290000e+00	9.59931088601972e-01	3.00000000002962e+00	3.31012500000004e+02	9.58437086757174e-01	2.19049293100800e+00
1.12583302489052e+00	6.50000000000000e-01	5.23598775609549e-01	1.29999999997467e+00	4.62305555555566e+02	4.81320044464363e-01	2.67836481681798e+00
1.63830408857906e-01	1.14715287270000e-01	6.10865238196850e-01	1.99999999999968e-01	3.32225000000005e+02	-6.02111982819939e-01	6.06967783722216e-01
2.89777747890113e+00	7.76457135310000e-01	2.61799387797008e-01	3.00000000003340e+00	7.29125000000024e+02	1.81000616741823e-01	2.96765314033604e+00
7.66044443107418e-01	6.42787609690000e-01	6.98131700807814e-01	9.99999999993369e-01	3.76304761904766e+02	6.56450511183151e-01	2.49744049589774e+00
2.70000000001783e+00	4.58881034974314e-22	1.69955938878253e-22	2.70000000001783e+00	2.68140000000002e+02	5.74911455606932e-02	3.10373646211404e+00
2.95832783203337e-01	6.34415450930000e-01	1.13446401381856e+00	6.99999999997534e-01	3.24672916666670e+02	1.11106194105387e+00	2.03948829078921e+00
2.53717007609543e+00	9.23454386980000e-01	3.49065850402467e-01	2.69999999997531e+00	5.52970000000012e+02	3.31850358989507e-01	2.82052188439292e+00
2.56050015780662e+00	4.51485261930000e-01	1.74532925199588e-01	2.59999999997456e+00	9.78533333333367e+02	5.79321768370626e-02	3.08836974080674e+00
1.69353098680926e+00	1.48164762670000e-01	8.72664625963872e-02	1.70000000005300e+00	3.88804761904769e+02	-4.32027894730851e-01	4.50329853599577e-01
1.03243758536798e+00	1.47447367970000e+00	9.59931088619530e-01	1.79999999994681e+00	3.20270588235300e+02	9.50788056643934e-01	2.20619391295894e+00
1.34999999995492e+00	2.33826859020000e+00	1.04719755120773e+00	2.69999999996189e+00	3.06782352941179e+02	1.04459919227269e+00	2.12008952230846e+00
8.02339039761817e-01	2.99437006150000e+00	1.30899693901352e+00	3.09999999998926e+00	3.02752941176473e+02	1.30407511050512e+00	1.85015372686911e+00
1.57569240480482e+00	2.77837084270000e-01	1.74532925202822e-01	1.59999999998602e+00	1.21831333333316e+03	-3.95934922131922e-01	4.16295933185687e-01
5.73038986238302e-01	3.24986558490000e+00	1.39626340161202e+00	3.29999999994946e+00	3.18900000000005e+02	1.39036970028978e+00	1.75753783011203e+00
1.96596490628001e+00	1.37658344720000e+00	6.10865238186749e-01	2.39999999996450e+00	4.04753846153851e+02	6.07692766642275e-01	2.55034491618419e+00
2.17513868889037e+00	1.01428382820000e+00	4.36332313006587e-01	2.40000000001162e+00	4.88448484848493e+02	4.23755969074212e-01	2.72784490111202e+00
3.29931537522469e-01	1.87113473070000e+00	1.39626340161651e+00	1.89999999996940e+00	2.75014035087722e+02	1.37813142532924e+00	1.76648264252850e+00
1.55563491857171e+00	1.55563491860000e+00	7.85398163406541e-01	2.19999999996528e+00	3.50411111111115e+02	7.66548607475910e-01	2.39436484093346e+00
2.46201938250650e+00	4.34120444170000e-01	1.74532925202155e-01	2.49999999997681e+00	9.89227777777813e+02	5.71204376275696e-02	3.09038469333628e+00
2.53937133727787e+00	1.77808695270000e+00	6.10865238204453e-01	3.09999999999200e+00	4.51644444444453e+02	6.16380478634318e-01	2.54274226196251e+00
2.29813332936085e-01	1.92836282910000e-01	6.98131700807204e-01	3.00000000002896e-01	3.34175000000005e+02	-7.30294628253483e-01	8.64122779305051e-01
2.61467228177169e-01	2.98858409430000e+00	1.48352986421775e+00	3.00000000001893e+00	2.88724074074077e+02	1.46226739058276e+00	1.68675600229740e+00
4.14110472120187e-01	1.54548132210000e+00	1.30899693902828e+00	1.60000000002487e+00	2.87375925925928e+02	1.29231769999906e+00	1.85933590406385e+00
1.28025007890406e+00	2.25742630970000e-01	1.74532925203276e-01	1.29999999998889e+00	5.37736666666676e+02	-2.58168501117328e-01	2.61898871566513e-01
4.22618261716676e-01	9.06307787040000e-01	1.13446401381950e+00	9.99999999992883e-01	3.17888235294123e+02	1.11584789566223e+00	2.03394100376118e+00
8.19152044279924e-01	5.73576436350000e-01	6.10865238202359e-01	9.99999999991972e-01	3.95283333333342e+02	4.36210139950943e-01	2.79193339124525e+00
1.27279220607533e+00	1.27279220610000e+00	7.85398163407140e-01	1.79999999993195e+00	3.54946666666671e+02	7.55508153293294e-01	2.40223627585996e+00
9.89949493639801e-01	9.89949493660000e-01	7.85398163407650e-01	1.39999999998407e+00	3.66391111111119e+02	7.55983294790902e-01	2.39841749545659e+00
2.70459231360110e+00	7.24693326290000e-01	2.61799387800931e-01	2.79999999999275e+00	6.49966666666689e+02	2.30808885268425e-01	2.91809077623441e+00
2.45745613286865e-01	1.72072930910000e-01	6.10865238210491e-01	3.00000000002825e-01	3.36075000000005e+02	-6.05451361114425e-01	6.09592174508325e-01
2.29430574531953e-01	3.27660817720000e-01	9.59931088620531e-01	3.99999999998751e-01	3.30675000000004e+02	9.26131696801229e-01	2.22622816802318e+00
4.99999999977662e-02	8.66025403780000e-02	1.04719755121372e+00	9.99999999984987e-02	3.28525000000004e+02	1.01731138216454e+00	2.13684150980170e+00
5.47232229282420e-01	1.50350819330000e+00	1.22173047642782e+00	1.60000000002676e+00	2.91203703703707e+02	1.20472598282660e+00	1.94649384825066e+00
1.34350288427434e+00	1.34350288430000e+00	7.85398163406998e-01	1.90000000004629e+00	3.53346666666671e+02	7.59422904138904e-01	2.39618696467254e+00
3.85672565799358e-01	4.59626665870000e-01	8.72664626011722e-01	5.99999999990861e-01	3.38089583333339e+02	8.20505461301314e-01	2.40877483039453e+00
9.75079941769337e-01	1.39255847530000e+00	9.59931088613044e-01	1.69999999999140e+00	3.22547916666669e+02	9.45835373225462e-01	2.20961147296720e+00
2.81907786239526e+00	1.02606043000000e+00	3.49065850401789e-01	3.00000000004314e+00	5.99166666666677e+02	3.39449086220377e-01	2.81380673009587e+00
5.07141914062500e-01	1.08756934440000e+00	1.13446401380072e+00	1.19999999994901e+00	3.10468627450984e+02	1.11912038800972e+00	2.03172032895408e+00
1.49999999993320e-01	2.59807621140000e-01	1.04719755122366e+00	3.00000000000703e-01	3.28975000000004e+02	1.01855528303954e+00	2.12777148015866e+00
2.62829258238954e+00	1.22559295900000e+00	4.36332312986013e-01	2.89999999996453e+00	5.13530303030317e+02	4.17584983504660e-01	2.73230596268011e+00
9.99999999955378e-02	1.73205080760000e-01	1.04719755122370e+00	2.00000000000464e-01	3.28925000000004e+02	1.01709959757871e+00	2.13203437437621e+00
5.38309350708996e-01	3.05290403430000e+00	1.39626340161192e+00	3.09999999995257e+00	3.00933333333339e+02	1.38508631306569e+00	1.76333668655178e+00
4.35778713591398e-02	4.98097349050000e-01	1.48352986422517e+00	5.00000000002831e-01	3.22566666666669e+02	1.44664131572797e+00	1.69979417481923e+00
7.50575230742894e-01	2.80118489620000e+00	1.30899693901045e+00	2.89999999994892e+00	2.89911111111114e+02	1.30061935858617e+00	1.85380146500578e+00
2.09173782532780e-01	2.39086727540000e+00	1.48352986422002e+00	2.39999999997452e+00	2.72801754385967e+02	1.46254073994355e+00	1.68923436983523e+00
4.69846310388879e-01	1.71010071660000e-01	3.49065850396327e-01	4.99999999995201e-01	3.55684444444450e+02	-3.39175550997952e-01	3.42323643498412e-01
1.31064327088485e+00	9.17722298160000e-01	6.10865238189106e-01	1.60000000001744e+00	4.22720512820522e+02	5.93771483503983e-01	2.55466460608288e+00
1.59391151690883e+00	1.39449188400000e-01	8.72664626041173e-02	1.59999999996251e+00	4.06266666666672e+02	-3.61319404308829e-01	3.74769563625737e-01
5.22934456312460e-02	5.97716818860000e-01	1.48352986422470e+00	6.00000000003422e-01	3.10401960784318e+02	1.44822621675046e+00	1.69678915216886e+00
1.87938524159614e+00	6.84040286650000e-01	3.49065850394078e-01	2.00000000002240e+00	5.64793333333348e+02	3.25065079856441e-01	2.82046952451536e+00
3.86370330520214e-01	1.03527618040000e-01	2.61799387793747e-01	4.00000000004169e-01	3.48500000000003e+02	-2.53518770125798e-01	2.55142203366543e-01
4.34120444113726e-01	2.46201938250000e+00	1.39626340161446e+00	2.49999999996064e+00	2.75303508771933e+02	1.38107779043936e+00	1.76824542507302e+00
2.18547787286147e+00	2.60455110660000e+00	8.72664626012704e-01	3.39999999994976e+00	3.33185416666671e+02	9.74862380347693e-01	2.19063255734816e+00
1.26785478512743e-01	2.71892336110000e-01	1.13446401382351e+00	2.99999999995097e-01	3.27875000000003e+02	1.10816539262726e+00	2.04098802728217e+00
9.65925826290538e-02	2.58819045100000e-02	2.61799387796334e-01	1.00000000000077e-01	3.30925000000004e+02	-2.50977427842441e-01	2.54113644460285e-01
1.02846017547401e+00	1.22567110900000e+00	8.72664626012743e-01	1.59999999999166e+00	3.41697916666674e+02	8.56207417814610e-01	2.29468908735207e+00
1.97335450369601e+00	7.18242300980000e-01	3.49065850389692e-01	2.10000000004152e+00	5.55600000000013e+02	3.28176312581026e-01	2.82224976035239e+00
9.96194698095872e-01	8.71557427480000e-02	8.72664625996974e-02	1.00000000000414e+00	4.57725000000009e+02	-1.20700971498624e-01	1.22502879249266e-01
4.98097349053026e-01	4.35778713740000e-02	8.72664625988101e-02	5.00000000007141e-01	3.62284444444451e+02	-8.86970983018868e-02	9.03341572700837e-02
1.79315045660966e+00	1.56880336950000e-01	8.72664625998938e-02	1.80000000004472e+00	3.71847619047623e+02	-5.23336976210500e-01	5.53902054736050e-01
1.30733614078847e-01	1.49429204710000e+00	1.48352986422131e+00	1.49999999995881e+00	2.85564814814817e+02	1.45822735003013e+00	1.68770284341661e+00
1.81261557408991e-01	8.45236523480000e-02	4.36332312994439e-01	2.00000000001446e-01	3.33325000000005e+02	-4.23436883966713e-01	4.27200052220447e-01
5.73576436329760e-02	8.19152044290000e-02	9.59931088614896e-01	9.99999999988617e-02	3.29025000000004e+02	9.23396984029510e-01	2.22562716768945e+00
5.69401899180029e-01	2.12503681780000e+00	1.30899693901150e+00	2.19999999995349e+00	2.77412280701758e+02	1.29171294341325e+00	1.85685718746017e+00
1.45009245929271e+00	6.76189218790000e-01	4.36332312992348e-01	1.60000000003294e+00	5.29736666666674e+02	4.11566090912783e-01	2.73481104134389e+00
7.71345131599615e-01	9.19253331740000e-01	8.72664626011148e-01	1.19999999998230e+00	3.48100000000003e+02	8.49146314326541e-01	2.30713020492599e+00
6.12835554489789e-01	5.14230087750000e-01	6.98131700802801e-01	7.99999999996362e-01	3.62100000000006e+02	5.28824291378770e-01	2.69276378314693e+00
1.26785478514919e+00	2.71892336110000e+00	1.13446401381694e+00	2.99999999996017e+00	3.07452941176474e+02	1.12736052374070e+00	2.02153633276869e+00
2.63113933819537e+00	9.57656401310000e-01	3.49065850398869e-01	2.79999999999450e+00	5.62900000000015e+02	3.29979428364557e-01	2.82010300537244e+00
2.82842712463798e-01	2.82842712470000e-01	7.85398163408412e-01	3.99999999989082e-01	6.73399999999999e+01	6.15359461021901e-01	2.59809712451876e+00
8.99902653536707e-01	1.07246222040000e+00	8.72664626025891e-01	1.40000000000989e+00	3.46191111111114e+02	8.52978654595632e-01	2.30543532888934e+00
1.47224318638819e+00	8.50000000000000e-01	5.23598775611639e-01	1.69999999996072e+00	4.61877777777788e+02	5.06869794717933e-01	2.64265230032938e+00
2.80000000001809e+00	4.55392023266691e-22	1.62640008308482e-22	2.80000000001809e+00	2.70078947368423e+02	5.83079596506266e-02	3.10223298562982e+00
1.16286848724429e+00	3.19495491070000e+00	1.22173047641625e+00	3.40000000000469e+00	3.47111111111114e+02	1.21231643892297e+00	1.93908074558572e+00
2.73616114639710e-01	7.51754096630000e-01	1.22173047642104e+00	7.99999999994074e-01	3.18288235294123e+02	1.19988082415669e+00	1.94654202813800e+00
1.92836282906234e+00	2.29813332940000e+00	8.72664626005697e-01	3.00000000003474e+00	3.49435555555559e+02	8.72195880426629e-01	2.28778026863609e+00
1.22129645837041e+00	1.45548444190000e+00	8.72664626002063e-01	1.89999999995817e+00	3.33212500000005e+02	8.61616691832041e-01	2.28986761529343e+00
5.99999999974685e-01	1.03923048450000e+00	1.04719755119765e+00	1.19999999995155e+00	3.21923529411771e+02	1.02967352691223e+00	2.12255817153569e+00
5.90884651811974e-01	1.04188906600000e-01	1.74532925197828e-01	6.00000000004551e-01	3.75280952380957e+02	3.54214571692249e-02	3.11889926665680e+00
8.55050358259339e-01	2.34923155200000e+00	1.22173047642146e+00	2.50000000001435e+00	2.86444444444447e+02	1.21254480854278e+00	1.94131576435928e+00
2.26505783190621e+00	3.99390808630000e-01	1.74532925199397e-01	2.29999999997778e+00	9.14772222222241e+02	7.84817651711459e-02	3.06444532696678e+00
5.73576436330546e-01	8.19152044290000e-01	9.59931088614252e-01	9.99999999989068e-01	3.34016666666672e+02	9.37608327463874e-01	2.21584383839322e+00
7.49999999969365e-01	1.29903810570000e+00	1.04719755122207e+00	1.50000000000490e+00	3.12203921568632e+02	1.02725681542671e+00	2.11982589215572e+00
9.65925826290518e-01	2.58819045100000e-01	2.61799387796339e-01	1.00000000000075e+00	4.59263888888899e+02	-2.74432080925084e-01	2.77451380163500e-01
1.29409522536354e-01	4.82962913140000e-01	1.30899693902220e+00	4.99999999991762e-01	3.23866666666669e+02	1.28290208501687e+00	1.86081559420369e+00
1.04999999996066e+00	1.81865334790000e+00	1.04719755120155e+00	2.09999999993935e+00	3.02954901960786e+02	1.03759474965212e+00	2.11740488858631e+00
1.99999999991118e-01	3.46410161510000e-01	1.04719755121111e+00	3.99999999992289e-01	3.28875000000004e+02	1.01849481831607e+00	2.13253054654927e+00
4.49999999980529e-01	7.79422863410000e-01	1.04719755121756e+00	8.99999999993733e-01	3.26745833333337e+02	1.02601684246544e+00	2.12538167793310e+00
5.73406430992802e-01	4.01503505450000e-01	6.10865238210787e-01	6.99999999994672e-01	3.62991111111118e+02	-6.32982923143913e-01	6.41649355544692e-01
6.97245941745917e-02	7.96955758470000e-01	1.48352986422412e+00	7.99999999994565e-01	3.06303921568631e+02	1.45324107129022e+00	1.69521321335410e+00
1.50000000001212e+00	3.81535663363379e-22	2.54357108906864e-22	1.50000000001212e+00	3.98385714285723e+02	-2.83390506909721e-01	2.88742284794936e-01
1.22018039811142e-01	1.39467257730000e+00	1.48352986421873e+00	1.39999999996856e+00	2.87000000000002e+02	1.45811606477312e+00	1.69065390429352e+00
1.93185165260092e+00	5.17638090210000e-01	2.61799387798596e-01	2.00000000002329e+00	6.73050000000011e+02	2.20088200338050e-01	2.92440725952824e+00