y	z	phi	r	period	thetamin	thetamax
1.00000000000060e-01	2.30860071509190e-25	2.30860071509051e-24	1.00000000000060e-01	1.01833750000000e+02	-3.52689975257417e-02	3.81815707148788e-02
2.00000000000119e-01	4.60613343366127e-25	2.30306671682926e-24	2.00000000000119e-01	1.02133750000000e+02	-3.62809071594568e-02	3.86546796085444e-02
3.00000000000178e-01	6.88161854987023e-25	2.29387284995538e-24	3.00000000000178e-01	1.03976000000000e+02	-4.24725873472820e-02	2.87455727803467e-02
4.00000000000237e-01	9.12425225151476e-25	2.28106306287734e-24	4.00000000000237e-01	1.06076000000000e+02	-3.89124165920499e-02	4.20973415581034e-02
5.00000000000295e-01	1.13234919616867e-24	2.26469839233600e-24	5.00000000000295e-01	1.08750666666666e+02	-4.03694655986288e-02	4.28094358929171e-02
6.00000000000352e-01	1.34691388737151e-24	2.24485647895120e-24	6.00000000000352e-01	1.11282857142857e+02	-4.27860753321594e-02	4.58767727201494e-02
7.00000000000409e-01	1.55514166755149e-24	2.22163095364369e-24	7.00000000000409e-01	1.15900000000000e+02	-4.57415890362673e-02	4.97656836261839e-02
8.00000000000464e-01	1.75610456137472e-24	2.19513070171713e-24	8.00000000000464e-01	1.20218461538461e+02	-4.99862297771175e-02	5.37543037727392e-02
9.00000000000519e-01	1.94893111142464e-24	2.16547901269280e-24	9.00000000000519e-01	1.25004615384615e+02	-2.77376451373197e-02	3.25852971347342e-02
1.00000000000057e+00	2.13281262518461e-24	2.13281262518339e-24	1.00000000000057e+00	1.30905000000000e+02	-5.99625317815171e-02	6.42769856924472e-02
1.10000000000062e+00	2.30700874487242e-24	2.09728067715556e-24	1.10000000000062e+00	1.38364999999999e+02	-6.70281232590906e-02	7.04047448367650e-02
1.20000000000067e+00	2.47085228742159e-24	2.05904357285018e-24	1.20000000000067e+00	1.44551818181818e+02	-6.71201270439458e-02	8.72315560146768e-02
1.30000000000072e+00	2.62375331191275e-24	2.01827177839331e-24	1.30000000000072e+00	1.53045454545454e+02	-9.26769832808988e-02	9.03812040340450e-02
1.40000000000077e+00	2.76520238222439e-24	1.97514455873062e-24	1.40000000000077e+00	1.59419999999999e+02	-9.59328156673464e-02	9.54651467609599e-02
1.50000000000082e+00	2.89477300342375e-24	1.92984866894811e-24	1.50000000000082e+00	1.66104999999999e+02	-1.04889924721729e-01	1.13231975214386e-01
1.60000000000086e+00	3.01212322127940e-24	1.88257701329861e-24	1.60000000000086e+00	1.72318999999999e+02	-1.23333691592179e-01	1.29080188154371e-01
1.70000000000090e+00	3.11699638507467e-24	1.83352728533707e-24	1.70000000000090e+00	1.76287999999999e+02	-1.34774324839002e-01	1.42583426577925e-01
1.80000000000094e+00	3.20922108446523e-24	1.78290060247975e-24	1.80000000000094e+00	1.79235555555555e+02	-1.50717907555970e-01	1.60692464231118e-01
1.90000000000098e+00	3.28871028129367e-24	1.73090014804841e-24	1.90000000000098e+00	1.83149999999999e+02	-1.91715691685317e-01	2.00119452033670e-01
2.00000000000102e+00	3.35545966689846e-24	1.67772983344837e-24	2.00000000000102e+00	1.83133333333332e+02	-1.97920337176157e-01	2.04203522483337e-01
2.10000000000105e+00	3.40954528439502e-24	1.62359299256825e-24	2.10000000000105e+00	1.84533333333332e+02	-2.27765467385260e-01	2.39546439836222e-01
2.20000000000108e+00	3.45112046354149e-24	1.56869111979082e-24	2.20000000000108e+00	1.82697777777777e+02	-2.80020625189970e-01	2.94890830416962e-01
2.30000000000111e+00	3.48041212302586e-24	1.51322266218443e-24	2.30000000000111e+00	1.87459999999999e+02	-2.55914137561424e-01	2.78240389352936e-01
2.40000000000113e+00	3.49771650123739e-24	1.45738187551489e-24	2.40000000000113e+00	1.86339999999999e+02	-3.66204983653450e-01	3.88457931616378e-01
2.50000000000116e+00	3.50339438174838e-24	1.40135775269870e-24	2.50000000000116e+00	1.85086666666666e+02	-3.66100263898330e-01	3.85724746007755e-01
2.60000000000118e+00	3.49786588378544e-24	1.34533303222456e-24	2.60000000000118e+00	1.77486666666666e+02	-4.27413680520891e-01	4.54666996790783e-01
2.70000000000120e+00	3.48160489088795e-24	1.28948329292089e-24	2.70000000000120e+00	1.84677777777777e+02	-4.37466777012379e-01	4.74380490692059e-01
2.80000000000122e+00	3.45513319273012e-24	1.23397614026022e-24	2.80000000000122e+00	1.83509999999999e+02	-5.32735574232489e-01	5.47579599520701e-01
3.00000000000125e+00	3.37384781769212e-24	1.12461593923024e-24	3.00000000000125e+00	2.02523749999999e+02	-6.48895962598972e-01	6.21092867614702e-01
3.10000000000126e+00	3.32026202004445e-24	1.07105226453003e-24	3.10000000000126e+00	2.77083333333338e+02	5.04225620901162e-02	3.10797761219638e+00
3.20000000000126e+00	3.25890874920189e-24	1.01840898412519e-24	3.20000000000126e+00	2.20762499999998e+02	-5.77110570464445e-01	9.29283106931861e-01
9.96194698090285e-02	8.71557427480000e-03	8.72664626001843e-02	9.99999999998575e-02	1.01833750000000e+02	-8.77093398974099e-02	9.06454200315777e-02
1.99238939620057e-01	1.74311485500000e-02	8.72664626013051e-02	2.00000000001742e-01	1.02533750000000e+02	-9.40999399534071e-02	9.14038115212864e-02
2.98858409430085e-01	2.61467228240000e-02	8.72664625979846e-02	3.00000000002526e-01	1.03576000000000e+02	-9.89316086548639e-02	9.16821456072623e-02
3.98477879240114e-01	3.48622970990000e-02	8.72664625988147e-02	4.00000000003397e-01	1.05176000000000e+02	-8.77970426923227e-02	9.25548102332595e-02
4.98097349050141e-01	4.35778713740000e-02	8.72664625993130e-02	5.00000000004267e-01	1.08250666666666e+02	-8.95519253254858e-02	9.55044166691298e-02
5.97716818860169e-01	5.22934456490000e-02	8.72664625996451e-02	6.00000000005138e-01	1.11382857142857e+02	-9.25827355012911e-02	9.74791320513863e-02
6.97336288660196e-01	6.10090199230000e-02	8.72664625997044e-02	6.99999999995958e-01	1.15000000000000e+02	-9.51453775087193e-02	1.00245365582729e-01
7.96955758470223e-01	6.97245941980000e-02	8.72664625999046e-02	7.99999999996828e-01	1.19388571428571e+02	-9.84496597818700e-02	1.02127941180448e-01
8.96575228280249e-01	7.84401684730000e-02	8.72664626000605e-02	8.99999999997696e-01	1.24318461538461e+02	-9.93999915595809e-02	1.07882291724274e-01
9.96194698090274e-01	8.71557427480000e-02	8.72664626001853e-02	9.99999999998564e-01	1.29604615384615e+02	-1.08809985554922e-01	1.08474706338951e-01
1.09581416790030e+00	9.58713170220000e-02	8.72664625993816e-02	1.09999999999935e+00	1.33765000000000e+02	-8.59335181198212e-02	1.23992950050546e-01
1.19543363770032e+00	1.04586891300000e-01	8.72664626027593e-02	1.19999999999051e+00	1.43151818181818e+02	-1.13296303063960e-01	1.26219526382304e-01
1.29505310750035e+00	1.13302465570000e-01	8.72664625994863e-02	1.29999999998098e+00	1.51045454545454e+02	-1.20776784238008e-01	1.33255888389767e-01
1.39467257730037e+00	1.22018039850000e-01	8.72664626037971e-02	1.39999999997232e+00	1.59719999999999e+02	-1.32086517790931e-01	1.36545040698298e-01
1.49429204710039e+00	1.30733614120000e-01	8.72664626008919e-02	1.49999999996278e+00	1.63704999999999e+02	-1.40541391353092e-01	1.56870193169250e-01
1.59391151690041e+00	1.39449188400000e-01	8.72664626045760e-02	1.59999999995412e+00	1.73318999999999e+02	-1.54749618128077e-01	1.59357287353342e-01
1.69353098680043e+00	1.48164762670000e-01	8.72664625968399e-02	1.70000000004420e+00	1.77153333333333e+02	3.21838714067754e-02	3.12407827454603e+00
1.79315045660045e+00	1.56880336950000e-01	8.72664626003398e-02	1.80000000003554e+00	1.81653333333332e+02	-1.84686378122910e-01	1.97409828369949e-01
1.89276992640047e+00	1.65595911220000e-01	8.72664625982281e-02	1.90000000002601e+00	1.85735555555554e+02	-2.00459791237809e-01	2.13251309325675e-01
1.99238939620049e+00	1.74311485500000e-01	8.72664626013086e-02	2.00000000001734e+00	1.87749999999999e+02	-2.17424391567193e-01	2.23726276830645e-01
2.09200886600050e+00	1.83027059770000e-01	8.72664625993523e-02	2.10000000000780e+00	1.94533333333332e+02	-2.74889357189107e-01	2.74889357189107e-01
2.19162833580052e+00	1.91742634040000e-01	8.72664625975735e-02	2.19999999999826e+00	1.94797777777776e+02	-2.84942453680594e-01	2.95803388283005e-01
2.29124780560053e+00	2.00458208320000e-01	8.72664626002811e-02	2.29999999998959e+00	1.96059999999998e+02	-3.26599972267195e-01	3.42747758506646e-01
2.39086727540055e+00	2.09173782590000e-01	8.72664625986118e-02	2.39999999998005e+00	1.96839999999998e+02	-3.37407050995544e-01	3.57042005080480e-01
2.49048674520056e+00	2.17889356870000e-01	8.72664626010612e-02	2.49999999997138e+00	2.05534999999999e+02	-3.67315013057719e-01	3.83981162085013e-01
2.59010621500057e+00	2.26604931140000e-01	8.72664625994906e-02	2.59999999996184e+00	1.99186666666665e+02	-4.15632708069930e-01	4.43907041952238e-01
2.68972568480058e+00	2.35320505420000e-01	8.72664626017260e-02	2.69999999995316e+00	2.05062499999999e+02	-5.88263224384689e-01	6.07898178469625e-01
2.78934515470059e+00	2.44036079690000e-01	8.72664625971312e-02	2.80000000004324e+00	1.97609999999998e+02	-5.86378268792535e-01	6.47482245904857e-01
9.84807753009973e-02	1.73648177670000e-02	1.74532925202844e-01	9.99999999998332e-02	1.01733750000000e+02	-1.64136133101399e-01	1.68366926284887e-01
1.96961550599995e-01	3.47296355330000e-02	1.74532925199656e-01	1.99999999997524e-01	1.02433750000000e+02	-1.66552742834930e-01	1.70392131549077e-01
2.95442325899992e-01	5.20944533000000e-02	1.74532925201298e-01	2.99999999996372e-01	1.03776000000000e+02	-1.68275126499555e-01	1.69901257696953e-01
3.93923101199989e-01	6.94592710670000e-02	1.74532925202119e-01	3.99999999995220e-01	1.05376000000000e+02	2.55865268342369e-02	3.12080578219854e+00
4.92403876509987e-01	8.68240888330000e-02	1.74532925197168e-01	5.00000000003743e-01	1.07850666666666e+02	-1.63697921203052e-01	1.69621837196514e-01
5.90884651809984e-01	1.04188906600000e-01	1.74532925198404e-01	6.00000000002591e-01	1.10982857142857e+02	-1.68683890543687e-01	1.73774953638567e-01
6.89365427109982e-01	1.21553724370000e-01	1.74532925203507e-01	7.00000000001961e-01	1.14300000000000e+02	-1.68075206967054e-01	1.72525796559640e-01
7.87846202409979e-01	1.38918542130000e-01	1.74532925195024e-01	7.99999999999594e-01	1.18888571428571e+02	-1.66127419521828e-01	1.80298858382840e-01
8.86326977709977e-01	1.56283359900000e-01	1.74532925199368e-01	8.99999999998964e-01	1.23518461538461e+02	-1.72595609729719e-01	1.78853286378601e-01
9.84807753009974e-01	1.73648177670000e-01	1.74532925202844e-01	9.99999999998333e-01	1.29304615384615e+02	-1.77311489368608e-01	1.79699099785336e-01
1.08328852829997e+00	1.91012995430000e-01	1.74532925198314e-01	1.09999999998612e+00	1.35364999999999e+02	-1.78422827769815e-01	1.85154047029297e-01
1.18176930359997e+00	2.08377813200000e-01	1.74532925201298e-01	1.19999999998549e+00	1.40697499999999e+02	-1.75919371123986e-01	1.75335776655350e-01
1.28025007889997e+00	2.25742630970000e-01	1.74532925203822e-01	1.29999999998486e+00	1.48545454545454e+02	-1.85211166895725e-01	1.86924762888593e-01
1.37873085419997e+00	2.43107448730000e-01	1.74532925198952e-01	1.39999999998250e+00	1.58220000000000e+02	-1.96820779747401e-01	2.07722106255357e-01
1.47721162949996e+00	2.60472266500000e-01	1.74532925201298e-01	1.49999999998186e+00	1.65304999999999e+02	-1.96604795252466e-01	2.04089282750479e-01
1.57569240479996e+00	2.77837084270000e-01	1.74532925203349e-01	1.59999999998123e+00	1.74204999999999e+02	-2.16837212940273e-01	2.29964582242773e-01
1.67417318009996e+00	2.95201902030000e-01	1.74532925199366e-01	1.69999999997887e+00	1.82076666666666e+02	-2.25435452833847e-01	2.35036010383568e-01
1.77265395539996e+00	3.12566719800000e-01	1.74532925201297e-01	1.79999999997824e+00	1.92253333333332e+02	-2.38394522529905e-01	2.51453075993327e-01
1.87113473069996e+00	3.29931537570000e-01	1.74532925203025e-01	1.89999999997761e+00	2.02014999999999e+02	-2.62704465682683e-01	2.66658384436702e-01
1.96961550599996e+00	3.47296355330000e-01	1.74532925199655e-01	1.99999999997525e+00	2.07531249999999e+02	-2.75085706729956e-01	2.93346214028947e-01
2.06809628129995e+00	3.64661173100000e-01	1.74532925201297e-01	2.09999999997461e+00	2.12624999999999e+02	-2.93738913110646e-01	3.06305283725005e-01
2.16657705659995e+00	3.82025990870000e-01	1.74532925202789e-01	2.19999999997398e+00	2.34311428571427e+02	-3.19971211768120e-01	3.36307493566787e-01
2.26505783189995e+00	3.99390808630000e-01	1.74532925199870e-01	2.29999999997161e+00	2.39634285714284e+02	-3.53115014263493e-01	3.81467887962141e-01
2.36353860719995e+00	4.16755626400000e-01	1.74532925201297e-01	2.39999999997099e+00	2.68580000000000e+02	-3.56884925447800e-01	3.88457931616378e-01
2.46201938249995e+00	4.34120444170000e-01	1.74532925202610e-01	2.49999999997036e+00	2.68811428571429e+02	-4.07150407905237e-01	4.53803058811046e-01
2.56050015779995e+00	4.51485261930000e-01	1.74532925200034e-01	2.59999999996799e+00	3.39676000000009e+02	-3.94636397168438e-01	4.33225626930033e-01
3.05290403429994e+00	5.38309350770000e-01	1.74532925202355e-01	3.09999999996311e+00	4.25300000000029e+02	1.98580071633411e-01	2.95985151857962e+00
9.65925826289662e-02	2.58819045100000e-02	2.61799387796561e-01	9.99999999999921e-02	1.01633750000000e+02	-2.43918489612467e-01	2.49686802790309e-01
1.93185165259932e-01	5.17638090210000e-02	2.61799387798803e-01	2.00000000002174e-01	1.02233750000000e+02	-2.42171913696722e-01	2.55024825179485e-01
2.89777747889899e-01	7.76457135310000e-02	2.61799387797192e-01	3.00000000003133e-01	1.03676000000000e+02	-2.43918489612467e-01	2.49850863739996e-01
3.86370330519865e-01	1.03527618040000e-01	2.61799387793973e-01	4.00000000003832e-01	1.05176000000000e+02	-2.63451632824371e-01	2.67454254575611e-01
4.82962913139832e-01	1.29409522550000e-01	2.61799387799149e-01	4.99999999995132e-01	1.07650666666666e+02	-2.51013253021824e-01	2.54442825001993e-01
5.79555495769800e-01	1.55291427060000e-01	2.61799387798285e-01	5.99999999996092e-01	1.10650666666666e+02	-2.50140588395827e-01	2.56961335112621e-01
6.76148078399768e-01	1.81173331570000e-01	2.61799387797668e-01	6.99999999997051e-01	1.13800000000000e+02	-2.49128297429671e-01	2.55516202491970e-01
7.72740661029736e-01	2.07055236080000e-01	2.61799387797206e-01	7.99999999998011e-01	1.18188571428571e+02	-2.52441249682547e-01	2.56071217194104e-01
8.69333243659705e-01	2.32937140590000e-01	2.61799387796846e-01	8.99999999998972e-01	1.22518461538461e+02	-2.52667825152715e-01	2.58104276439927e-01
9.65925826289675e-01	2.58819045100000e-01	2.61799387796557e-01	9.99999999999934e-01	1.28204615384615e+02	-2.58867234655799e-01	2.59001874340953e-01
1.06251840889965e+00	2.84700949610000e-01	2.61799387801026e-01	1.09999999998158e+00	1.34264999999999e+02	-2.53652190850840e-01	2.59600272941637e-01
1.15911099149962e+00	3.10582854120000e-01	2.61799387806908e-01	1.19999999995357e+00	1.41397499999999e+02	-2.54645719527538e-01	2.66092897759056e-01
1.25570357419959e+00	3.36464758630000e-01	2.61799387791976e-01	1.30000000002214e+00	1.47945454545454e+02	-2.64454781589683e-01	2.74647696215754e-01
1.35229615679956e+00	3.62346663140000e-01	2.61799387797664e-01	1.39999999999413e+00	1.57145454545453e+02	-2.69391570045325e-01	2.78502188740735e-01
1.44888873939954e+00	3.88228567650000e-01	2.61799387802592e-01	1.49999999996612e+00	1.66219999999999e+02	-2.80596583843128e-01	2.86984488905428e-01
1.54548132209951e+00	4.14110472160000e-01	2.61799387790729e-01	1.60000000003470e+00	1.76004999999999e+02	-2.84157055517197e-01	2.98199974678743e-01
1.64207390469949e+00	4.39992376670000e-01	2.61799387795485e-01	1.70000000000669e+00	1.94976666666665e+02	-2.98796877282925e-01	3.16484043922636e-01
1.73866648729946e+00	4.65874281180000e-01	2.61799387799714e-01	1.79999999997867e+00	2.01684999999999e+02	-2.98765461356389e-01	3.20568114372303e-01
1.83525906989944e+00	4.91756185690000e-01	2.61799387803497e-01	1.89999999995067e+00	2.16314999999998e+02	-3.14434154716168e-01	3.27919441181703e-01
1.93185165259942e+00	5.17638090210000e-01	2.61799387798790e-01	2.00000000002184e+00	2.46449999999998e+02	-3.38955407374813e-01	3.72278729450390e-01
2.02844423519940e+00	5.43519994720000e-01	2.61799387802256e-01	2.09999999999383e+00	3.87000000000020e+02	-3.37721210260903e-01	3.69137136796801e-01
2.12503681779939e+00	5.69401899230000e-01	2.61799387805406e-01	2.19999999996584e+00	5.03670000000029e+02	-3.25783158177261e-01	3.70812652878715e-01
2.22162940049937e+00	5.95283803740000e-01	2.61799387797030e-01	2.30000000003442e+00	4.64060000000021e+02	-3.52800854998134e-01	3.85944657493506e-01
2.31822198309936e+00	6.21165708250000e-01	2.61799387800136e-01	2.40000000000643e+00	4.27690000000012e+02	-5.02419205125347e-01	5.21975619393944e-01
2.41481456569934e+00	6.47047612760000e-01	2.61799387802994e-01	2.49999999997842e+00	4.11276000000026e+02	2.01883577139147e-01	2.93812216939229e+00
2.51140714839933e+00	6.72929517270000e-01	2.61799387795676e-01	2.60000000004702e+00	4.08976000000025e+02	2.03622327842422e-01	2.93756865068666e+00
2.60799973099932e+00	6.98811421780000e-01	2.61799387798486e-01	2.70000000001902e+00	4.16200000000027e+02	2.10957946688555e-01	2.93948352620885e+00
2.70459231359931e+00	7.24693326290000e-01	2.61799387801096e-01	2.79999999999102e+00	4.13600000000026e+02	2.18078890036691e-01	2.93079178653392e+00
2.80118489619930e+00	7.50575230800000e-01	2.61799387803526e-01	2.89999999996303e+00	4.43647500000016e+02	1.97684717727138e-01	2.95089797951689e+00
9.39692620789352e-02	3.42020143330000e-02	3.49065850401758e-01	1.00000000000472e-01	1.01533750000000e+02	-3.27259706724449e-01	3.31123865688364e-01
1.87938524159871e-01	6.84040286650000e-02	3.49065850393639e-01	2.00000000002481e-01	1.02333750000000e+02	-3.27257290114715e-01	3.36378893399824e-01
2.81907786239806e-01	1.02606043000000e-01	3.49065850401470e-01	3.00000000004577e-01	1.03576000000000e+02	-3.28004712982300e-01	3.34950896739101e-01
3.75877048309743e-01	1.36808057330000e-01	3.49065850402188e-01	3.99999999995567e-01	1.04876000000000e+02	-3.27842646694615e-01	3.45642511737454e-01
4.69846310389679e-01	1.71010071660000e-01	3.49065850395779e-01	4.99999999995953e-01	1.07450666666666e+02	-3.34789057117552e-01	3.36329933514313e-01
5.63815572469617e-01	2.05212086000000e-01	3.49065850407167e-01	5.99999999999761e-01	1.10250666666666e+02	-3.31752184219082e-01	3.34893776872672e-01
6.57784834549555e-01	2.39414100330000e-01	3.49065850401877e-01	7.00000000000149e-01	1.13100000000000e+02	-3.33008821280518e-01	3.42747758506646e-01
7.51754096629495e-01	2.73616114660000e-01	3.49065850397909e-01	8.00000000000539e-01	1.17399999999999e+02	-3.37328511179204e-01	3.43533156670044e-01
8.45723358709436e-01	3.07818128990000e-01	3.49065850394822e-01	9.00000000000930e-01	1.21818461538461e+02	-3.35230376085556e-01	3.48459745149537e-01
9.39692620789378e-01	3.42020143330000e-01	3.49065850401749e-01	1.00000000000474e+00	1.27104615384615e+02	-3.41334041812531e-01	3.47224528038012e-01
1.03366188289932e+00	3.76222157660000e-01	3.49065850389546e-01	1.10000000003332e+00	1.32865000000000e+02	-3.61097515596932e-01	3.53115014263493e-01
1.12763114489927e+00	4.10424171990000e-01	3.49065850410727e-01	1.19999999995855e+00	1.39797499999999e+02	-3.46659041360366e-01	3.50601740140621e-01
1.22160040699921e+00	4.44626186320000e-01	3.49065850402342e-01	1.29999999997773e+00	1.46545454545454e+02	-3.48324085466768e-01	3.60759556387228e-01
1.31556966909916e+00	4.78828200660000e-01	3.49065850401865e-01	1.40000000000035e+00	1.56145454545453e+02	8.53466004225227e-02	3.07561920786441e+00
1.40953893119911e+00	5.13030214990000e-01	3.49065850395187e-01	1.50000000001954e+00	1.62819999999999e+02	8.56869396266616e-02	3.08064575611015e+00
1.50350819329906e+00	5.47232229320000e-01	3.49065850389344e-01	1.60000000003873e+00	1.77538888888888e+02	-3.68652807929372e-01	3.83543583108263e-01
1.59747745529902e+00	5.81434243650000e-01	3.49065850404304e-01	1.69999999996396e+00	1.93076666666665e+02	-3.81206088574341e-01	3.89714568677814e-01
1.69144671739898e+00	6.15636257990000e-01	3.49065850403822e-01	1.79999999998659e+00	2.08284999999999e+02	-3.78750410316785e-01	4.00710142965378e-01
1.78541597949894e+00	6.49838272320000e-01	3.49065850398445e-01	1.90000000000579e+00	2.41831428571427e+02	-3.82758184944865e-01	4.26104683581896e-01
1.87938524159890e+00	6.84040286650000e-01	3.49065850393606e-01	2.00000000002499e+00	2.66250000000000e+02	-4.08603394507522e-01	4.40608369665969e-01
1.97335450369886e+00	7.18242300980000e-01	3.49065850389228e-01	2.10000000004419e+00	3.39900000000009e+02	-4.39822971502571e-01	4.66002910282486e-01
2.06732376569883e+00	7.52444315320000e-01	3.49065850405063e-01	2.19999999997286e+00	3.39536000000009e+02	2.67055010509217e-01	2.92670771608425e+00
2.16129302779880e+00	7.86646329650000e-01	3.49065850400566e-01	2.29999999999207e+00	3.42888000000010e+02	2.88049139749144e-01	2.85772357739918e+00
2.25526228989877e+00	8.20848343980000e-01	3.49065850396443e-01	2.40000000001128e+00	3.31160000000017e+02	-6.67117199989792e-01	9.85360535798439e-01
2.44320081399871e+00	8.89252372650000e-01	3.49065850405918e-01	2.59999999995916e+00	3.35576000000008e+02	3.16694979429377e-01	2.82670034994498e+00
2.53717007609869e+00	9.23454386980000e-01	3.49065850402054e-01	2.69999999997838e+00	3.25716666666682e+02	3.28950930769631e-01	2.82083604365828e+00
2.63113933819867e+00	9.57656401310000e-01	3.49065850398466e-01	2.79999999999760e+00	3.53198000000012e+02	3.32537582382480e-01	2.82596731165914e+00
2.72510860029866e+00	9.91858415640000e-01	3.49065850395125e-01	2.90000000001683e+00	3.37898000000009e+02	3.40391564016454e-01	2.81651635375959e+00
2.81907786239865e+00	1.02606043000000e+00	3.49065850401403e-01	3.00000000004632e+00	3.22931666666682e+02	3.57042005080480e-01	2.78635706428513e+00
9.06307787039049e-02	4.22618261740000e-02	4.36332312996935e-01	1.00000000000188e-01	1.01633750000000e+02	-4.14604550474209e-01	4.16418106233327e-01
1.81261557409810e-01	8.45236523480000e-02	4.36332312992708e-01	2.00000000002189e-01	1.02333750000000e+02	-4.10606159824186e-01	4.25092392615739e-01
2.71892336109715e-01	1.26785478520000e-01	4.36332312993710e-01	2.99999999997906e-01	1.03276000000000e+02	-4.10511912044578e-01	4.30241113909122e-01
3.62523114809622e-01	1.69047304700000e-01	4.36332313012334e-01	3.99999999997006e-01	1.04876000000000e+02	-4.03443328574001e-01	4.25581084806298e-01
4.53153893519529e-01	2.11309130870000e-01	4.36332312996931e-01	5.00000000000943e-01	1.06950666666666e+02	-4.31256895533783e-01	4.35250208862346e-01
5.43784672219437e-01	2.53570957040000e-01	4.36332312993705e-01	5.99999999995818e-01	1.09650666666666e+02	1.11369459569758e-01	3.07632606621147e+00
6.34415450929346e-01	2.95832783220000e-01	4.36332312998309e-01	7.00000000003984e-01	1.12700000000000e+02	1.03672557568463e-01	3.07561920786441e+00
7.25046229629258e-01	3.38094609390000e-01	4.36332312995715e-01	7.99999999998862e-01	1.16399999999999e+02	-4.26685402223923e-01	4.32597308399315e-01
8.15677008329171e-01	3.80356435570000e-01	4.36332313003767e-01	8.99999999997968e-01	1.20818461538461e+02	-4.20240377295194e-01	4.35927396612120e-01
9.06307787039085e-01	4.22618261740000e-01	4.36332312996919e-01	1.00000000000191e+00	1.25804615384615e+02	-4.22344292375326e-01	4.39404092482093e-01
9.96938565739002e-01	4.64880087910000e-01	4.36332312995157e-01	1.09999999999679e+00	1.31465000000000e+02	1.42052347819818e-01	3.08394442839642e+00
1.08756934439892e+00	5.07141914090000e-01	4.36332313015328e-01	1.19999999995965e+00	1.37397499999999e+02	1.14196892957989e-01	3.05700527139189e+00
1.17820012309884e+00	5.49403740260000e-01	4.36332313012420e-01	1.29999999995454e+00	1.44551818181818e+02	1.35952422084098e-01	3.08237363206963e+00
1.26883090189877e+00	5.91665566440000e-01	4.36332312986211e-01	1.40000000004429e+00	1.53245454545454e+02	-4.52703501382289e-01	4.83805268652829e-01
1.35946168059869e+00	6.33927392610000e-01	4.36332312985632e-01	1.50000000003918e+00	1.62219999999999e+02	1.48283173249438e-01	3.07530504859905e+00
1.45009245929862e+00	6.76189218790000e-01	4.36332312990787e-01	1.60000000003830e+00	1.74204999999999e+02	1.24642688531175e-01	3.03121803169367e+00
1.54072323799856e+00	7.18451044960000e-01	4.36332312990002e-01	1.70000000003320e+00	1.86776666666666e+02	1.24799768163855e-01	3.06692746818948e+00
1.63135401669850e+00	7.60712871130000e-01	4.36332312989304e-01	1.80000000002810e+00	2.03984999999999e+02	-4.73438012895982e-01	5.63078123278411e-01
1.72198479539843e+00	8.02974697310000e-01	4.36332312993452e-01	1.90000000002723e+00	2.20514999999998e+02	1.48859131902596e-01	3.03854841455205e+00
1.81261557409838e+00	8.45236523480000e-01	4.36332312992649e-01	2.00000000002214e+00	2.40449999999998e+02	-5.10770605596141e-01	5.55276501521996e-01
1.90324635279832e+00	8.87498349660000e-01	4.36332312996240e-01	2.10000000002127e+00	2.54357142857141e+02	2.98451302091030e-01	2.96880505764235e+00
1.99387713149827e+00	9.29760175830000e-01	4.36332312995384e-01	2.20000000001618e+00	2.78346666666671e+02	-6.16380478634317e-01	6.96176932035498e-01
2.08450791019823e+00	9.72022002000000e-01	4.36332312994600e-01	2.30000000001110e+00	2.76240000000004e+02	-8.16185771402628e-01	9.60384874202400e-01
2.17513868889819e+00	1.01428382820000e+00	4.36332313005210e-01	2.40000000001870e+00	2.66880000000000e+02	-9.06663639826014e-01	1.00106849906639e+00
2.26576946759815e+00	1.05654565440000e+00	4.36332313014972e-01	2.50000000002631e+00	2.80860000000005e+02	4.10606159824186e-01	2.75266348307538e+00
2.35640024629811e+00	1.09880748050000e+00	4.36332312989124e-01	2.59999999999164e+00	2.85180000000006e+02	4.11443917865143e-01	2.73538472348063e+00
2.44703102499808e+00	1.14106930670000e+00	4.36332312998757e-01	2.69999999999925e+00	2.86916666666673e+02	4.20580716499334e-01	2.73868339576690e+00
2.53766180369805e+00	1.18333113290000e+00	4.36332313007701e-01	2.80000000000686e+00	2.77565000000004e+02	4.36563569124472e-01	2.71527853049766e+00
2.62829258239803e+00	1.22559295900000e+00	4.36332312984776e-01	2.89999999997222e+00	2.83431666666673e+02	4.25109845908259e-01	2.73339504813336e+00
2.71892336109801e+00	1.26785478520000e+00	4.36332312993588e-01	2.99999999997984e+00	3.32798000000008e+02	3.50994439222320e-01	2.74166790878781e+00
2.80955413979799e+00	1.31011661140000e+00	4.36332313001833e-01	3.09999999998746e+00	3.72300000000017e+02	2.46772102939478e-01	2.90000417852874e+00
2.99081569719797e+00	1.39464026370000e+00	4.36332312989356e-01	3.29999999996045e+00	2.76570000000004e+02	6.42874576679591e-01	2.54458532965261e+00
8.66025403778751e-02	5.00000000000000e-02	5.23598775601143e-01	9.99999999995074e-02	1.01639375000000e+02	1.49801609698673e-01	3.04938690920693e+00
1.73205080759751e-01	1.00000000000000e-01	5.23598775591141e-01	2.00000000002480e-01	1.02333750000000e+02	1.30847334022015e-01	3.04781611288014e+00
2.59807621139627e-01	1.50000000000000e-01	5.23598775591140e-01	3.00000000003720e-01	1.03233749999999e+02	1.36030961900438e-01	3.05289502100344e+00
3.46410161509504e-01	2.00000000000000e-01	5.23598775603638e-01	3.99999999996301e-01	1.04776000000000e+02	1.47890474167740e-01	3.04781611288014e+00
4.33012701889382e-01	2.50000000000000e-01	5.23598775601136e-01	4.99999999997543e-01	1.06550666666666e+02	-5.25623357530612e-01	5.30641179130096e-01
5.19615242269261e-01	3.00000000000000e-01	5.23598775599467e-01	5.99999999998786e-01	1.09250666666666e+02	1.42785386105656e-01	3.04545991838995e+00
6.06217782649142e-01	3.50000000000000e-01	5.23598775598274e-01	7.00000000000030e-01	1.12100000000000e+02	1.39800873084746e-01	3.01121655846582e+00
6.92820323029026e-01	4.00000000000000e-01	5.23598775597377e-01	8.00000000001277e-01	1.15200000000000e+02	1.47654854718720e-01	3.05048646663569e+00
7.79422863408912e-01	4.50000000000000e-01	5.23598775596678e-01	9.00000000002526e-01	1.19388571428571e+02	1.68703525497772e-01	3.01603366720132e+00
8.66025403778800e-01	5.00000000000000e-01	5.23598775601118e-01	9.99999999995117e-01	1.23604615384615e+02	1.45141580595848e-01	3.01341567332333e+00
9.52627944158691e-01	5.50000000000000e-01	5.23598775600204e-01	1.09999999999637e+00	1.29359999999999e+02	1.61163703129156e-01	3.00673978893445e+00
1.03923048449858e+00	6.00000000000000e-01	5.23598775616110e-01	1.19999999996298e+00	1.34497499999999e+02	1.84882727663759e-01	3.02346876981482e+00
1.12583302489848e+00	6.50000000000000e-01	5.23598775606487e-01	1.29999999998156e+00	1.42197499999999e+02	1.56084795005853e-01	2.99597983409591e+00
1.21243556529838e+00	7.00000000000000e-01	5.23598775598240e-01	1.40000000000014e+00	1.48745454545454e+02	-5.78838446423919e-01	9.94314074861170e-01
1.29903810569829e+00	7.50000000000000e-01	5.23598775591088e-01	1.50000000001873e+00	1.58520000000000e+02	2.01376089095106e-01	3.00995992140438e+00
1.38564064609820e+00	8.00000000000000e-01	5.23598775584831e-01	1.60000000003732e+00	1.66404999999999e+02	2.14963477321882e-01	3.01922761973247e+00
1.47224318639811e+00	8.50000000000000e-01	5.23598775608721e-01	1.69999999996931e+00	1.77176666666666e+02	-6.85024278115254e-01	9.69809652163169e-01
1.55884572679802e+00	9.00000000000000e-01	5.23598775602179e-01	1.79999999998790e+00	1.93853333333332e+02	-7.47070733023653e-01	9.46561866526605e-01
1.64544826719795e+00	9.50000000000000e-01	5.23598775596321e-01	1.90000000000651e+00	2.03814999999999e+02	3.05205726296248e-01	2.86481834080853e+00
1.73205080759787e+00	1.00000000000000e+00	5.23598775591051e-01	2.00000000002511e+00	2.12531249999999e+02	4.00160364251000e-01	2.79366126720472e+00
1.81865334789780e+00	1.05000000000000e+00	5.23598775610090e-01	2.09999999995711e+00	2.32657142857142e+02	4.69275402629975e-01	2.68344372494128e+00
1.90525588829774e+00	1.10000000000000e+00	5.23598775604668e-01	2.19999999997573e+00	2.38511428571427e+02	4.77584915198720e-01	2.67443782600099e+00
1.99185842869768e+00	1.15000000000000e+00	5.23598775599718e-01	2.29999999999435e+00	2.40934285714284e+02	4.76579605549572e-01	2.67108679383716e+00
2.07846096909762e+00	1.20000000000000e+00	5.23598775595181e-01	2.40000000001296e+00	2.42079999999998e+02	4.92339928695080e-01	2.65705434665113e+00
2.16506350949757e+00	1.25000000000000e+00	5.23598775591004e-01	2.50000000003159e+00	2.40679999999998e+02	5.02811904207046e-01	2.65433163301802e+00
2.25166604979752e+00	1.30000000000000e+00	5.23598775606380e-01	2.59999999996361e+00	2.42111428571427e+02	5.06200336283418e-01	2.67145331298008e+00
2.33826859019748e+00	1.35000000000000e+00	5.23598775602096e-01	2.69999999998224e+00	2.44554285714284e+02	5.15456814637745e-01	2.63935670803590e+00
2.42487113059744e+00	1.40000000000000e+00	5.23598775598118e-01	2.80000000000088e+00	2.63069999999999e+02	5.14016918004850e-01	2.63673871415791e+00
2.51147367099741e+00	1.45000000000000e+00	5.23598775594413e-01	2.90000000001952e+00	2.58784285714284e+02	5.24593613271936e-01	2.62731393619714e+00
2.59807621139739e+00	1.50000000000000e+00	5.23598775590953e-01	3.00000000003817e+00	2.77931666666671e+02	5.03649662248004e-01	2.65747322567161e+00
2.68467875169736e+00	1.55000000000000e+00	5.23598775603847e-01	3.09999999997021e+00	2.34771428571427e+02	6.06405921959170e-01	2.58176084272009e+00
8.19152044288464e-02	5.73576436350000e-02	6.10865238197461e-01	9.99999999998968e-02	1.01639375000000e+02	2.29493343344734e-01	2.99440903776911e+00
1.63830408859693e-01	1.14715287270000e-01	6.10865238191725e-01	2.00000000001432e-01	1.02333750000000e+02	2.20749243792243e-01	2.99006316793165e+00
2.45745613289541e-01	1.72072930910000e-01	6.10865238205375e-01	3.00000000005017e-01	1.03133749999999e+02	2.15513256036260e-01	2.99006316793165e+00
3.27660817719389e-01	2.29430574540000e-01	6.10865238191721e-01	4.00000000002866e-01	1.04276000000000e+02	2.06716796606208e-01	2.97760151707241e+00
4.09576022139239e-01	2.86788218180000e-01	6.10865238211380e-01	4.99999999998262e-01	1.06050666666666e+02	-6.43712334720549e-01	9.36613489790237e-01
4.91491226569091e-01	3.44145861810000e-01	6.10865238201273e-01	5.99999999996114e-01	1.08950666666666e+02	2.30592900773491e-01	2.98262806531815e+00
5.73406430998945e-01	4.01503505450000e-01	6.10865238205754e-01	6.99999999999704e-01	1.11200000000000e+02	2.52374609838380e-01	2.97940793284822e+00
6.55321635428802e-01	4.58861149080000e-01	6.10865238198873e-01	7.99999999997561e-01	1.13700000000000e+02	2.48971217796991e-01	2.95074089988421e+00
7.37236839858661e-01	5.16218792720000e-01	6.10865238202622e-01	9.00000000001155e-01	1.18288571428571e+02	2.78345109108056e-01	2.98859709135997e+00
8.19152044288524e-01	5.73576436350000e-01	6.10865238197427e-01	9.99999999999017e-01	1.22204615384615e+02	2.55097323471491e-01	2.94398647567900e+00
9.01067248718390e-01	6.30934079990000e-01	6.10865238200622e-01	1.10000000000262e+00	1.27359999999999e+02	2.71119446004799e-01	2.93990240522933e+00
9.82982453148259e-01	6.88291723620000e-01	6.10865238196456e-01	1.20000000000048e+00	1.32897500000000e+02	-9.22528682726643e-01	9.89287526615426e-01
1.06489765759813e+00	7.45649367260000e-01	6.10865238190408e-01	1.30000000002047e+00	1.38897499999999e+02	3.19028733972044e-01	2.93314798102411e+00
1.14681286199801e+00	8.03007010890000e-01	6.10865238199854e-01	1.39999999999377e+00	1.44645454545454e+02	3.28296432300133e-01	2.90047541742678e+00
1.22872806639789e+00	8.60364654530000e-01	6.10865238213501e-01	1.49999999997281e+00	1.52609090909090e+02	2.89183603762940e-01	2.82931834382297e+00
1.31064327089778e+00	9.17722298160000e-01	6.10865238184470e-01	1.60000000002803e+00	1.61304999999999e+02	3.28846211014512e-01	2.86544665933925e+00
1.39255847529767e+00	9.75079941800000e-01	6.10865238197414e-01	1.70000000000708e+00	1.68018999999999e+02	3.75263242471301e-01	2.85476524431705e+00
1.47447367969757e+00	1.03243758540000e+00	6.10865238190712e-01	1.79999999996319e+00	1.77953333333333e+02	4.82548631591392e-01	2.76884268524136e+00
1.55638888409747e+00	1.08979522910000e+00	6.10865238227830e-01	1.89999999997666e+00	1.82035555555555e+02	5.33850839624514e-01	2.65370331448730e+00
1.63830408859738e+00	1.14715287270000e+00	6.10865238191596e-01	2.00000000001469e+00	1.90549999999999e+02	5.54334023725919e-01	2.59809712451876e+00
1.72021929299730e+00	1.20451051630000e+00	6.10865238186123e-01	2.09999999997081e+00	2.02524999999999e+02	5.66200675976524e-01	2.58592345298610e+00
1.80213449739721e+00	1.26186816000000e+00	6.10865238218385e-01	2.19999999998429e+00	2.08284999999999e+02	5.70261898479619e-01	2.59087146141550e+00
1.88404970189714e+00	1.31922580360000e+00	6.10865238187283e-01	2.30000000002234e+00	2.09029999999999e+02	5.82891100947050e-01	2.57683901422947e+00
1.96596490629707e+00	1.37658344720000e+00	6.10865238182672e-01	2.39999999997848e+00	2.31179999999999e+02	5.69884907361188e-01	2.57851453031138e+00
2.04788011069701e+00	1.43394109090000e+00	6.10865238211194e-01	2.49999999999198e+00	2.30179999999999e+02	5.78241543819737e-01	2.57579181667827e+00
2.12979531519695e+00	1.49129873450000e+00	6.10865238183955e-01	2.60000000003003e+00	2.24934999999998e+02	5.90305259609522e-01	2.55982205402252e+00
2.21171051959690e+00	1.54865637810000e+00	6.10865238179975e-01	2.69999999998619e+00	2.26197499999998e+02	5.93996630977490e-01	2.55380066810314e+00
2.29362572399686e+00	1.60601402180000e+00	6.10865238205533e-01	2.79999999999970e+00	2.37385714285713e+02	6.02923990101441e-01	2.54437589014237e+00
2.37554092839682e+00	1.66337166540000e+00	6.10865238201081e-01	2.89999999995586e+00	2.52384285714283e+02	5.89794750803314e-01	2.58034712602598e+00
2.62128654169674e+00	1.83544459630000e+00	6.10865238197064e-01	3.19999999996364e+00	4.55525000000018e+02	2.63265464370825e-01	2.84832497937719e+00
7.66044443118188e-02	6.42787609690000e-02	6.98131700800891e-01	1.00000000000162e-01	1.01839375000000e+02	3.63011031122301e-01	2.87659931325949e+00
1.53208888619638e-01	1.28557521940000e-01	6.98131700821406e-01	1.99999999998546e-01	1.02233750000000e+02	3.40234484383775e-01	2.88335373746471e+00
2.29813332939458e-01	1.92836282910000e-01	6.98131700799977e-01	3.00000000005480e-01	1.03133749999999e+02	3.38977847322339e-01	2.86178146791006e+00
3.06417777249280e-01	2.57115043870000e-01	6.98131700786178e-01	3.99999999998327e-01	1.03776000000000e+02	3.71650410919673e-01	2.88335373746471e+00
3.83022221559103e-01	3.21393804840000e-01	6.98131700793219e-01	4.99999999997603e-01	1.05350666666666e+02	4.33382706562712e-01	2.82649091043474e+00
4.59626665868928e-01	3.85672565810000e-01	6.98131700797910e-01	5.99999999996880e-01	1.07650666666666e+02	4.11234478354904e-01	2.83041790125172e+00
5.36231110178756e-01	4.49951326780000e-01	6.98131700801258e-01	6.99999999996160e-01	1.10359999999999e+02	4.03694655986288e-01	2.82900418455761e+00
6.12835554498587e-01	5.14230087750000e-01	6.98131700795732e-01	8.00000000003102e-01	1.13100000000000e+02	4.11548637620263e-01	2.84471214782556e+00
6.89439998808421e-01	5.78508848720000e-01	6.98131700798574e-01	9.00000000002386e-01	1.16488571428571e+02	4.43278723421520e-01	2.83560152913015e+00
7.66044443118259e-01	6.42787609690000e-01	6.98131700800845e-01	1.00000000000167e+00	1.20604615384615e+02	4.02438018924853e-01	2.82492011410794e+00
8.42648887428101e-01	7.07066370660000e-01	6.98131700802701e-01	1.10000000000096e+00	1.23960000000000e+02	4.43907041952238e-01	2.83780064398766e+00
9.19253331737947e-01	7.71345131620000e-01	6.98131700797861e-01	1.19999999999383e+00	1.30089999999999e+02	4.58711797332280e-01	2.83497321059943e+00
9.95857776047798e-01	8.35623892590000e-01	6.98131700799657e-01	1.29999999999313e+00	1.34397499999999e+02	4.28356158316968e-01	2.77968117989625e+00
1.07246222039765e+00	8.99902653560000e-01	6.98131700782830e-01	1.40000000002307e+00	1.40908333333332e+02	4.67573706609281e-01	2.72219003433556e+00
1.14906666469752e+00	9.64181414530000e-01	6.98131700789665e-01	1.50000000001472e+00	1.45609090909090e+02	5.09095089514226e-01	2.69580065604540e+00
1.22567110899738e+00	1.02846017550000e+00	6.98131700795649e-01	1.60000000000636e+00	1.52795454545454e+02	5.78720636699410e-01	2.63768119195399e+00
1.30227555329725e+00	1.09273893650000e+00	6.98131700814445e-01	1.70000000001730e+00	1.60518999999999e+02	6.10215103051648e-01	2.54123429748878e+00
1.37887999759713e+00	1.15701769740000e+00	6.98131700788590e-01	1.79999999996396e+00	1.65087999999999e+02	6.32088441902266e-01	2.50562958074810e+00
1.45548444189702e+00	1.22129645840000e+00	6.98131700805772e-01	1.89999999997491e+00	1.74511999999999e+02	6.37861118403238e-01	2.53589358997768e+00
1.53208888619691e+00	1.28557521940000e+00	6.98131700821235e-01	1.99999999998586e+00	8.97249999999996e+01	6.41866649036565e-01	2.52269890083260e+00
1.60869333049681e+00	1.34985398030000e+00	6.98131700798745e-01	2.09999999993254e+00	1.83733333333332e+02	6.42904496609626e-01	2.52584049348619e+00
1.68529777489671e+00	1.41413274130000e+00	6.98131700783901e-01	2.20000000002010e+00	1.92197777777776e+02	6.61776492478690e-01	2.50864027370779e+00
1.76190221919663e+00	1.47841150230000e+00	6.98131700798290e-01	2.30000000003108e+00	1.91259999999999e+02	6.59860120960000e-01	2.50353518564571e+00
1.83850666349655e+00	1.54269026320000e+00	6.98131700779562e-01	2.39999999997777e+00	2.03094999999999e+02	6.67824058336850e-01	2.49544558456271e+00
1.91511110779647e+00	1.60696902420000e+00	6.98131700792973e-01	2.49999999998874e+00	2.02694999999999e+02	6.67824058336850e-01	2.51044668948360e+00
1.99171555209640e+00	1.67124778520000e+00	6.98131700805350e-01	2.59999999999973e+00	2.05334999999999e+02	6.68845075949267e-01	2.50688621780954e+00
2.06831999639634e+00	1.73552654620000e+00	6.98131700816809e-01	2.70000000001071e+00	2.07697499999999e+02	6.83977080564058e-01	2.47180509984445e+00
2.14492444069629e+00	1.79980530710000e+00	6.98131700800087e-01	2.79999999995743e+00	2.09662499999999e+02	6.82196844727024e-01	2.47054846278301e+00
2.37473777369617e+00	1.99264159000000e+00	6.98131700785077e-01	3.10000000000277e+00	2.34871428571427e+02	6.94867935096502e-01	2.49253961135814e+00
7.07106781187926e-02	7.07106781190000e-02	7.85398163398915e-01	1.00000000000342e-01	1.01639375000000e+02	5.15299735005066e-01	2.73420662623554e+00
1.41421356239586e-01	1.41421356240000e-01	7.85398163398912e-01	2.00000000003512e-01	1.02433750000000e+02	5.91561896670958e-01	2.78078073732501e+00
2.12132034359380e-01	2.12132034360000e-01	7.85398163398910e-01	3.00000000005269e-01	1.03133749999999e+02	5.27473406537726e-01	2.79648870059295e+00
2.82842712469175e-01	2.82842712470000e-01	7.85398163398907e-01	3.99999999992884e-01	1.04276000000000e+02	5.60145970135060e-01	2.81612365467789e+00
3.53553390588973e-01	3.53553390590000e-01	7.85398163398901e-01	4.99999999994644e-01	1.04850666666666e+02	5.86535348425214e-01	2.74700861629892e+00
4.24264068708773e-01	4.24264068710000e-01	7.85398163398894e-01	5.99999999996405e-01	1.07150666666666e+02	5.42867210540316e-01	2.70082720429115e+00
4.94974746828576e-01	4.94974746830000e-01	7.85398163398887e-01	6.99999999998168e-01	1.09959999999999e+02	5.53443905807402e-01	2.71512145086498e+00
5.65685424948382e-01	5.65685424950000e-01	7.85398163398878e-01	7.99999999999933e-01	1.12000000000000e+02	5.58679893563385e-01	2.69155950596306e+00
6.36396103068193e-01	6.36396103070000e-01	7.85398163398868e-01	9.00000000001702e-01	1.14488571428571e+02	5.66638594952479e-01	2.67066791481668e+00
7.07106781188007e-01	7.07106781190000e-01	7.85398163398858e-01	1.00000000000347e+00	1.19575714285714e+02	5.84964552098420e-01	2.57526821790267e+00
7.77817459307826e-01	7.77817459310000e-01	7.85398163398846e-01	1.10000000000525e+00	1.21260000000000e+02	6.19207912022548e-01	2.57736261300507e+00
8.48528137417650e-01	8.48528137420000e-01	7.85398163398833e-01	1.19999999999288e+00	1.26889999999999e+02	6.23645411645744e-01	2.54437589014237e+00
9.19238815537479e-01	9.19238815540000e-01	7.85398163398820e-01	1.29999999999467e+00	1.31897500000000e+02	6.57024833590135e-01	2.57547765741291e+00
9.89949493657315e-01	9.89949493660000e-01	7.85398163398804e-01	1.39999999999645e+00	1.34108333333333e+02	6.73243305664293e-01	2.49285377062350e+00
1.06066017179716e+00	1.06066017180000e+00	7.85398163398787e-01	1.50000000002653e+00	1.41366666666666e+02	7.00009675072878e-01	2.45287700410657e+00
1.13137084989700e+00	1.13137084990000e+00	7.85398163398774e-01	1.60000000000003e+00	1.45395454545454e+02	7.02591017036577e-01	2.46275731300211e+00
1.20208152799686e+00	1.20208152800000e+00	7.85398163398754e-01	1.69999999997355e+00	1.49089999999999e+02	7.00535891842354e-01	2.45433784469049e+00
1.27279220609672e+00	1.27279220610000e+00	7.85398163398737e-01	1.79999999994707e+00	7.91939999999998e+01	6.94920294974062e-01	2.46897766645622e+00
1.34350288429659e+00	1.34350288430000e+00	7.85398163398717e-01	1.90000000006202e+00	8.13431578947367e+01	7.06491827914785e-01	2.46371549876146e+00
1.41421356239646e+00	1.41421356240000e+00	7.85398163398700e-01	2.00000000003555e+00	1.63124999999999e+02	7.26100602060941e-01	2.45201306612683e+00
1.48492424049635e+00	1.48492424050000e+00	7.85398163398677e-01	2.10000000000909e+00	1.76433333333333e+02	7.14712328691678e-01	2.43211631265410e+00
1.55563491859624e+00	1.55563491860000e+00	7.85398163398657e-01	2.19999999998263e+00	1.80897777777777e+02	7.17916753198340e-01	2.42331985322405e+00
1.62634559669614e+00	1.62634559670000e+00	7.85398163398635e-01	2.29999999995617e+00	1.82259999999999e+02	7.15026487957037e-01	2.42889094419641e+00
1.69705627479605e+00	1.69705627480000e+00	7.85398163398612e-01	2.39999999992973e+00	1.93239999999998e+02	7.15026487957037e-01	2.42143489763189e+00
1.76776695299596e+00	1.76776695300000e+00	7.85398163398591e-01	2.50000000004471e+00	1.99394999999999e+02	7.35321176499227e-01	2.43190687314386e+00
1.83847763109588e+00	1.83847763110000e+00	7.85398163398569e-01	2.60000000001827e+00	1.98686666666665e+02	7.43929140370063e-01	2.42122545812165e+00
1.90918830919582e+00	1.90918830920000e+00	7.85398163398543e-01	2.69999999999184e+00	1.97286666666665e+02	7.28967305357342e-01	2.41965466179486e+00
1.97989898729576e+00	1.97989898730000e+00	7.85398163398519e-01	2.79999999996542e+00	2.01962499999999e+02	7.49531647268965e-01	2.41667014877395e+00
2.05060966539570e+00	2.05060966540000e+00	7.85398163398497e-01	2.89999999993899e+00	2.35769999999999e+02	7.56652590617102e-01	2.43588622383841e+00
2.12132034359566e+00	2.12132034360000e+00	7.85398163398471e-01	3.00000000005400e+00	2.22223749999998e+02	7.46874383482804e-01	2.42719448416347e+00
2.19203102169562e+00	2.19203102170000e+00	7.85398163398447e-01	3.10000000002759e+00	2.42771428571427e+02	7.31244960031194e-01	2.42091129885629e+00
2.26274169979559e+00	2.26274169980000e+00	7.85398163398423e-01	3.20000000000119e+00	3.38283333333352e+02	7.34504362409294e-01	2.44384492522750e+00
6.42787609687680e-02	7.66044443120000e-02	8.72664625996948e-01	1.00000000000152e-01	1.02039375000000e+02	6.68164397540989e-01	2.53102412136462e+00
1.47841150229568e+00	1.76190221920000e+00	8.72664625998987e-01	2.30000000003088e+00	1.72843999999999e+02	8.17128249198705e-01	2.42012590069290e+00
1.54269026319558e+00	1.83850666350000e+00	8.72664626017670e-01	2.39999999997757e+00	1.77839999999999e+02	8.20976700199353e-01	2.41054404309945e+00
1.60696902419548e+00	1.91511110780000e+00	8.72664626004216e-01	2.49999999998854e+00	1.79039999999999e+02	8.29066301282346e-01	2.39138032791255e+00
1.67124778519540e+00	1.99171555210000e+00	8.72664625991792e-01	2.59999999999953e+00	1.82486666666666e+02	8.38176919977757e-01	2.37017457750082e+00
1.73552654619532e+00	2.06831999640000e+00	8.72664625980287e-01	2.70000000001051e+00	1.82586666666666e+02	8.26710106792154e-01	2.34090540594487e+00
1.79980530709525e+00	2.14492444070000e+00	8.72664625996961e-01	2.79999999995722e+00	1.83977777777777e+02	8.63021681879896e-01	2.29650422977414e+00
1.86408406809519e+00	2.22152888500000e+00	8.72664625986066e-01	2.89999999996822e+00	2.00773749999999e+02	8.20322201729855e-01	2.31582502459372e+00
1.92836282909514e+00	2.29813332940000e+00	8.72664625997322e-01	3.00000000005582e+00	1.99087777777776e+02	8.56830126358446e-01	2.29619007050878e+00
1.99264158999510e+00	2.37473777370000e+00	8.72664626011825e-01	3.10000000000255e+00	2.03537499999999e+02	8.57183555531975e-01	2.29226307969179e+00
2.05692035099507e+00	2.45134221800000e+00	8.72664626001480e-01	3.20000000001357e+00	2.05362499999999e+02	8.58126033328052e-01	2.29854626499897e+00
1.14715287269491e-01	1.63830408860000e-01	9.59931088606137e-01	2.00000000001392e-01	1.01833750000000e+02	6.83715281176259e-01	2.47840244441699e+00
1.72072930909238e-01	2.45745613290000e-01	9.59931088592480e-01	3.00000000004956e-01	1.03233749999999e+02	6.81961225278004e-01	2.56919447210573e+00
2.86788218178738e-01	4.09576022140000e-01	9.59931088586457e-01	4.99999999998161e-01	1.04250666666666e+02	6.79002892195874e-01	2.49513142529735e+00
3.44145861808492e-01	4.91491226570000e-01	9.59931088596551e-01	5.99999999995994e-01	1.05350666666666e+02	6.68530916683908e-01	2.49247677950507e+00
4.01503505448250e-01	5.73406431000000e-01	9.59931088592055e-01	6.99999999999565e-01	1.08859999999999e+02	6.82623203730011e-01	2.50070775225748e+00
4.58861149078012e-01	6.55321635430000e-01	9.59931088598918e-01	7.99999999997402e-01	1.10559999999999e+02	7.17853921345268e-01	2.52217530205701e+00
5.16218792717779e-01	7.37236839860000e-01	9.59931088595150e-01	9.00000000000978e-01	1.12688571428571e+02	8.17966007239663e-01	2.54500420867309e+00
5.73576436347550e-01	8.19152044290000e-01	9.59931088600323e-01	9.99999999998821e-01	1.14875714285714e+02	7.10628258242011e-01	2.51243636483088e+00
6.30934079987328e-01	9.01067248720000e-01	9.59931088597104e-01	1.10000000000240e+00	1.19027142857142e+02	6.71672509337498e-01	2.48793194213288e+00
6.88291723617112e-01	9.82982453150000e-01	9.59931088601244e-01	1.20000000000025e+00	1.21590000000000e+02	7.05366090547248e-01	2.48939801870455e+00
7.45649367256902e-01	1.06489765760000e+00	9.59931088607266e-01	1.30000000002022e+00	1.24189999999999e+02	8.35702915763055e-01	2.52835376760907e+00
8.03007010886700e-01	1.14681286200000e+00	9.59931088597789e-01	1.39999999999351e+00	1.29015384615384e+02	8.36710843406082e-01	2.54311925308094e+00
8.60364654526505e-01	1.22872806640000e+00	9.59931088584111e-01	1.49999999997253e+00	1.32066666666666e+02	8.38962318141154e-01	2.51050952133668e+00
9.17722298156318e-01	1.31064327090000e+00	9.59931088613107e-01	1.60000000002774e+00	1.34854166666666e+02	8.54041962878385e-01	2.53228075842605e+00
9.75079941796139e-01	1.39255847530000e+00	9.59931088600129e-01	1.70000000000677e+00	1.40432499999999e+02	8.65980014962027e-01	2.54264801418290e+00
1.03243758539597e+00	1.47447367970000e+00	9.59931088606793e-01	1.79999999996287e+00	1.44052727272727e+02	8.94882667375053e-01	2.49819447813460e+00
1.08979522909581e+00	1.55638888410000e+00	9.59931088569637e-01	1.89999999997632e+00	1.45910909090909e+02	8.94804127558713e-01	2.28063918687351e+00
1.14715287269566e+00	1.63830408860000e+00	9.59931088605830e-01	2.00000000001435e+00	1.50522727272726e+02	9.01480011947591e-01	2.26862259497353e+00
1.20451051629551e+00	1.72021929300000e+00	9.59931088611262e-01	2.09999999997045e+00	1.55690909090908e+02	9.03207887907066e-01	2.26194671058465e+00
1.26186815999538e+00	1.80213449740000e+00	9.59931088578959e-01	2.19999999998393e+00	1.60567999999999e+02	9.03364967539745e-01	2.25038564961944e+00
1.31922580359525e+00	1.88404970190000e+00	9.59931088610019e-01	2.30000000002196e+00	1.62943999999999e+02	9.13182444582213e-01	2.23555733229450e+00
1.43394109089504e+00	2.04788011070000e+00	9.59931088586014e-01	2.49999999999158e+00	1.72035999999999e+02	9.17187975215540e-01	2.25377856968532e+00
1.49129873449494e+00	2.12979531520000e+00	9.59931088613209e-01	2.60000000002963e+00	1.77086666666666e+02	8.96610543334527e-01	2.26021883462518e+00
1.54865637809486e+00	2.21171051960000e+00	9.59931088617140e-01	2.69999999998578e+00	1.77986666666666e+02	9.25316846206704e-01	2.23869892494809e+00
1.60601402179478e+00	2.29362572400000e+00	9.59931088591534e-01	2.79999999999928e+00	1.77077777777777e+02	9.40645200362344e-01	2.22974538588536e+00
1.66337166539472e+00	2.37554092840000e+00	9.59931088595936e-01	2.89999999995544e+00	1.82209999999999e+02	9.29440186564540e-01	2.20586928171807e+00
1.72072930909466e+00	2.45745613290000e+00	9.59931088591858e-01	3.00000000005087e+00	1.98687777777776e+02	9.29754345829899e-01	2.22299096168014e+00
1.83544459629458e+00	2.62128654170000e+00	9.59931088599805e-01	3.19999999996321e+00	2.04762499999999e+02	9.51693134527468e-01	2.21733609490368e+00
1.89280223999456e+00	2.70320174620000e+00	9.59931088595970e-01	3.30000000005866e+00	2.06552499999999e+02	9.23314080890040e-01	2.23822768605005e+00
1.95015988359454e+00	2.78511695060000e+00	9.59931088599584e-01	3.40000000001484e+00	1.97955555555554e+02	1.00766584363893e+00	2.14099539342144e+00
4.99999999997242e-02	8.66025403780000e-02	1.04719755119677e+00	9.99999999994777e-02	1.01939375000000e+02	9.23706779971739e-01	2.56927301192207e+00
9.99999999994491e-02	1.73205080760000e-01	1.04719755120676e+00	2.00000000002420e-01	1.01933750000000e+02	9.19418505999589e-01	2.56479624239071e+00
1.49999999999175e-01	2.59807621140000e-01	1.04719755120676e+00	3.00000000003630e-01	1.02333750000000e+02	9.41142619199162e-01	2.63202632517753e+00
1.99999999998904e-01	3.46410161510000e-01	1.04719755119425e+00	3.99999999996182e-01	1.03333749999999e+02	9.28026469870425e-01	2.54516128830577e+00
2.49999999998634e-01	4.33012701890000e-01	1.04719755119674e+00	4.99999999997395e-01	1.04250666666666e+02	9.27173751864451e-01	2.55065907544955e+00
2.99999999998368e-01	5.19615242270000e-01	1.04719755119840e+00	5.99999999998610e-01	1.05550666666666e+02	8.58911431491449e-01	2.55552854406262e+00
3.49999999998106e-01	6.06217782650000e-01	1.04719755119958e+00	6.99999999999826e-01	1.07460000000000e+02	9.32267619952771e-01	2.57924756859722e+00
3.99999999997849e-01	6.92820323030000e-01	1.04719755120046e+00	8.00000000001045e-01	1.10059999999999e+02	9.16559656684822e-01	2.56353960532927e+00
4.49999999997596e-01	7.79422863410000e-01	1.04719755120114e+00	9.00000000002267e-01	1.11488571428571e+02	9.27921750115305e-01	2.53306615658945e+00
4.99999999997349e-01	8.66025403780000e-01	1.04719755119667e+00	9.99999999994831e-01	1.13575714285714e+02	9.44802574640594e-01	2.22969302600780e+00
5.49999999997109e-01	9.52627944160000e-01	1.04719755119756e+00	1.09999999999606e+00	1.16427142857142e+02	9.46457146771485e-01	2.25660600307355e+00
5.99999999996875e-01	1.03923048450000e+00	1.04719755118163e+00	1.19999999996265e+00	1.20290000000000e+02	9.58997337447064e-01	2.23775644715201e+00
6.49999999996648e-01	1.12583302490000e+00	1.04719755119123e+00	1.29999999998120e+00	1.21990000000000e+02	9.55515405589336e-01	2.25770556050231e+00
6.99999999996429e-01	1.21243556530000e+00	1.04719755119944e+00	1.39999999999976e+00	1.25415384615384e+02	9.49703459180195e-01	2.22895998772196e+00
7.49999999996218e-01	1.29903810570000e+00	1.04719755120656e+00	1.50000000001832e+00	1.29369230769230e+02	9.64513824547118e-01	2.20154959181939e+00
7.99999999996015e-01	1.38564064610000e+00	1.04719755121279e+00	1.60000000003689e+00	1.32154166666666e+02	9.70935389530706e-01	2.20200512275416e+00
8.49999999995822e-01	1.47224318640000e+00	1.04719755118886e+00	1.69999999996886e+00	1.34832499999999e+02	9.78553751715661e-01	2.19251751294032e+00
8.99999999995638e-01	1.55884572680000e+00	1.04719755119537e+00	1.79999999998744e+00	1.39689999999999e+02	9.87842393994775e-01	2.16790837048720e+00
9.49999999995463e-01	1.64544826720000e+00	1.04719755120118e+00	1.90000000000602e+00	1.43210909090909e+02	9.85124916349419e-01	2.18097215993837e+00
9.99999999995298e-01	1.73205080760000e+00	1.04719755120641e+00	2.00000000002460e+00	1.45622727272727e+02	1.01100378583337e+00	2.16089214689418e+00
1.04999999999514e+00	1.81865334790000e+00	1.04719755118734e+00	2.09999999995659e+00	1.49190909090908e+02	9.84365698124802e-01	2.18340689424491e+00
1.09999999999500e+00	1.90525588830000e+00	1.04719755119271e+00	2.19999999997519e+00	1.58068000000000e+02	9.87716730288631e-01	2.18843344249065e+00
1.14999999999486e+00	1.99185842870000e+00	1.04719755119762e+00	2.29999999999379e+00	1.61443999999999e+02	9.92868942240518e-01	2.17806618673380e+00
1.19999999999474e+00	2.07846096910000e+00	1.04719755120211e+00	2.40000000001239e+00	1.60843999999999e+02	9.97769826780118e-01	2.17104996314079e+00
1.24999999999463e+00	2.16506350950000e+00	1.04719755120624e+00	2.50000000003101e+00	1.63135999999999e+02	9.89837305329804e-01	2.15772437430181e+00
1.29999999999453e+00	2.25166604980000e+00	1.04719755119082e+00	2.59999999996302e+00	1.70087999999999e+02	9.74312601633315e-01	2.17995114232596e+00
1.34999999999443e+00	2.33826859020000e+00	1.04719755119505e+00	2.69999999998164e+00	1.73037999999999e+02	1.00240367594416e+00	2.15261928623973e+00
1.39999999999435e+00	2.42487113060000e+00	1.04719755119898e+00	2.80000000000027e+00	1.74349999999999e+02	1.03004969129575e+00	2.13575940566546e+00
1.44999999999429e+00	2.51147367100000e+00	1.04719755120264e+00	2.90000000001891e+00	1.77209999999999e+02	1.02368796617223e+00	2.14586486203451e+00
1.49999999999423e+00	2.59807621140000e+00	1.04719755120604e+00	3.00000000003754e+00	1.83087777777777e+02	1.01939445621233e+00	2.12481619125546e+00
1.59999999999414e+00	2.77128129210000e+00	1.04719755119659e+00	3.19999999998823e+00	2.01262499999999e+02	1.02792911625458e+00	2.13094229692996e+00
4.22618261737054e-02	9.06307787040000e-02	1.13446401380103e+00	1.00000000000150e-01	1.01739375000000e+02	1.02944755270382e+00	2.14617902129987e+00
8.45236523474115e-02	1.81261557410000e-01	1.13446401380526e+00	2.00000000002112e-01	1.01833750000000e+02	1.03714445470511e+00	2.10518123717052e+00
1.26785478519119e-01	2.71892336110000e-01	1.13446401380425e+00	2.99999999997792e-01	1.02433750000000e+02	1.03408663785562e+00	2.10313920194569e+00
1.69047304698829e-01	3.62523114810000e-01	1.13446401378561e+00	3.99999999996854e-01	1.03233749999999e+02	1.04269460172645e+00	2.12350719431646e+00
2.11309130868541e-01	4.53153893520000e-01	1.13446401380101e+00	5.00000000000754e-01	1.04150666666666e+02	1.04498347637407e+00	2.11471073488641e+00
2.53570957038257e-01	5.43784672220000e-01	1.13446401380422e+00	5.99999999995592e-01	1.05250666666666e+02	1.04635979315564e+00	2.12518271039838e+00
2.95832783217977e-01	6.34415450930000e-01	1.13446401379960e+00	7.00000000003721e-01	1.06760000000000e+02	1.03493037988258e+00	2.11821884668292e+00
3.38094609387702e-01	7.25046229630000e-01	1.13446401380218e+00	7.99999999998563e-01	1.09459999999999e+02	1.04772114997220e+00	2.11324465831473e+00
3.80356435567432e-01	8.15677008330000e-01	1.13446401379410e+00	8.99999999997634e-01	1.11288571428571e+02	1.04937048611533e+00	2.11592548404580e+00
4.22618261737168e-01	9.06307787040000e-01	1.13446401380093e+00	1.00000000000154e+00	1.12675714285714e+02	1.06122999838263e+00	2.09441006235821e+00
4.64880087906911e-01	9.96938565740000e-01	1.13446401380267e+00	1.09999999999639e+00	1.15027142857142e+02	1.06426687128110e+00	2.09088699059669e+00
5.07141914086662e-01	1.08756934440000e+00	1.13446401378247e+00	1.19999999995922e+00	1.18354999999999e+02	1.05757789692283e+00	2.10631221052581e+00
5.49403740256419e-01	1.17820012310000e+00	1.13446401378535e+00	1.29999999995408e+00	1.20815384615384e+02	1.05662232915737e+00	2.09638477774047e+00
5.91665566436185e-01	1.26883090190000e+00	1.13446401381153e+00	1.40000000004379e+00	1.22615384615384e+02	1.07285389120091e+00	2.09858389259798e+00
6.33927392605960e-01	1.35946168060000e+00	1.13446401381207e+00	1.50000000003866e+00	1.26769230769230e+02	1.07171506386399e+00	2.08325292044846e+00
6.76189218785744e-01	1.45009245930000e+00	1.13446401380688e+00	1.60000000003775e+00	1.30057692307691e+02	1.07352147963980e+00	2.08350424786075e+00
7.18451044955537e-01	1.54072323800000e+00	1.13446401380763e+00	1.70000000003262e+00	1.32332500000000e+02	1.06151274172146e+00	2.10025940867990e+00
7.60712871125340e-01	1.63135401670000e+00	1.13446401380829e+00	1.80000000002750e+00	1.34489999999999e+02	1.06259135519919e+00	2.11816648680536e+00
8.02974697305154e-01	1.72198479540000e+00	1.13446401380411e+00	1.90000000002660e+00	1.39076666666666e+02	1.07562896471159e+00	2.08591280222850e+00
8.45236523474977e-01	1.81261557410000e+00	1.13446401380487e+00	2.00000000002148e+00	1.42487499999999e+02	1.08110057191659e+00	2.08798101739212e+00
8.87498349654812e-01	1.90324635280000e+00	1.13446401380123e+00	2.10000000002060e+00	1.44590909090909e+02	1.08542026181527e+00	2.06952416055228e+00
9.29760175824658e-01	1.99387713150000e+00	1.13446401380205e+00	2.20000000001549e+00	1.47761818181818e+02	1.07630964311986e+00	2.07774466132917e+00
9.72022001994514e-01	2.08450791020000e+00	1.13446401380278e+00	2.30000000001039e+00	1.54249090909090e+02	1.07612114756065e+00	2.08240469043199e+00
1.01428382819438e+00	2.17513868890000e+00	1.13446401379213e+00	2.40000000001797e+00	1.57349090909090e+02	1.07630964311986e+00	2.07643566439017e+00
1.05654565439426e+00	2.26576946760000e+00	1.13446401378232e+00	2.50000000002556e+00	1.59435999999999e+02	1.09201760638781e+00	2.08067681447252e+00
1.09880748049415e+00	2.35640024630000e+00	1.13446401380812e+00	2.59999999999088e+00	1.64887999999999e+02	1.08510610254991e+00	2.09135822949473e+00
1.14106930669405e+00	2.44703102500000e+00	1.13446401379844e+00	2.69999999999848e+00	1.66437999999999e+02	1.09374548234729e+00	2.07125203651175e+00
1.18333113289397e+00	2.53766180370000e+00	1.13446401378944e+00	2.80000000000608e+00	1.78577777777777e+02	1.08640200951952e+00	2.08091243392154e+00
1.22559295899390e+00	2.62829258240000e+00	1.13446401381231e+00	2.89999999997143e+00	1.72498999999999e+02	1.10306554055294e+00	2.03763699511834e+00
3.42020143326888e-02	9.39692620790000e-02	1.22173047639628e+00	1.00000000000426e-01	1.01439375000000e+02	1.13387932849690e+00	2.02768861838197e+00
6.84040286643785e-02	1.87938524160000e-01	1.22173047640440e+00	2.00000000002390e-01	1.01833750000000e+02	1.13806437871043e+00	2.01870889938046e+00
1.02606042999069e-01	2.81907786240000e-01	1.22173047639656e+00	3.00000000004441e-01	1.02533750000000e+02	1.16694459117593e+00	2.00569746980684e+00
1.36808057328763e-01	3.75877048310000e-01	1.22173047639583e+00	3.99999999995385e-01	1.03333749999999e+02	1.13793721900778e+00	2.02287150964647e+00
1.71010071658459e-01	4.69846310390000e-01	1.22173047640223e+00	4.99999999995728e-01	1.04050666666666e+02	1.13939282360395e+00	2.02585602266738e+00
2.05212085998159e-01	5.63815572470000e-01	1.22173047639083e+00	5.99999999999491e-01	1.04850666666666e+02	1.14410521258433e+00	2.03093493079068e+00
2.39414100327863e-01	6.57784834550000e-01	1.22173047639611e+00	6.99999999999836e-01	1.06160000000000e+02	1.14259724811061e+00	2.02161487258503e+00
2.73616114657573e-01	7.51754096630000e-01	1.22173047640005e+00	8.00000000000183e-01	1.08659999999999e+02	1.12244617523258e+00	1.99595853258072e+00
3.07818128987288e-01	8.45723358710000e-01	1.22173047640312e+00	9.00000000000532e-01	1.10555999999999e+02	1.14493100265327e+00	2.01696531545772e+00
3.42020143327009e-01	9.39692620790000e-01	1.22173047639617e+00	1.00000000000430e+00	1.12075714285714e+02	1.13484798623175e+00	2.00999097976675e+00
3.76222157656738e-01	1.03366188290000e+00	1.22173047640835e+00	1.10000000003285e+00	1.13727142857142e+02	1.13229980552384e+00	2.02891907550463e+00
4.10424171986474e-01	1.12763114490000e+00	1.22173047638714e+00	1.19999999995803e+00	1.16954999999999e+02	1.14451361962930e+00	2.00155355949711e+00
4.44626186316218e-01	1.22160040700000e+00	1.22173047639550e+00	1.29999999997718e+00	1.19915384615384e+02	1.15374990203085e+00	2.00957210074627e+00
4.78828200655970e-01	1.31556966910000e+00	1.22173047639594e+00	1.39999999999976e+00	1.21515384615384e+02	1.14511052223348e+00	2.01297549278766e+00
5.13030214985733e-01	1.40953893120000e+00	1.22173047640259e+00	1.50000000001892e+00	1.23269230769230e+02	1.15537305823521e+00	2.01894451882948e+00
5.47232229315504e-01	1.50350819330000e+00	1.22173047640839e+00	1.60000000003808e+00	1.27657692307692e+02	1.15098530049569e+00	2.01226863444060e+00
5.81434243645286e-01	1.59747745530000e+00	1.22173047639340e+00	1.69999999996327e+00	1.30532500000000e+02	1.15410333120438e+00	2.01643124470661e+00
6.15636257985078e-01	1.69144671740000e+00	1.22173047639384e+00	1.79999999998586e+00	1.32490000000000e+02	1.16207512256286e+00	2.02653670107566e+00
6.49838272314881e-01	1.78541597950000e+00	1.22173047639917e+00	1.90000000000504e+00	1.34376666666666e+02	1.16216937034247e+00	1.99924673289147e+00
6.84040286644695e-01	1.87938524160000e+00	1.22173047640397e+00	2.00000000002421e+00	1.39787499999999e+02	1.16851538750272e+00	1.98195226533346e+00
7.18242300974520e-01	1.97335450370000e+00	1.22173047640831e+00	2.10000000004339e+00	1.42890909090909e+02	1.16435277723672e+00	1.98443935951755e+00
7.52444315314357e-01	2.06732376570000e+00	1.22173047639243e+00	2.19999999997203e+00	1.44961818181818e+02	1.17187689164206e+00	1.97863788508392e+00
7.86646329644206e-01	2.16129302780000e+00	1.22173047639688e+00	2.29999999999122e+00	1.47161818181818e+02	1.16647335227789e+00	1.97653301800602e+00
8.20848343974066e-01	2.25526228990000e+00	1.22173047640095e+00	2.40000000001041e+00	1.52849090909090e+02	1.17508131614873e+00	1.98435558371346e+00
8.55050358303939e-01	2.34923155200000e+00	1.22173047640470e+00	2.50000000002960e+00	1.57636000000000e+02	1.17440587372820e+00	1.98674319413019e+00
8.89252372643824e-01	2.44320081400000e+00	1.22173047639138e+00	2.59999999995826e+00	1.60287999999999e+02	1.17851612411665e+00	1.99145558311057e+00
9.23454386973721e-01	2.53717007610000e+00	1.22173047639519e+00	2.69999999997746e+00	1.58438000000000e+02	1.20660719842750e+00	1.94448877293940e+00
9.57656401303630e-01	2.63113933820000e+00	1.22173047639873e+00	2.79999999999667e+00	1.73649999999999e+02	1.15689149468444e+00	2.00904850197067e+00
9.91858415633551e-01	2.72510860030000e+00	1.22173047640202e+00	2.90000000001588e+00	1.65049999999999e+02	1.21029856979547e+00	1.96192461216683e+00
1.09446445859339e+00	3.00701638650000e+00	1.22173047640875e+00	3.19999999996932e+00	1.96222222222220e+02	1.17106793153377e+00	1.98988478678378e+00
2.58819045096746e-02	9.65925826290000e-02	1.30899693900157e+00	9.99999999999405e-02	1.01439375000000e+02	1.22097998481767e+00	1.94724888648506e+00
5.17638090203500e-02	1.93185165260000e-01	1.30899693899932e+00	2.00000000002072e-01	1.01933750000000e+02	1.22729458605139e+00	1.92862373003877e+00
7.76457135300270e-02	2.89777747890000e-01	1.30899693900092e+00	3.00000000002979e-01	1.02633749999999e+02	1.24941139833266e+00	1.93239364122308e+00
1.03527618038706e-01	3.86370330520000e-01	1.30899693900414e+00	4.00000000003628e-01	1.03133749999999e+02	1.23173993965622e+00	1.94548361061304e+00
1.29409522548389e-01	4.82962913140000e-01	1.30899693899895e+00	4.99999999994877e-01	1.03850666666666e+02	1.22700137073705e+00	1.93749872928517e+00
1.55291427058075e-01	5.79555495770000e-01	1.30899693899980e+00	5.99999999995787e-01	1.04550666666666e+02	1.21914738910308e+00	1.94898125043404e+00
1.81173331567766e-01	6.76148078400000e-01	1.30899693900040e+00	6.99999999996697e-01	1.05560000000000e+02	1.21893794959284e+00	1.92282923692215e+00
2.07055236077462e-01	7.72740661030000e-01	1.30899693900084e+00	7.99999999997609e-01	1.07556000000000e+02	1.22795880849815e+00	1.93223656159040e+00
2.32937140587164e-01	8.69333243660000e-01	1.30899693900118e+00	8.99999999998523e-01	1.10255999999999e+02	1.23219547059099e+00	1.95836414049276e+00
2.58819045096872e-01	9.65925826290000e-01	1.30899693900144e+00	9.99999999999438e-01	1.11775714285714e+02	1.23473567265089e+00	1.93124172391677e+00
2.84700949606589e-01	1.06251840890000e+00	1.30899693899695e+00	1.09999999998104e+00	1.12827142857143e+02	1.23768278575926e+00	1.92155514656820e+00
3.10582854116313e-01	1.15911099150000e+00	1.30899693899104e+00	1.19999999995298e+00	1.15255000000000e+02	1.22840199746178e+00	1.91354408530154e+00
3.36464758626045e-01	1.25570357420000e+00	1.30899693900594e+00	1.30000000002151e+00	1.18792857142856e+02	1.23621670918758e+00	1.92045558913944e+00
3.62346663135787e-01	1.35229615680000e+00	1.30899693900022e+00	1.39999999999346e+00	1.20715384615384e+02	1.24030077963725e+00	1.92088755812931e+00
3.88228567645538e-01	1.44888873940000e+00	1.30899693899526e+00	1.49999999996541e+00	1.22169230769230e+02	1.24045785926993e+00	1.92061266877212e+00
4.14110472155299e-01	1.54548132210000e+00	1.30899693900708e+00	1.60000000003395e+00	1.25257692307692e+02	1.24548440751567e+00	1.91213036860743e+00
4.39992376665071e-01	1.64207390470000e+00	1.30899693900229e+00	1.70000000000591e+00	1.29222307692307e+02	1.24820712114878e+00	1.90946001485188e+00
4.65874281174853e-01	1.73866648730000e+00	1.30899693899802e+00	1.79999999997786e+00	1.31590000000000e+02	1.24079445848281e+00	1.91658095820001e+00
4.91756185684647e-01	1.83525906990000e+00	1.30899693899420e+00	1.89999999994982e+00	1.32476666666666e+02	1.24850819044475e+00	1.90824825768549e+00
5.17638090204452e-01	1.93185165260000e+00	1.30899693899886e+00	2.00000000002097e+00	1.37887499999999e+02	1.24234281486208e+00	1.93757726910150e+00
5.43519994714270e-01	2.02844423520000e+00	1.30899693899535e+00	2.09999999999293e+00	1.40649999999999e+02	1.26187304919190e+00	1.90459054623881e+00
5.69401899224099e-01	2.12503681780000e+00	1.30899693899215e+00	2.19999999996490e+00	1.43961818181818e+02	1.25695122070128e+00	1.90009806874418e+00
5.95283803733941e-01	2.22162940050000e+00	1.30899693900048e+00	2.30000000003347e+00	1.43861818181818e+02	1.27242356452021e+00	1.88663110823579e+00
6.21165708243795e-01	2.31822198310000e+00	1.30899693899733e+00	2.40000000000544e+00	1.44749090909090e+02	1.28040844584808e+00	1.86474467941578e+00
6.47047612753662e-01	2.41481456570000e+00	1.30899693899442e+00	2.49999999997742e+00	1.58536000000000e+02	1.23920122220849e+00	1.95501310832893e+00
6.72929517263542e-01	2.51140714840000e+00	1.30899693900169e+00	2.60000000004599e+00	1.58188000000000e+02	1.25531759252141e+00	1.88715470701139e+00
6.98811421773434e-01	2.60799973100000e+00	1.30899693899882e+00	2.70000000001798e+00	1.61437999999999e+02	1.25765807904833e+00	1.91699983722049e+00
7.76457135303187e-01	2.89777747890000e+00	1.30899693899999e+00	3.00000000003055e+00	2.03937499999999e+02	1.15301686374501e+00	1.99381177760076e+00
8.54102848833051e-01	3.18755522680000e+00	1.30899693900090e+00	3.30000000004314e+00	1.80255555555555e+02	1.31569900332341e+00	1.84034497647290e+00
1.73648177666629e-02	9.84807753010000e-02	1.39626340159538e+00	9.99999999997773e-02	1.01333750000000e+02	1.30112201341075e+00	1.86432580039530e+00
3.47296355323266e-02	1.96961550600000e-01	1.39626340159856e+00	1.99999999997412e-01	1.02233750000000e+02	1.29483882810357e+00	1.86186488614999e+00
5.20944532989919e-02	2.95442325900000e-01	1.39626340159691e+00	2.99999999996204e-01	1.02333750000000e+02	1.30287083332125e+00	1.85908981263932e+00
6.94592710656596e-02	3.93923101200000e-01	1.39626340159608e+00	3.99999999994998e-01	1.03133749999999e+02	1.30627422536264e+00	1.85385382488334e+00
8.68240888313306e-02	4.92403876510000e-01	1.39626340160102e+00	5.00000000003466e-01	1.03750666666666e+02	1.30292319319881e+00	1.84668052165764e+00
1.04188906598006e-01	5.90884651810000e-01	1.39626340159977e+00	6.00000000002261e-01	1.04450666666666e+02	1.30018738959631e+00	1.86861931035521e+00
1.21553724367685e-01	6.89365427110000e-01	1.39626340159465e+00	7.00000000001577e-01	1.05160000000000e+02	1.28569679348162e+00	1.83119945119245e+00
1.38918542127370e-01	7.87846202410000e-01	1.39626340160312e+00	7.99999999999158e-01	1.06656000000000e+02	1.30201063533276e+00	1.85228302855654e+00
1.56283359897062e-01	8.86326977710000e-01	1.39626340159875e+00	8.99999999998476e-01	1.10155999999999e+02	1.29873440299402e+00	1.86539917788528e+00
1.73648177666760e-01	9.84807753010000e-01	1.39626340159525e+00	9.99999999997796e-01	1.11275714285714e+02	1.31327548899064e+00	1.84989541813981e+00
1.91012995426466e-01	1.08328852830000e+00	1.39626340159975e+00	1.09999999998553e+00	1.12327142857143e+02	1.30512230805632e+00	1.83706874413416e+00
2.08377813196180e-01	1.18176930360000e+00	1.39626340159674e+00	1.19999999998485e+00	1.13755000000000e+02	1.32044280823033e+00	1.83500426896180e+00
2.25742630965902e-01	1.28025007890000e+00	1.39626340159418e+00	1.29999999998418e+00	1.18592857142856e+02	1.31650185477932e+00	1.82893052316486e+00
2.43107448725635e-01	1.37873085420000e+00	1.39626340159902e+00	1.39999999998177e+00	1.20269230769230e+02	1.32423366336566e+00	1.83584202700276e+00
2.60472266495377e-01	1.47721162950000e+00	1.39626340159664e+00	1.49999999998109e+00	1.21569230769230e+02	1.31876205616066e+00	1.83584202700276e+00
2.77837084265129e-01	1.57569240480000e+00	1.39626340159455e+00	1.59999999998042e+00	1.23157692307692e+02	1.32140622997743e+00	1.82872108365462e+00
2.95201902024893e-01	1.67417318010000e+00	1.39626340159849e+00	1.69999999997802e+00	1.28922307692307e+02	1.31889295585456e+00	1.83288369392063e+00
3.12566719794668e-01	1.77265395540000e+00	1.39626340159652e+00	1.79999999997735e+00	1.30990000000000e+02	1.31507068479269e+00	1.91919895207800e+00
3.29931537564454e-01	1.87113473070000e+00	1.39626340159475e+00	1.89999999997669e+00	1.32076666666666e+02	1.33585232019618e+00	1.84867019700491e+00
3.47296355324252e-01	1.96961550600000e+00	1.39626340159808e+00	1.99999999997429e+00	1.33687499999999e+02	1.33694402364331e+00	1.83311931336964e+00
3.64661173094063e-01	2.06809628130000e+00	1.39626340159639e+00	2.09999999997363e+00	1.40749999999999e+02	1.33910386859265e+00	1.82212373908208e+00
3.82025990863887e-01	2.16657705660000e+00	1.39626340159485e+00	2.19999999997297e+00	1.43361818181818e+02	1.32424413534117e+00	1.83500426896180e+00
3.99390808623723e-01	2.26505783190000e+00	1.39626340159772e+00	2.29999999997057e+00	1.44649090909090e+02	1.33140696659135e+00	1.84285825059577e+00
4.16755626393572e-01	2.36353860720000e+00	1.39626340159624e+00	2.39999999996992e+00	1.46449090909090e+02	1.34062230504188e+00	1.83670072899474e+00
4.34120444163434e-01	2.46201938250000e+00	1.39626340159488e+00	2.49999999996927e+00	1.54450909090908e+02	1.32779413503973e+00	1.81214918240693e+00
4.51485261923309e-01	2.56050015780000e+00	1.39626340159740e+00	2.59999999996688e+00	1.57988000000000e+02	1.34606773230811e+00	1.82143258869829e+00
4.68850079693198e-01	2.65898093310000e+00	1.39626340159608e+00	2.69999999996623e+00	1.59837999999999e+02	1.34220058135119e+00	1.80945264871260e+00
5.03579715223014e-01	2.85594248370000e+00	1.39626340159711e+00	2.89999999996321e+00	1.73449999999999e+02	1.33635497502076e+00	1.82133834091868e+00
5.55674168522835e-01	3.15138480960000e+00	1.39626340159683e+00	3.19999999995956e+00	1.95622222222221e+02	1.35759999534066e+00	1.77950279874838e+00
5.73038986292801e-01	3.24986558490000e+00	1.39626340159575e+00	3.29999999995892e+00	2.01462499999999e+02	1.36898041472829e+00	1.77751312340111e+00
5.90403804062779e-01	3.34834636020000e+00	1.39626340159473e+00	3.39999999995829e+00	2.05252499999999e+02	1.35198439847237e+00	1.78277529109587e+00
8.71557427445373e-03	9.96194698090000e-02	1.48352986419814e+00	9.99999999997989e-02	9.98337499999997e+01	1.36690696357692e+00	1.81081400552916e+00
1.74311485493083e-02	1.99238939620000e-01	1.48352986419701e+00	2.00000000001625e-01	1.01233750000000e+02	1.37809103342370e+00	1.82652196879711e+00
2.61467228229645e-02	2.98858409430000e-01	1.48352986420033e+00	3.00000000002351e-01	1.02333750000000e+02	1.35999545973902e+00	1.79950427197623e+00
3.48622970976232e-02	3.98477879240000e-01	1.48352986419949e+00	4.00000000003164e-01	1.03109999999999e+02	1.37230003096558e+00	1.80316946340542e+00
4.35778713722852e-02	4.98097349050000e-01	1.48352986419898e+00	5.00000000003977e-01	1.03650666666666e+02	1.36491728822965e+00	1.82023878348993e+00
5.22934456469513e-02	5.97716818860000e-01	1.48352986419863e+00	6.00000000004791e-01	1.04260000000000e+02	1.36928559801464e+00	1.78992241438278e+00
6.10090199206222e-02	6.97336288660000e-01	1.48352986419855e+00	6.99999999995556e-01	1.04760000000000e+02	1.36934169788345e+00	1.81191356295791e+00
6.97245941952988e-02	7.96955758470000e-01	1.48352986419833e+00	7.99999999996370e-01	1.05556000000000e+02	1.36978675684271e+00	1.78316799017757e+00
7.84401684699817e-02	8.96575228280000e-01	1.48352986419815e+00	8.99999999997185e-01	1.10043999999999e+02	1.37114811365927e+00	1.79596998024095e+00
8.71557427446718e-02	9.96194698090000e-01	1.48352986419800e+00	9.99999999998001e-01	1.11475714285714e+02	1.37832141688496e+00	1.80186046646643e+00
9.58713170183695e-02	1.09581416790000e+00	1.48352986419878e+00	1.09999999999873e+00	1.12227142857143e+02	1.38298144598779e+00	1.79196444960762e+00
1.04586891296076e-01	1.19543363770000e+00	1.48352986419537e+00	1.19999999998985e+00	1.13155000000000e+02	1.38717023619257e+00	1.78222551238149e+00
1.13302465565791e-01	1.29505310750000e+00	1.48352986419861e+00	1.29999999998027e+00	1.18092857142857e+02	1.37915917492592e+00	1.78704262111699e+00
1.22018039845516e-01	1.39467257730000e+00	1.48352986419427e+00	1.39999999997156e+00	1.20269230769230e+02	1.39536081703943e+00	1.79165029034226e+00
1.30733614115251e-01	1.49429204710000e+00	1.48352986419714e+00	1.49999999996198e+00	1.21057692307692e+02	1.39917112012929e+00	1.78615250319848e+00
1.39449188394997e-01	1.59391151690000e+00	1.48352986419341e+00	1.59999999995328e+00	1.22022307692307e+02	1.38434280280434e+00	1.77594232707431e+00
1.48164762664754e-01	1.69353098680000e+00	1.48352986420111e+00	1.70000000004332e+00	1.28622307692307e+02	1.38143682959977e+00	1.76510383241943e+00
1.56880336944523e-01	1.79315045660000e+00	1.48352986419757e+00	1.80000000003462e+00	1.30790000000000e+02	1.40170010221543e+00	1.75688333164253e+00
1.65595911219819e-01	1.89276992640000e+00	1.48352986419674e+00	1.90000000002552e+00	1.31576666666666e+02	1.40009564596734e+00	1.75604557360157e+00
1.74311485494096e-01	1.99238939620000e+00	1.48352986419651e+00	2.00000000001634e+00	1.32387500000000e+02	1.39977587671510e+00	1.77264365478804e+00
1.83027059763902e-01	2.09200886600000e+00	1.48352986419842e+00	2.10000000000677e+00	1.40749999999999e+02	1.39800873084746e+00	1.78481732632070e+00
1.91742634033720e-01	2.19162833580000e+00	1.48352986420015e+00	2.19999999999720e+00	1.43361818181818e+02	1.41600556876302e+00	1.73987684341110e+00
2.00458208313552e-01	2.29124780560000e+00	1.48352986419739e+00	2.29999999998850e+00	1.44249090909090e+02	1.40869014586966e+00	1.74861047098808e+00
2.09173782583397e-01	2.39086727540000e+00	1.48352986419901e+00	2.39999999997893e+00	1.45149090909090e+02	1.40855051952950e+00	1.72897551690314e+00
2.17889356863255e-01	2.49048674520000e+00	1.48352986419650e+00	2.49999999997023e+00	1.56050909090908e+02	1.41609532855313e+00	1.74326976347698e+00
2.26604931133127e-01	2.59010621500000e+00	1.48352986419802e+00	2.59999999996067e+00	1.58287999999999e+02	1.42339279948846e+00	1.74504999931401e+00
2.35320505413013e-01	2.68972568480000e+00	1.48352986419573e+00	2.69999999995198e+00	1.59637999999999e+02	1.43454545340871e+00	1.74028525045607e+00
-3.52794925651250e-13	1.00000000000000e-01	1.57079632679842e+00	1.00000000000000e-01	9.82337499999997e+01	1.40319235872588e+00	1.76222403915363e+00
-7.04743636615566e-13	2.00000000000000e-01	1.57079632679842e+00	2.00000000000000e-01	9.82337499999997e+01	1.36910607843443e+00	1.86971886778397e+00
-1.05500330013302e-12	3.00000000000000e-01	1.57079632679841e+00	3.00000000000000e-01	9.89337499999997e+01	1.39511846560616e+00	1.75167352382533e+00
-1.40273782838036e-12	4.00000000000000e-01	1.57079632679840e+00	4.00000000000000e-01	1.03209999999999e+02	1.40502495444048e+00	1.74703967466128e+00
-1.74712120378198e-12	5.00000000000000e-01	1.57079632679839e+00	5.00000000000000e-01	1.03750666666666e+02	1.40928704847385e+00	1.75420250591147e+00
-2.08734074811175e-12	6.00000000000000e-01	1.57079632679838e+00	6.00000000000000e-01	1.04260000000000e+02	1.41018240238012e+00	1.74986710804951e+00
-2.42260031727845e-12	7.00000000000000e-01	1.57079632679836e+00	7.00000000000000e-01	1.04760000000000e+02	1.41162229901301e+00	1.74279852457894e+00
-2.75212340421971e-12	8.00000000000000e-01	1.57079632679834e+00	8.00000000000000e-01	1.05056000000000e+02	1.40905666501258e+00	1.73981401155803e+00
-3.07515613298600e-12	9.00000000000000e-01	1.57079632679831e+00	9.00000000000000e-01	1.05744000000000e+02	1.41497333117684e+00	1.73510162257764e+00
-3.39097012787090e-12	1.00000000000000e+00	1.57079632679829e+00	1.00000000000000e+00	1.11527142857143e+02	1.41924589718573e+00	1.74484055980377e+00
-3.99817213342740e-12	1.20000000000000e+00	1.57079632679823e+00	1.20000000000000e+00	1.12555000000000e+02	1.42082454749415e+00	1.74719675429396e+00
-4.28825466861504e-12	1.30000000000000e+00	1.57079632679820e+00	1.30000000000000e+00	1.12692857142857e+02	1.42497406779077e+00	1.73510162257764e+00
-4.56851215286263e-12	1.40000000000000e+00	1.57079632679816e+00	1.40000000000000e+00	1.20269230769230e+02	1.43005297591407e+00	1.73816467541489e+00
-4.83838136535465e-12	1.50000000000000e+00	1.57079632679812e+00	1.50000000000000e+00	1.20957692307692e+02	1.43087764398564e+00	1.73510162257764e+00
-5.09733839632549e-12	1.60000000000000e+00	1.57079632679808e+00	1.60000000000000e+00	1.21722307692307e+02	1.43555076305786e+00	1.72190693343257e+00
-5.34490027595217e-12	1.70000000000000e+00	1.57079632679804e+00	1.70000000000000e+00	1.21575384615384e+02	1.42848217958728e+00	1.72798067922951e+00
-5.58062638864202e-12	1.80000000000000e+00	1.57079632679800e+00	1.80000000000000e+00	1.30276666666666e+02	1.43280186948596e+00	1.71515250922735e+00
-5.80411966749522e-12	1.90000000000000e+00	1.57079632679795e+00	1.90000000000000e+00	1.31487500000000e+02	1.44654633734542e+00	1.72630516314759e+00
-6.01502756518478e-12	2.00000000000000e+00	1.57079632679790e+00	2.00000000000000e+00	1.31987500000000e+02	1.44107473014042e+00	1.71491688977833e+00
-6.21304279896692e-12	2.10000000000000e+00	1.57079632679786e+00	2.10000000000000e+00	1.31650000000000e+02	1.44251462677331e+00	1.71216799620644e+00
-6.39790386900155e-12	2.20000000000000e+00	1.57079632679780e+00	2.20000000000000e+00	1.43261818181818e+02	1.44544677991666e+00	1.69551755514241e+00
-6.56939535061272e-12	2.30000000000000e+00	1.57079632679775e+00	2.30000000000000e+00	1.44149090909090e+02	1.45178232510140e+00	1.70789543019756e+00