r	y_f	p_y_max	p_x_f	p_y_f	gama_f	w0=15.000000|lambda=1|E0=30.000000|time=100|kdamp=0.0000000000e+00|px=-2000
-25.000000	-5.0000010739e+01	5.1312913560e-01	-2.0000000000e+03	-2.8682010442e-04	2.0000002500e+03
-24.900000	-4.9900011180e+01	5.2464457470e-01	-2.0000000000e+03	-2.9861507371e-04	2.0000002500e+03
-24.800000	-4.9800011638e+01	5.3637044649e-01	-2.0000000000e+03	-3.1083484329e-04	2.0000002500e+03
-24.700000	-4.9700012112e+01	5.4830933655e-01	-2.0000000000e+03	-3.2349192580e-04	2.0000002500e+03
-24.600000	-4.9600012602e+01	5.6046383054e-01	-2.0000000000e+03	-3.3659907233e-04	2.0000002500e+03
-24.500000	-4.9500013111e+01	5.7283651334e-01	-2.0000000000e+03	-3.5016928395e-04	2.0000002500e+03
-24.400000	-4.9400013637e+01	5.8542996799e-01	-2.0000000000e+03	-3.6421580678e-04	2.0000002500e+03
-24.300000	-4.9300014181e+01	5.9824677483e-01	-2.0000000000e+03	-3.7875212693e-04	2.0000002500e+03
-24.200000	-4.9200014744e+01	6.1128951045e-01	-2.0000000000e+03	-3.9379197323e-04	2.0000002500e+03
-24.100000	-4.9100015326e+01	6.2456074671e-01	-2.0000000000e+03	-4.0934931729e-04	2.0000002500e+03
-24.000000	-4.9000015929e+01	6.3806304971e-01	-2.0000000000e+03	-4.2543836193e-04	2.0000002500e+03
-23.900000	-4.8900016552e+01	6.5179897872e-01	-2.0000000000e+03	-4.4207355382e-04	2.0000002500e+03
-23.800000	-4.8800017195e+01	6.6577108514e-01	-2.0000000000e+03	-4.5926956415e-04	2.0000002500e+03
-23.700000	-4.8700017861e+01	6.7998191143e-01	-2.0000000000e+03	-4.7704129900e-04	2.0000002500e+03
-23.600000	-4.8600018548e+01	6.9443398995e-01	-2.0000000000e+03	-4.9540388810e-04	2.0000002500e+03
-23.500000	-4.8500019259e+01	7.0912984188e-01	-2.0000000000e+03	-5.1437268284e-04	2.0000002500e+03
-23.400000	-4.8400019992e+01	7.2407197608e-01	-2.0000000000e+03	-5.3396324903e-04	2.0000002500e+03
-23.300000	-4.8300020749e+01	7.3926288791e-01	-2.0000000000e+03	-5.5419137416e-04	2.0000002500e+03
-23.200000	-4.8200021531e+01	7.5470505803e-01	-2.0000000000e+03	-5.7507304076e-04	2.0000002500e+03
-23.100000	-4.8100022338e+01	7.7040095126e-01	-2.0000000000e+03	-5.9662443923e-04	2.0000002500e+03
-23.000000	-4.8000023171e+01	7.8635301532e-01	-2.0000000000e+03	-6.1886196059e-04	2.0000002500e+03
-22.900000	-4.7900024030e+01	8.0256367960e-01	-2.0000000000e+03	-6.4180217108e-04	2.0000002500e+03
-22.800000	-4.7800024916e+01	8.1903535392e-01	-2.0000000000e+03	-6.6546183002e-04	2.0000002500e+03
-22.700000	-4.7700025829e+01	8.3577042728e-01	-2.0000000000e+03	-6.8985786551e-04	2.0000002500e+03
-22.600000	-4.7600026771e+01	8.5277126653e-01	-2.0000000000e+03	-7.1500737402e-04	2.0000002500e+03
-22.500000	-4.7500027741e+01	8.7004021509e-01	-2.0000000000e+03	-7.4092760496e-04	2.0000002500e+03
-22.400000	-4.7400028741e+01	8.8757959167e-01	-2.0000000000e+03	-7.6763596127e-04	2.0000002500e+03
-22.300000	-4.7300029772e+01	9.0539168886e-01	-2.0000000000e+03	-7.9514997847e-04	2.0000002500e+03
-22.200000	-4.7200030833e+01	9.2347877187e-01	-2.0000000000e+03	-8.2348732238e-04	2.0000002500e+03
-22.100000	-4.7100031925e+01	9.4184307708e-01	-2.0000000000e+03	-8.5266577663e-04	2.0000002500e+03
-22.000000	-4.7000033050e+01	9.6048681075e-01	-2.0000000000e+03	-8.8270322944e-04	2.0000002500e+03
-21.900000	-4.6900034207e+01	9.7941214755e-01	-2.0000000000e+03	-9.1361766535e-04	2.0000002500e+03
-21.800000	-4.6800035399e+01	9.9862122922e-01	-2.0000000000e+03	-9.4542714510e-04	2.0000002500e+03
-21.700000	-4.6700036624e+01	1.0181161631e+00	-2.0000000000e+03	-9.7814980252e-04	2.0000002500e+03
-21.600000	-4.6600037884e+01	1.0378990207e+00	-2.0000000000e+03	-1.0118038213e-03	2.0000002500e+03
-21.500000	-4.6500039180e+01	1.0579718364e+00	-2.0000000000e+03	-1.0464074303e-03	2.0000002500e+03
-21.400000	-4.6400040512e+01	1.0783366058e+00	-2.0000000000e+03	-1.0819788789e-03	2.0000002500e+03
-21.300000	-4.6300041880e+01	1.0989952842e+00	-2.0000000000e+03	-1.1185364289e-03	2.0000002500e+03
-21.200000	-4.6200043287e+01	1.1199497856e+00	-2.0000000000e+03	-1.1560983338e-03	2.0000002500e+03
-21.100000	-4.6100044732e+01	1.1412019804e+00	-2.0000000000e+03	-1.1946828246e-03	2.0000002500e+03
-21.000000	-4.6000046215e+01	1.1627536950e+00	-2.0000000000e+03	-1.2343080911e-03	2.0000002500e+03
-20.900000	-4.5900047739e+01	1.1846067090e+00	-2.0000000000e+03	-1.2749922684e-03	2.0000002500e+03
-20.800000	-4.5800049303e+01	1.2067627550e+00	-2.0000000000e+03	-1.3167534038e-03	2.0000002500e+03
-20.700000	-4.5700050907e+01	1.2292235160e+00	-2.0000000000e+03	-1.3596094608e-03	2.0000002500e+03
-20.600000	-4.5600052554e+01	1.2519906246e+00	-2.0000000000e+03	-1.4035782767e-03	2.0000002500e+03
-20.500000	-4.5500054242e+01	1.2750656612e+00	-2.0000000000e+03	-1.4486775572e-03	2.0000002500e+03
-20.400000	-4.5400055974e+01	1.2984501522e+00	-2.0000000000e+03	-1.4949248465e-03	2.0000002500e+03
-20.300000	-4.5300057749e+01	1.3221455691e+00	-2.0000000000e+03	-1.5423375111e-03	2.0000002500e+03
-20.200000	-4.5200059569e+01	1.3461533263e+00	-2.0000000000e+03	-1.5909327173e-03	2.0000002500e+03
-20.100000	-4.5100061434e+01	1.3704747802e+00	-2.0000000000e+03	-1.6407274002e-03	2.0000002500e+03
-20.000000	-4.5000063344e+01	1.3951112269e+00	-2.0000000000e+03	-1.6917382469e-03	2.0000002500e+03
-19.900000	-4.4900065300e+01	1.4200639014e+00	-2.0000000000e+03	-1.7439816764e-03	2.0000002500e+03
-19.800000	-4.4800067303e+01	1.4453339754e+00	-2.0000000000e+03	-1.7974738148e-03	2.0000002500e+03
-19.700000	-4.4700069353e+01	1.4709225565e+00	-2.0000000000e+03	-1.8522304455e-03	2.0000002500e+03
-19.600000	-4.4600071452e+01	1.4968306857e+00	-2.0000000000e+03	-1.9082670241e-03	2.0000002500e+03
-19.500000	-4.4500073598e+01	1.5230593368e+00	-2.0000000000e+03	-1.9655986233e-03	2.0000002500e+03
-19.400000	-4.4400075794e+01	1.5496094142e+00	-2.0000000000e+03	-2.0242399086e-03	2.0000002500e+03
-19.300000	-4.4300078040e+01	1.5764817518e+00	-2.0000000000e+03	-2.0842051210e-03	2.0000002500e+03
-19.200000	-4.4200080335e+01	1.6036771110e+00	-2.0000000000e+03	-2.1455080477e-03	2.0000002500e+03
-19.100000	-4.4100082681e+01	1.6311961798e+00	-2.0000000000e+03	-2.2081619821e-03	2.0000002500e+03
-19.000000	-4.4000085079e+01	1.6590395705e+00	-2.0000000000e+03	-2.2721797065e-03	2.0000002500e+03
-18.900000	-4.3900087527e+01	1.6872078190e+00	-2.0000000000e+03	-2.3375734589e-03	2.0000002500e+03
-18.800000	-4.3800090028e+01	1.7157013826e+00	-2.0000000000e+03	-2.4043549036e-03	2.0000002500e+03
-18.700000	-4.3700092581e+01	1.7445206391e+00	-2.0000000000e+03	-2.4725351011e-03	2.0000002500e+03
-18.600000	-4.3600095187e+01	1.7736658849e+00	-2.0000000000e+03	-2.5421244699e-03	2.0000002500e+03
-18.500000	-4.3500097846e+01	1.8031373337e+00	-2.0000000000e+03	-2.6131327788e-03	2.0000002500e+03
-18.400000	-4.3400100558e+01	1.8329351148e+00	-2.0000000000e+03	-2.6855690873e-03	2.0000002500e+03
-18.300000	-4.3300103325e+01	1.8630592721e+00	-2.0000000000e+03	-2.7594417239e-03	2.0000002500e+03
-18.200000	-4.3200106145e+01	1.8935097625e+00	-2.0000000000e+03	-2.8347582665e-03	2.0000002500e+03
-18.100000	-4.3100109020e+01	1.9242864541e+00	-2.0000000000e+03	-2.9115254997e-03	2.0000002500e+03
-18.000000	-4.3000111949e+01	1.9553891253e+00	-2.0000000000e+03	-2.9897493781e-03	2.0000002500e+03
-17.900000	-4.2900114933e+01	1.9868174632e+00	-2.0000000000e+03	-3.0694349984e-03	2.0000002500e+03
-17.800000	-4.2800117972e+01	2.0185710624e+00	-2.0000000000e+03	-3.1505865742e-03	2.0000002500e+03
-17.700000	-4.2700121066e+01	2.0506494232e+00	-2.0000000000e+03	-3.2332074034e-03	2.0000002500e+03
-17.600000	-4.2600124215e+01	2.0830519508e+00	-2.0000000000e+03	-3.3172998092e-03	2.0000002500e+03
-17.500000	-4.2500127419e+01	2.1157779540e+00	-2.0000000000e+03	-3.4028651436e-03	2.0000002500e+03
-17.400000	-4.2400130678e+01	2.1488266432e+00	-2.0000000000e+03	-3.4899037382e-03	2.0000002500e+03
-17.300000	-4.2300133993e+01	2.1821971302e+00	-2.0000000000e+03	-3.5784148649e-03	2.0000002500e+03
-17.200000	-4.2200137362e+01	2.2158884260e+00	-2.0000000000e+03	-3.6683967149e-03	2.0000002500e+03
-17.100000	-4.2100140787e+01	2.2498994404e+00	-2.0000000000e+03	-3.7598463706e-03	2.0000002500e+03
-17.000000	-4.2000144266e+01	2.2842289801e+00	-2.0000000000e+03	-3.8527597408e-03	2.0000002500e+03
-16.900000	-4.1900147800e+01	2.3188757481e+00	-2.0000000000e+03	-3.9471315817e-03	2.0000002500e+03
-16.800000	-4.1800151388e+01	2.3538383423e+00	-2.0000000000e+03	-4.0429554207e-03	2.0000002500e+03
-16.700000	-4.1700155031e+01	2.3891152546e+00	-2.0000000000e+03	-4.1402235357e-03	2.0000002500e+03
-16.600000	-4.1600158727e+01	2.4247048696e+00	-2.0000000000e+03	-4.2389269575e-03	2.0000002500e+03
-16.500000	-4.1500162477e+01	2.4606054636e+00	-2.0000000000e+03	-4.3390553791e-03	2.0000002500e+03
-16.400000	-4.1400166279e+01	2.4968152041e+00	-2.0000000000e+03	-4.4405971721e-03	2.0000002500e+03
-16.300000	-4.1300170134e+01	2.5333321479e+00	-2.0000000000e+03	-4.5435393565e-03	2.0000002500e+03
-16.200000	-4.1200174041e+01	2.5701542412e+00	-2.0000000000e+03	-4.6478675327e-03	2.0000002500e+03
-16.100000	-4.1100177999e+01	2.6072793179e+00	-2.0000000000e+03	-4.7535659004e-03	2.0000002500e+03
-16.000000	-4.1000182008e+01	2.6447050992e+00	-2.0000000000e+03	-4.8606172110e-03	2.0000002500e+03
-15.900000	-4.0900186067e+01	2.6824291927e+00	-2.0000000000e+03	-4.9690027230e-03	2.0000002500e+03
-15.800000	-4.0800190175e+01	2.7204490915e+00	-2.0000000000e+03	-5.0787022115e-03	2.0000002500e+03
-15.700000	-4.0700194332e+01	2.7587621737e+00	-2.0000000000e+03	-5.1896939204e-03	2.0000002500e+03
-15.600000	-4.0600198536e+01	2.7973657014e+00	-2.0000000000e+03	-5.3019545408e-03	2.0000002500e+03
-15.500000	-4.0500202786e+01	2.8362568202e+00	-2.0000000000e+03	-5.4154591966e-03	2.0000002500e+03
-15.400000	-4.0400207082e+01	2.8754325587e+00	-2.0000000000e+03	-5.5301814100e-03	2.0000002500e+03
-15.300000	-4.0300211423e+01	2.9148898279e+00	-2.0000000000e+03	-5.6460931031e-03	2.0000002500e+03
-15.200000	-4.0200215807e+01	2.9546254205e+00	-2.0000000000e+03	-5.7631645387e-03	2.0000002500e+03
-15.100000	-4.0100220234e+01	2.9946360107e+00	-2.0000000000e+03	-5.8813643377e-03	2.0000002500e+03
-15.000000	-4.0000224701e+01	3.0349181533e+00	-2.0000000000e+03	-6.0006594674e-03	2.0000002500e+03
-14.900000	-3.9900229208e+01	3.0754682840e+00	-2.0000000000e+03	-6.1210151712e-03	2.0000002500e+03
-14.800000	-3.9800233754e+01	3.1162827186e+00	-2.0000000000e+03	-6.2423950346e-03	2.0000002500e+03
-14.700000	-3.9700238336e+01	3.1573576528e+00	-2.0000000000e+03	-6.3647608950e-03	2.0000002500e+03
-14.600000	-3.9600242954e+01	3.1986891621e+00	-2.0000000000e+03	-6.4880728798e-03	2.0000002500e+03
-14.500000	-3.9500247606e+01	3.2402732014e+00	-2.0000000000e+03	-6.6122893850e-03	2.0000002500e+03
-14.400000	-3.9400252290e+01	3.2821056052e+00	-2.0000000000e+03	-6.7373670458e-03	2.0000002500e+03
-14.300000	-3.9300257005e+01	3.3241820871e+00	-2.0000000000e+03	-6.8632607685e-03	2.0000002500e+03
-14.200000	-3.9200261748e+01	3.3664982402e+00	-2.0000000000e+03	-6.9899236868e-03	2.0000002500e+03
-14.100000	-3.9100266519e+01	3.4090495369e+00	-2.0000000000e+03	-7.1173071807e-03	2.0000002500e+03
-14.000000	-3.9000271314e+01	3.4518313290e+00	-2.0000000000e+03	-7.2453608867e-03	2.0000002500e+03
-13.900000	-3.8900276133e+01	3.4948388479e+00	-2.0000000000e+03	-7.3740326602e-03	2.0000002500e+03
-13.800000	-3.8800280973e+01	3.5380672048e+00	-2.0000000000e+03	-7.5032686032e-03	2.0000002500e+03
-13.700000	-3.8700285832e+01	3.5815113910e+00	-2.0000000000e+03	-7.6330130770e-03	2.0000002500e+03
-13.600000	-3.8600290707e+01	3.6251662778e+00	-2.0000000000e+03	-7.7632086752e-03	2.0000002500e+03
-13.500000	-3.8500295598e+01	3.6690266178e+00	-2.0000000000e+03	-7.8937962966e-03	2.0000002500e+03
-13.400000	-3.8400300501e+01	3.7130870442e+00	-2.0000000000e+03	-8.0247150637e-03	2.0000002500e+03
-13.300000	-3.8300305414e+01	3.7573420723e+00	-2.0000000000e+03	-8.1559024256e-03	2.0000002500e+03
-13.200000	-3.8200310334e+01	3.8017860991e+00	-2.0000000000e+03	-8.2872940848e-03	2.0000002500e+03
-13.100000	-3.8100315260e+01	3.8464134048e+00	-2.0000000000e+03	-8.4188241074e-03	2.0000002500e+03
-13.000000	-3.8000320189e+01	3.8912181530e+00	-2.0000000000e+03	-8.5504248698e-03	2.0000002500e+03
-12.900000	-3.7900325117e+01	3.9361943911e+00	-2.0000000000e+03	-8.6820271200e-03	2.0000002500e+03
-12.800000	-3.7800330043e+01	3.9813360521e+00	-2.0000000000e+03	-8.8135599769e-03	2.0000002500e+03
-12.700000	-3.7700334964e+01	4.0266369542e+00	-2.0000000000e+03	-8.9449509732e-03	2.0000002500e+03
-12.600000	-3.7600339876e+01	4.0720908029e+00	-2.0000000000e+03	-9.0761260853e-03	2.0000002500e+03
-12.500000	-3.7500344778e+01	4.1176911908e+00	-2.0000000000e+03	-9.2070097287e-03	2.0000002500e+03
-12.400000	-3.7400349666e+01	4.1634315998e+00	-2.0000000000e+03	-9.3375248370e-03	2.0000002500e+03
-12.300000	-3.7300354537e+01	4.2093054013e+00	-2.0000000000e+03	-9.4675929013e-03	2.0000002500e+03
-12.200000	-3.7200359388e+01	4.2553058577e+00	-2.0000000000e+03	-9.5971339408e-03	2.0000002500e+03
-12.100000	-3.7100364217e+01	4.3014261237e+00	-2.0000000000e+03	-9.7260666300e-03	2.0000002500e+03
-12.000000	-3.7000369020e+01	4.3476592475e+00	-2.0000000000e+03	-9.8543082437e-03	2.0000002500e+03
-11.900000	-3.6900373793e+01	4.3939981720e+00	-2.0000000000e+03	-9.9817748216e-03	2.0000002500e+03
-11.800000	-3.6800378535e+01	4.4404357365e+00	-2.0000000000e+03	-1.0108381116e-02	2.0000002500e+03
-11.700000	-3.6700383241e+01	4.4869646777e+00	-2.0000000000e+03	-1.0234040670e-02	2.0000002500e+03
-11.600000	-3.6600387908e+01	4.5335776319e+00	-2.0000000000e+03	-1.0358665904e-02	2.0000002500e+03
-11.500000	-3.6500392533e+01	4.5802671358e+00	-2.0000000000e+03	-1.0482168108e-02	2.0000002500e+03
-11.400000	-3.6400397113e+01	4.6270256290e+00	-2.0000000000e+03	-1.0604457558e-02	2.0000002500e+03
-11.300000	-3.6300401644e+01	4.6738454549e+00	-2.0000000000e+03	-1.0725443543e-02	2.0000002500e+03
-11.200000	-3.6200406123e+01	4.7207188630e+00	-2.0000000000e+03	-1.0845034414e-02	2.0000002500e+03
-11.100000	-3.6100410546e+01	4.7676380105e+00	-2.0000000000e+03	-1.0963137693e-02	2.0000002500e+03
-11.000000	-3.6000414910e+01	4.8145949643e+00	-2.0000000000e+03	-1.1079660097e-02	2.0000002500e+03
-10.900000	-3.5900419211e+01	4.8615817030e+00	-2.0000000000e+03	-1.1194507631e-02	2.0000002500e+03
-10.800000	-3.5800423446e+01	4.9085901187e+00	-2.0000000000e+03	-1.1307585615e-02	2.0000002500e+03
-10.700000	-3.5700427611e+01	4.9556120191e+00	-2.0000000000e+03	-1.1418798830e-02	2.0000002500e+03
-10.600000	-3.5600431703e+01	5.0026391299e+00	-2.0000000000e+03	-1.1528051525e-02	2.0000002500e+03
-10.500000	-3.5500435718e+01	5.0496630967e+00	-2.0000000000e+03	-1.1635247519e-02	2.0000002500e+03
-10.400000	-3.5400439652e+01	5.0966754874e+00	-2.0000000000e+03	-1.1740290299e-02	2.0000002500e+03
-10.300000	-3.5300443501e+01	5.1436677944e+00	-2.0000000000e+03	-1.1843083049e-02	2.0000002500e+03
-10.200000	-3.5200447263e+01	5.1906314370e+00	-2.0000000000e+03	-1.1943528778e-02	2.0000002500e+03
-10.100000	-3.5100450934e+01	5.2375577636e+00	-2.0000000000e+03	-1.2041530396e-02	2.0000002500e+03
-10.000000	-3.5000454509e+01	5.2844380548e+00	-2.0000000000e+03	-1.2136990772e-02	2.0000002500e+03
-9.900000	-3.4900457985e+01	5.3312635249e+00	-2.0000000000e+03	-1.2229812833e-02	2.0000002500e+03
-9.800000	-3.4800461359e+01	5.3780253255e+00	-2.0000000000e+03	-1.2319899690e-02	2.0000002500e+03
-9.700000	-3.4700464627e+01	5.4247145474e+00	-2.0000000000e+03	-1.2407154668e-02	2.0000002500e+03
-9.600000	-3.4600467785e+01	5.4713222236e+00	-2.0000000000e+03	-1.2491481430e-02	2.0000002500e+03
-9.500000	-3.4500470830e+01	5.5178393318e+00	-2.0000000000e+03	-1.2572784061e-02	2.0000002500e+03
-9.400000	-3.4400473758e+01	5.5642567975e+00	-2.0000000000e+03	-1.2650967178e-02	2.0000002500e+03
-9.300000	-3.4300476566e+01	5.6105654965e+00	-2.0000000000e+03	-1.2725935979e-02	2.0000002500e+03
-9.200000	-3.4200479250e+01	5.6567562577e+00	-2.0000000000e+03	-1.2797596408e-02	2.0000002500e+03
-9.100000	-3.4100481806e+01	5.7028198664e+00	-2.0000000000e+03	-1.2865855180e-02	2.0000002500e+03
-9.000000	-3.4000484232e+01	5.7487470669e+00	-2.0000000000e+03	-1.2930619916e-02	2.0000002500e+03
-8.900000	-3.3900486523e+01	5.7945285655e+00	-2.0000000000e+03	-1.2991799254e-02	2.0000002500e+03
-8.800000	-3.3800488677e+01	5.8401550338e+00	-2.0000000000e+03	-1.3049302887e-02	2.0000002500e+03
-8.700000	-3.3700490690e+01	5.8856171114e+00	-2.0000000000e+03	-1.3103041752e-02	2.0000002500e+03
-8.600000	-3.3600492558e+01	5.9309054094e+00	-2.0000000000e+03	-1.3152928028e-02	2.0000002500e+03
-8.500000	-3.3500494279e+01	5.9760105130e+00	-2.0000000000e+03	-1.3198875317e-02	2.0000002500e+03
-8.400000	-3.3400495849e+01	6.0209229854e+00	-2.0000000000e+03	-1.3240798710e-02	2.0000002500e+03
-8.300000	-3.3300497265e+01	6.0656333704e+00	-2.0000000000e+03	-1.3278614865e-02	2.0000002500e+03
-8.200000	-3.3200498525e+01	6.1101321958e+00	-2.0000000000e+03	-1.3312242152e-02	2.0000002500e+03
-8.100000	-3.3100499624e+01	6.1544099768e+00	-2.0000000000e+03	-1.3341600688e-02	2.0000002500e+03
-8.000000	-3.3000500561e+01	6.1984572194e+00	-2.0000000000e+03	-1.3366612519e-02	2.0000002500e+03
-7.900000	-3.2900501332e+01	6.2422644234e+00	-2.0000000000e+03	-1.3387201621e-02	2.0000002500e+03
-7.800000	-3.2800501935e+01	6.2858220860e+00	-2.0000000000e+03	-1.3403294118e-02	2.0000002500e+03
-7.700000	-3.2700502367e+01	6.3291207051e+00	-2.0000000000e+03	-1.3414818234e-02	2.0000002500e+03
-7.600000	-3.2600502625e+01	6.3721507828e+00	-2.0000000000e+03	-1.3421704487e-02	2.0000002500e+03
-7.500000	-3.2500502707e+01	6.4149028285e+00	-2.0000000000e+03	-1.3423885745e-02	2.0000002500e+03
-7.400000	-3.2400502610e+01	6.4573673630e+00	-2.0000000000e+03	-1.3421297347e-02	2.0000002500e+03
-7.300000	-3.2300502332e+01	6.4995349212e+00	-2.0000000000e+03	-1.3413877176e-02	2.0000002500e+03
-7.200000	-3.2200501871e+01	6.5413960561e+00	-2.0000000000e+03	-1.3401565731e-02	2.0000002500e+03
-7.100000	-3.2100501225e+01	6.5829413422e+00	-2.0000000000e+03	-1.3384306238e-02	2.0000002500e+03
-7.000000	-3.2000500391e+01	6.6241613790e+00	-2.0000000000e+03	-1.3362044720e-02	2.0000002500e+03
-6.900000	-3.1900499368e+01	6.6650467942e+00	-2.0000000000e+03	-1.3334730106e-02	2.0000002500e+03
-6.800000	-3.1800498154e+01	6.7055882477e+00	-2.0000000000e+03	-1.3302314307e-02	2.0000002500e+03
-6.700000	-3.1700496747e+01	6.7457764349e+00	-2.0000000000e+03	-1.3264752232e-02	2.0000002500e+03
-6.600000	-3.1600495146e+01	6.7856020903e+00	-2.0000000000e+03	-1.3222001978e-02	2.0000002500e+03
-6.500000	-3.1500493349e+01	6.8250559909e+00	-2.0000000000e+03	-1.3174024834e-02	2.0000002500e+03
-6.400000	-3.1400491356e+01	6.8641289600e+00	-2.0000000000e+03	-1.3120785351e-02	2.0000002500e+03
-6.300000	-3.1300489163e+01	6.9028118705e+00	-2.0000000000e+03	-1.3062251436e-02	2.0000002500e+03
-6.200000	-3.1200486772e+01	6.9410956486e+00	-2.0000000000e+03	-1.2998394407e-02	2.0000002500e+03
-6.100000	-3.1100484180e+01	6.9789712773e+00	-2.0000000000e+03	-1.2929189061e-02	2.0000002500e+03
-6.000000	-3.1000481387e+01	7.0164297998e+00	-2.0000000000e+03	-1.2854613750e-02	2.0000002500e+03
-5.900000	-3.0900478392e+01	7.0534623231e+00	-2.0000000000e+03	-1.2774650425e-02	2.0000002500e+03
-5.800000	-3.0800475195e+01	7.0900600218e+00	-2.0000000000e+03	-1.2689284624e-02	2.0000002500e+03
-5.700000	-3.0700471795e+01	7.1262141411e+00	-2.0000000000e+03	-1.2598505698e-02	2.0000002500e+03
-5.600000	-3.0600468193e+01	7.1619160005e+00	-2.0000000000e+03	-1.2502306685e-02	2.0000002500e+03
-5.500000	-3.0500464387e+01	7.1971569976e+00	-2.0000000000e+03	-1.2400684446e-02	2.0000002500e+03
-5.400000	-3.0400460378e+01	7.2319286109e+00	-2.0000000000e+03	-1.2293639639e-02	2.0000002500e+03
-5.300000	-3.0300456166e+01	7.2662224037e+00	-2.0000000000e+03	-1.2181176858e-02	2.0000002500e+03
-5.200000	-3.0200451751e+01	7.3000300275e+00	-2.0000000000e+03	-1.2063304570e-02	2.0000002500e+03
-5.100000	-3.0100447134e+01	7.3333432250e+00	-2.0000000000e+03	-1.1940035193e-02	2.0000002500e+03
-5.000000	-3.0000442316e+01	7.3661538340e+00	-2.0000000000e+03	-1.1811385111e-02	2.0000002500e+03
-4.900000	-2.9900437297e+01	7.3984537903e+00	-2.0000000000e+03	-1.1677374697e-02	2.0000002500e+03
-4.800000	-2.9800432078e+01	7.4302351313e+00	-2.0000000000e+03	-1.1538028332e-02	2.0000002500e+03
-4.700000	-2.9700426661e+01	7.4614899989e+00	-2.0000000000e+03	-1.1393374385e-02	2.0000002500e+03
-4.600000	-2.9600421046e+01	7.4922106432e+00	-2.0000000000e+03	-1.1243445314e-02	2.0000002500e+03
-4.500000	-2.9500415234e+01	7.5223894253e+00	-2.0000000000e+03	-1.1088277554e-02	2.0000002500e+03
-4.400000	-2.9400409228e+01	7.5520188208e+00	-2.0000000000e+03	-1.0927911603e-02	2.0000002500e+03
-4.300000	-2.9300403029e+01	7.5810914226e+00	-2.0000000000e+03	-1.0762392011e-02	2.0000002500e+03
-4.200000	-2.9200396639e+01	7.6095999441e+00	-2.0000000000e+03	-1.0591767289e-02	2.0000002500e+03
-4.100000	-2.9100390059e+01	7.6375372225e+00	-2.0000000000e+03	-1.0416090022e-02	2.0000002500e+03
-4.000000	-2.9000383293e+01	7.6648962215e+00	-2.0000000000e+03	-1.0235416763e-02	2.0000002500e+03
-3.900000	-2.8900376341e+01	7.6916700341e+00	-2.0000000000e+03	-1.0049808020e-02	2.0000002500e+03
-3.800000	-2.8800369207e+01	7.7178518860e+00	-2.0000000000e+03	-9.8593282850e-03	2.0000002500e+03
-3.700000	-2.8700361893e+01	7.7434351381e+00	-2.0000000000e+03	-9.6640459802e-03	2.0000002500e+03
-3.600000	-2.8600354402e+01	7.7684132895e+00	-2.0000000000e+03	-9.4640333574e-03	2.0000002500e+03
-3.500000	-2.8500346737e+01	7.7927799798e+00	-2.0000000000e+03	-9.2593665717e-03	2.0000002500e+03
-3.400000	-2.8400338901e+01	7.8165289924e+00	-2.0000000000e+03	-9.0501255312e-03	2.0000002500e+03
-3.300000	-2.8300330896e+01	7.8396542569e+00	-2.0000000000e+03	-8.8363939631e-03	2.0000002500e+03
-3.200000	-2.8200322726e+01	7.8621498515e+00	-2.0000000000e+03	-8.6182592433e-03	2.0000002500e+03
-3.100000	-2.8100314395e+01	7.8840100058e+00	-2.0000000000e+03	-8.3958124259e-03	2.0000002500e+03
-3.000000	-2.8000305906e+01	7.9052291029e+00	-2.0000000000e+03	-8.1691481494e-03	2.0000002500e+03
-2.900000	-2.7900297262e+01	7.9258016822e+00	-2.0000000000e+03	-7.9383645906e-03	2.0000002500e+03
-2.800000	-2.7800288469e+01	7.9457224416e+00	-2.0000000000e+03	-7.7035633402e-03	2.0000002500e+03
-2.700000	-2.7700279528e+01	7.9649862395e+00	-2.0000000000e+03	-7.4648494573e-03	2.0000002500e+03
-2.600000	-2.7600270445e+01	7.9835880976e+00	-2.0000000000e+03	-7.2223312077e-03	2.0000002500e+03
-2.500000	-2.7500261224e+01	8.0015232023e+00	-2.0000000000e+03	-6.9761201671e-03	2.0000002500e+03
-2.400000	-2.7400251869e+01	8.0187869073e+00	-2.0000000000e+03	-6.7263310221e-03	2.0000002500e+03
-2.300000	-2.7300242384e+01	8.0353747354e+00	-2.0000000000e+03	-6.4730815124e-03	2.0000002500e+03
-2.200000	-2.7200232774e+01	8.0512823804e+00	-2.0000000000e+03	-6.2164923571e-03	2.0000002500e+03
-2.100000	-2.7100223044e+01	8.0665057090e+00	-2.0000000000e+03	-5.9566871597e-03	2.0000002500e+03
-2.000000	-2.7000213198e+01	8.0810407628e+00	-2.0000000000e+03	-5.6937922511e-03	2.0000002500e+03
-1.900000	-2.6900203241e+01	8.0948837594e+00	-2.0000000000e+03	-5.4279366537e-03	2.0000002500e+03
-1.800000	-2.6800193178e+01	8.1080310946e+00	-2.0000000000e+03	-5.1592519937e-03	2.0000002500e+03
-1.700000	-2.6700183014e+01	8.1204793438e+00	-2.0000000000e+03	-4.8878723054e-03	2.0000002500e+03
-1.600000	-2.6600172754e+01	8.1322252634e+00	-2.0000000000e+03	-4.6139339801e-03	2.0000002500e+03
-1.500000	-2.6500162404e+01	8.1432743119e+00	-2.0000000000e+03	-4.3375756495e-03	2.0000002500e+03
-1.400000	-2.6400151968e+01	8.1539180320e+00	-2.0000000000e+03	-4.0589380675e-03	2.0000002500e+03
-1.300000	-2.6300141453e+01	8.1638517117e+00	-2.0000000000e+03	-3.7781639582e-03	2.0000002500e+03
-1.200000	-2.6200130862e+01	8.1730726850e+00	-2.0000000000e+03	-3.4953979638e-03	2.0000002500e+03
-1.100000	-2.6100120203e+01	8.1815784720e+00	-2.0000000000e+03	-3.2107864132e-03	2.0000002500e+03
-1.000000	-2.6000109480e+01	8.1893667797e+00	-2.0000000000e+03	-2.9244773451e-03	2.0000002500e+03
-0.900000	-2.5900098699e+01	8.1964355032e+00	-2.0000000000e+03	-2.6366202073e-03	2.0000002500e+03
-0.800000	-2.5800087866e+01	8.2027827268e+00	-2.0000000000e+03	-2.3473658586e-03	2.0000002500e+03
-0.700000	-2.5700076986e+01	8.2084067245e+00	-2.0000000000e+03	-2.0568664152e-03	2.0000002500e+03
-0.600000	-2.5600066065e+01	8.2133059614e+00	-2.0000000000e+03	-1.7652750343e-03	2.0000002500e+03
-0.500000	-2.5500055109e+01	8.2174790937e+00	-2.0000000000e+03	-1.4727458839e-03	2.0000002500e+03
-0.400000	-2.5400044124e+01	8.2209249700e+00	-2.0000000000e+03	-1.1794339498e-03	2.0000002500e+03
-0.300000	-2.5300033115e+01	8.2236426314e+00	-2.0000000000e+03	-8.8549489751e-04	2.0000002500e+03
-0.200000	-2.5200022089e+01	8.2256313120e+00	-2.0000000000e+03	-5.9108499635e-04	2.0000002500e+03
-0.100000	-2.5100011051e+01	8.2268904396e+00	-2.0000000000e+03	-2.9636086707e-04	2.0000002500e+03
0.000000	-2.5000000007e+01	8.2274196357e+00	-2.0000000000e+03	-1.4794420898e-06	2.0000002500e+03
0.100000	-2.4899988963e+01	8.2272187156e+00	-2.0000000000e+03	2.9340218876e-04	2.0000002500e+03
0.200000	-2.4799977925e+01	8.2262876890e+00	-2.0000000000e+03	5.8812697277e-04	2.0000002500e+03
0.300000	-2.4699966898e+01	8.2246267596e+00	-2.0000000000e+03	8.8253795053e-04	2.0000002500e+03
0.400000	-2.4599955889e+01	8.2222363251e+00	-2.0000000000e+03	1.1764785024e-03	2.0000002500e+03
0.500000	-2.4499944904e+01	8.2191169773e+00	-2.0000000000e+03	1.4697923464e-03	2.0000002500e+03
0.600000	-2.4399933948e+01	8.2152695016e+00	-2.0000000000e+03	1.7623238453e-03	2.0000002500e+03
0.700000	-2.4299923028e+01	8.2106948768e+00	-2.0000000000e+03	2.0539180083e-03	2.0000002500e+03
0.800000	-2.4199912148e+01	8.2053942750e+00	-2.0000000000e+03	2.3444206602e-03	2.0000002500e+03
0.900000	-2.4099901314e+01	8.1993690604e+00	-2.0000000000e+03	2.6336786176e-03	2.0000002500e+03
1.000000	-2.3999890533e+01	8.1926207896e+00	-2.0000000000e+03	2.9215397830e-03	2.0000002500e+03
1.100000	-2.3899879810e+01	8.1851512102e+00	-2.0000000000e+03	3.2078533442e-03	2.0000002500e+03
1.200000	-2.3799869151e+01	8.1769622605e+00	-2.0000000000e+03	3.4924697638e-03	2.0000002500e+03
1.300000	-2.3699858561e+01	8.1680560688e+00	-2.0000000000e+03	3.7752410524e-03	2.0000002500e+03
1.400000	-2.3599848045e+01	8.1584349518e+00	-2.0000000000e+03	4.0560208758e-03	2.0000002500e+03
1.500000	-2.3499837609e+01	8.1481014146e+00	-2.0000000000e+03	4.3346645742e-03	2.0000002500e+03
1.600000	-2.3399827259e+01	8.1370581487e+00	-2.0000000000e+03	4.6110294357e-03	2.0000002500e+03
1.700000	-2.3299816999e+01	8.1253080315e+00	-2.0000000000e+03	4.8849746988e-03	2.0000002500e+03
1.800000	-2.3199806835e+01	8.1128541247e+00	-2.0000000000e+03	5.1563617422e-03	2.0000002500e+03
1.900000	-2.3099796772e+01	8.0996996732e+00	-2.0000000000e+03	5.4250541630e-03	2.0000002500e+03
2.000000	-2.2999786815e+01	8.0858481037e+00	-2.0000000000e+03	5.6909178971e-03	2.0000002500e+03
2.100000	-2.2899776969e+01	8.0713030229e+00	-2.0000000000e+03	5.9538213423e-03	2.0000002500e+03
2.200000	-2.2799767239e+01	8.0560682165e+00	-2.0000000000e+03	6.2136354931e-03	2.0000002500e+03
2.300000	-2.2699757629e+01	8.0401476471e+00	-2.0000000000e+03	6.4702339618e-03	2.0000002500e+03
2.400000	-2.2599748144e+01	8.0235454527e+00	-2.0000000000e+03	6.7234931731e-03	2.0000002500e+03
2.500000	-2.2499738789e+01	8.0062659450e+00	-2.0000000000e+03	6.9732924268e-03	2.0000002500e+03
2.600000	-2.2399729567e+01	7.9883136072e+00	-2.0000000000e+03	7.2195139327e-03	2.0000002500e+03
2.700000	-2.2299720484e+01	7.9696930926e+00	-2.0000000000e+03	7.4620430312e-03	2.0000002500e+03
2.800000	-2.2199711544e+01	7.9504092222e+00	-2.0000000000e+03	7.7007681308e-03	2.0000002500e+03
2.900000	-2.2099702750e+01	7.9304669827e+00	-2.0000000000e+03	7.9355809594e-03	2.0000002500e+03
3.000000	-2.1999694106e+01	7.9098715245e+00	-2.0000000000e+03	8.1663764696e-03	2.0000002500e+03
3.100000	-2.1899685617e+01	7.8886281594e+00	-2.0000000000e+03	8.3930530506e-03	2.0000002500e+03
3.200000	-2.1799677286e+01	7.8667423582e+00	-2.0000000000e+03	8.6155125192e-03	2.0000002500e+03
3.300000	-2.1699669116e+01	7.8442197486e+00	-2.0000000000e+03	8.8336602442e-03	2.0000002500e+03
3.400000	-2.1599661111e+01	7.8210661127e+00	-2.0000000000e+03	9.0474051595e-03	2.0000002500e+03
3.500000	-2.1499653275e+01	7.7972873846e+00	-2.0000000000e+03	9.2566598701e-03	2.0000002500e+03
3.600000	-2.1399645609e+01	7.7728896476e+00	-2.0000000000e+03	9.4613406827e-03	2.0000002500e+03
3.700000	-2.1299638118e+01	7.7478791319e+00	-2.0000000000e+03	9.6613676514e-03	2.0000002500e+03
3.800000	-2.1199630804e+01	7.7222622120e+00	-2.0000000000e+03	9.8566646354e-03	2.0000002500e+03
3.900000	-2.1099623670e+01	7.6960454035e+00	-2.0000000000e+03	1.0047159337e-02	2.0000002500e+03
4.000000	-2.0999616719e+01	7.6692353612e+00	-2.0000000000e+03	1.0232783376e-02	2.0000002500e+03
4.100000	-2.0899609952e+01	7.6418388753e+00	-2.0000000000e+03	1.0413472253e-02	2.0000002500e+03
4.200000	-2.0799603372e+01	7.6138628693e+00	-2.0000000000e+03	1.0589165414e-02	2.0000002500e+03
4.300000	-2.0699596982e+01	7.5853143969e+00	-2.0000000000e+03	1.0759806352e-02	2.0000002500e+03
4.400000	-2.0599590783e+01	7.5562006387e+00	-2.0000000000e+03	1.0925342445e-02	2.0000002500e+03
4.500000	-2.0499584777e+01	7.5265288996e+00	-2.0000000000e+03	1.1085725149e-02	2.0000002500e+03
4.600000	-2.0399578965e+01	7.4963066055e+00	-2.0000000000e+03	1.1240909973e-02	2.0000002500e+03
4.700000	-2.0299573350e+01	7.4655413005e+00	-2.0000000000e+03	1.1390856368e-02	2.0000002500e+03
4.800000	-2.0199567932e+01	7.4342406433e+00	-2.0000000000e+03	1.1535527889e-02	2.0000002500e+03
4.900000	-2.0099562713e+01	7.4024124044e+00	-2.0000000000e+03	1.1674892118e-02	2.0000002500e+03
5.000000	-1.9999557694e+01	7.3700644628e+00	-2.0000000000e+03	1.1808920631e-02	2.0000002500e+03
5.100000	-1.9899552876e+01	7.3372048028e+00	-2.0000000000e+03	1.1937589051e-02	2.0000002500e+03
5.200000	-1.9799548259e+01	7.3038415104e+00	-2.0000000000e+03	1.2060877020e-02	2.0000002500e+03
5.300000	-1.9699543844e+01	7.2699827703e+00	-2.0000000000e+03	1.2178768119e-02	2.0000002500e+03
5.400000	-1.9599539632e+01	7.2356368627e+00	-2.0000000000e+03	1.2291249954e-02	2.0000002500e+03
5.500000	-1.9499535623e+01	7.2008121594e+00	-2.0000000000e+03	1.2398314025e-02	2.0000002500e+03
5.600000	-1.9399531817e+01	7.1655171208e+00	-2.0000000000e+03	1.2499955756e-02	2.0000002500e+03
5.700000	-1.9299528214e+01	7.1297602925e+00	-2.0000000000e+03	1.2596174456e-02	2.0000002500e+03
5.800000	-1.9199524814e+01	7.0935503016e+00	-2.0000000000e+03	1.2686973265e-02	2.0000002500e+03
5.900000	-1.9099521617e+01	7.0568958533e+00	-2.0000000000e+03	1.2772359127e-02	2.0000002500e+03
6.000000	-1.8999518622e+01	7.0198057277e+00	-2.0000000000e+03	1.2852342729e-02	2.0000002500e+03
6.100000	-1.8899515829e+01	6.9822887759e+00	-2.0000000000e+03	1.2926938482e-02	2.0000002500e+03
6.200000	-1.8799513237e+01	6.9443539167e+00	-2.0000000000e+03	1.2996164449e-02	2.0000002500e+03
6.300000	-1.8699510845e+01	6.9060101330e+00	-2.0000000000e+03	1.3060042255e-02	2.0000002500e+03
6.400000	-1.8599508653e+01	6.8672664685e+00	-2.0000000000e+03	1.3118597122e-02	2.0000002500e+03
6.500000	-1.8499506659e+01	6.8281320236e+00	-2.0000000000e+03	1.3171857702e-02	2.0000002500e+03
6.600000	-1.8399504862e+01	6.7886159525e+00	-2.0000000000e+03	1.3219856086e-02	2.0000002500e+03
6.700000	-1.8299503261e+01	6.7487274592e+00	-2.0000000000e+03	1.3262627724e-02	2.0000002500e+03
6.800000	-1.8199501854e+01	6.7084757940e+00	-2.0000000000e+03	1.3300211302e-02	2.0000002500e+03
6.900000	-1.8099500640e+01	6.6678702502e+00	-2.0000000000e+03	1.3332648750e-02	2.0000002500e+03
7.000000	-1.7999499617e+01	6.6269201603e+00	-2.0000000000e+03	1.3359985118e-02	2.0000002500e+03
7.100000	-1.7899498783e+01	6.5856348923e+00	-2.0000000000e+03	1.3382268506e-02	2.0000002500e+03
7.200000	-1.7799498137e+01	6.5440238466e+00	-2.0000000000e+03	1.3399549972e-02	2.0000002500e+03
7.300000	-1.7699497676e+01	6.5020964521e+00	-2.0000000000e+03	1.3411883483e-02	2.0000002500e+03
7.400000	-1.7599497398e+01	6.4598621627e+00	-2.0000000000e+03	1.3419325808e-02	2.0000002500e+03
7.500000	-1.7499497301e+01	6.4173304540e+00	-2.0000000000e+03	1.3421936434e-02	2.0000002500e+03
7.600000	-1.7399497382e+01	6.3745108194e+00	-2.0000000000e+03	1.3419777482e-02	2.0000002500e+03
7.700000	-1.7299497640e+01	6.3314127669e+00	-2.0000000000e+03	1.3412913615e-02	2.0000002500e+03
7.800000	-1.7199498072e+01	6.2880458157e+00	-2.0000000000e+03	1.3401411959e-02	2.0000002500e+03
7.900000	-1.7099498674e+01	6.2444194924e+00	-2.0000000000e+03	1.3385341979e-02	2.0000002500e+03
8.000000	-1.6999499445e+01	6.2005433278e+00	-2.0000000000e+03	1.3364775399e-02	2.0000002500e+03
8.100000	-1.6899500382e+01	6.1564268533e+00	-2.0000000000e+03	1.3339786176e-02	2.0000002500e+03
8.200000	-1.6799501481e+01	6.1120795978e+00	-2.0000000000e+03	1.3310450260e-02	2.0000002500e+03
8.300000	-1.6699502741e+01	6.0675110840e+00	-2.0000000000e+03	1.3276845627e-02	2.0000002500e+03
8.400000	-1.6599504157e+01	6.0227308251e+00	-2.0000000000e+03	1.3239052158e-02	2.0000002500e+03
8.500000	-1.6499505727e+01	5.9777483217e+00	-2.0000000000e+03	1.3197151463e-02	2.0000002500e+03
8.600000	-1.6399507448e+01	5.9325730584e+00	-2.0000000000e+03	1.3151226877e-02	2.0000002500e+03
8.700000	-1.6299509316e+01	5.8872145003e+00	-2.0000000000e+03	1.3101363289e-02	2.0000002500e+03
8.800000	-1.6199511329e+01	5.8416820901e+00	-2.0000000000e+03	1.3047647143e-02	2.0000002500e+03
8.900000	-1.6099513482e+01	5.7959852449e+00	-2.0000000000e+03	1.2990166195e-02	2.0000002500e+03
9.000000	-1.5999515773e+01	5.7501333526e+00	-2.0000000000e+03	1.2929009552e-02	2.0000002500e+03
9.100000	-1.5899518199e+01	5.7041357695e+00	-2.0000000000e+03	1.2864267476e-02	2.0000002500e+03
9.200000	-1.5799520755e+01	5.6580018165e+00	-2.0000000000e+03	1.2796031325e-02	2.0000002500e+03
9.300000	-1.5699523439e+01	5.6117407765e+00	-2.0000000000e+03	1.2724393503e-02	2.0000002500e+03
9.400000	-1.5599526246e+01	5.5653618913e+00	-2.0000000000e+03	1.2649447241e-02	2.0000002500e+03
9.500000	-1.5499529174e+01	5.5188743586e+00	-2.0000000000e+03	1.2571286648e-02	2.0000002500e+03
9.600000	-1.5399532219e+01	5.4722873290e+00	-2.0000000000e+03	1.2490006464e-02	2.0000002500e+03
9.700000	-1.5299535377e+01	5.4256099033e+00	-2.0000000000e+03	1.2405702114e-02	2.0000002500e+03
9.800000	-1.5199538645e+01	5.3788511297e+00	-2.0000000000e+03	1.2318469466e-02	2.0000002500e+03
9.900000	-1.5099542019e+01	5.3320200009e+00	-2.0000000000e+03	1.2228404866e-02	2.0000002500e+03
10.000000	-1.4999545495e+01	5.2851254511e+00	-2.0000000000e+03	1.2135604998e-02	2.0000002500e+03
10.100000	-1.4899549070e+01	5.2381763541e+00	-2.0000000000e+03	1.2040166744e-02	2.0000002500e+03
10.200000	-1.4799552740e+01	5.1911815199e+00	-2.0000000000e+03	1.1942187151e-02	2.0000002500e+03
10.300000	-1.4699556502e+01	5.1441496924e+00	-2.0000000000e+03	1.1841763360e-02	2.0000002500e+03
10.400000	-1.4599560352e+01	5.0970895470e+00	-2.0000000000e+03	1.1738992453e-02	2.0000002500e+03
10.500000	-1.4499564286e+01	5.0500096880e+00	-2.0000000000e+03	1.1633971414e-02	2.0000002500e+03
10.600000	-1.4399568300e+01	5.0029186461e+00	-2.0000000000e+03	1.1526797055e-02	2.0000002500e+03
10.700000	-1.4299572392e+01	4.9558248764e+00	-2.0000000000e+03	1.1417565889e-02	2.0000002500e+03
10.800000	-1.4199576557e+01	4.9087367555e+00	-2.0000000000e+03	1.1306374093e-02	2.0000002500e+03
10.900000	-1.4099580792e+01	4.8616625798e+00	-2.0000000000e+03	1.1193317395e-02	2.0000002500e+03
11.000000	-1.3999585093e+01	4.8146105630e+00	-2.0000000000e+03	1.1078491043e-02	2.0000002500e+03
11.100000	-1.3899589456e+01	4.7675888342e+00	-2.0000000000e+03	1.0961989679e-02	2.0000002500e+03
11.200000	-1.3799593879e+01	4.7206054354e+00	-2.0000000000e+03	1.0843907300e-02	2.0000002500e+03
11.300000	-1.3699598358e+01	4.6736683200e+00	-2.0000000000e+03	1.0724337204e-02	2.0000002500e+03
11.400000	-1.3599602889e+01	4.6267853506e+00	-2.0000000000e+03	1.0603371857e-02	2.0000002500e+03
11.500000	-1.3499607469e+01	4.5799642969e+00	-2.0000000000e+03	1.0481102899e-02	2.0000002500e+03
11.600000	-1.3399612094e+01	4.5332128343e+00	-2.0000000000e+03	1.0357621031e-02	2.0000002500e+03
11.700000	-1.3299616761e+01	4.4865385417e+00	-2.0000000000e+03	1.0233015985e-02	2.0000002500e+03
11.800000	-1.3199621467e+01	4.4399489002e+00	-2.0000000000e+03	1.0107376462e-02	2.0000002500e+03
11.900000	-1.3099626209e+01	4.3934512909e+00	-2.0000000000e+03	9.9807900377e-03	2.0000002500e+03
12.000000	-1.2999630982e+01	4.3470529939e+00	-2.0000000000e+03	9.8533431683e-03	2.0000002500e+03
12.100000	-1.2899635785e+01	4.3007611864e+00	-2.0000000000e+03	9.7251210923e-03	2.0000002500e+03
12.200000	-1.2799640613e+01	4.2545829412e+00	-2.0000000000e+03	9.5962077884e-03	2.0000002500e+03
12.300000	-1.2699645465e+01	4.2085252257e+00	-2.0000000000e+03	9.4666859517e-03	2.0000002500e+03
12.400000	-1.2599650336e+01	4.1625948999e+00	-2.0000000000e+03	9.3366369172e-03	2.0000002500e+03
12.500000	-1.2499655223e+01	4.1167987159e+00	-2.0000000000e+03	9.2061406480e-03	2.0000002500e+03
12.600000	-1.2399660125e+01	4.0711433158e+00	-2.0000000000e+03	9.0752756676e-03	2.0000002500e+03
12.700000	-1.2299665037e+01	4.0256352314e+00	-2.0000000000e+03	8.9441190504e-03	2.0000002500e+03
12.800000	-1.2199669958e+01	3.9802808825e+00	-2.0000000000e+03	8.8127463449e-03	2.0000002500e+03
12.900000	-1.2099674884e+01	3.9350865763e+00	-2.0000000000e+03	8.6812315994e-03	2.0000002500e+03
13.000000	-1.1999679812e+01	3.8900585058e+00	-2.0000000000e+03	8.5496472659e-03	2.0000002500e+03
13.100000	-1.1899684741e+01	3.8452027497e+00	-2.0000000000e+03	8.4180642283e-03	2.0000002500e+03
13.200000	-1.1799689666e+01	3.8005252709e+00	-2.0000000000e+03	8.2865517333e-03	2.0000002500e+03
13.300000	-1.1699694587e+01	3.7560319161e+00	-2.0000000000e+03	8.1551773956e-03	2.0000002500e+03
13.400000	-1.1599699500e+01	3.7117284148e+00	-2.0000000000e+03	8.0240071809e-03	2.0000002500e+03
13.500000	-1.1499704402e+01	3.6676203790e+00	-2.0000000000e+03	7.8931053367e-03	2.0000002500e+03
13.600000	-1.1399709293e+01	3.6237133019e+00	-2.0000000000e+03	7.7625344475e-03	2.0000002500e+03
13.700000	-1.1299714169e+01	3.5800125584e+00	-2.0000000000e+03	7.6323553617e-03	2.0000002500e+03
13.800000	-1.1199719027e+01	3.5365234036e+00	-2.0000000000e+03	7.5026272099e-03	2.0000002500e+03
13.900000	-1.1099723867e+01	3.4932509729e+00	-2.0000000000e+03	7.3734073753e-03	2.0000002500e+03
14.000000	-1.0999728686e+01	3.4502002816e+00	-2.0000000000e+03	7.2447515054e-03	2.0000002500e+03
14.100000	-1.0899733481e+01	3.4073762246e+00	-2.0000000000e+03	7.1167135018e-03	2.0000002500e+03
14.200000	-1.0799738252e+01	3.3647835758e+00	-2.0000000000e+03	6.9893454852e-03	2.0000002500e+03
14.300000	-1.0699742995e+01	3.3224269883e+00	-2.0000000000e+03	6.8626978390e-03	2.0000002500e+03
14.400000	-1.0599747709e+01	3.2803109943e+00	-2.0000000000e+03	6.7368191756e-03	2.0000002500e+03
14.500000	-1.0499752393e+01	3.2384400047e+00	-2.0000000000e+03	6.6117563571e-03	2.0000002500e+03
14.600000	-1.0399757045e+01	3.1968183091e+00	-2.0000000000e+03	6.4875544957e-03	2.0000002500e+03
14.700000	-1.0299761663e+01	3.1554500761e+00	-2.0000000000e+03	6.3642569248e-03	2.0000002500e+03
14.800000	-1.0199766245e+01	3.1143393532e+00	-2.0000000000e+03	6.2419052762e-03	2.0000002500e+03
14.900000	-1.0099770791e+01	3.0734900670e+00	-2.0000000000e+03	6.1205394059e-03	2.0000002500e+03
15.000000	-9.9997752981e+00	3.0329060232e+00	-2.0000000000e+03	6.0001974750e-03	2.0000002500e+03
15.100000	-9.8997797655e+00	2.9925909071e+00	-2.0000000000e+03	5.8809159094e-03	2.0000002500e+03
15.200000	-9.7997841919e+00	2.9525482837e+00	-2.0000000000e+03	5.7627294525e-03	2.0000002500e+03
15.300000	-9.6997885760e+00	2.9127815980e+00	-2.0000000000e+03	5.6456711424e-03	2.0000002500e+03
15.400000	-9.5997929167e+00	2.8732941757e+00	-2.0000000000e+03	5.5297723733e-03	2.0000002500e+03
15.500000	-9.4997972128e+00	2.8340892232e+00	-2.0000000000e+03	5.4150628576e-03	2.0000002500e+03
15.600000	-9.3998014634e+00	2.7951698283e+00	-2.0000000000e+03	5.3015706919e-03	2.0000002500e+03
15.700000	-9.2998056673e+00	2.7565389609e+00	-2.0000000000e+03	5.1893223415e-03	2.0000002500e+03
15.800000	-9.1998098237e+00	2.7181994733e+00	-2.0000000000e+03	5.0783426894e-03	2.0000002500e+03
15.900000	-9.0998139317e+00	2.6801541006e+00	-2.0000000000e+03	4.9686550448e-03	2.0000002500e+03
16.000000	-8.9998179904e+00	2.6424054622e+00	-2.0000000000e+03	4.8602811649e-03	2.0000002500e+03
16.100000	-8.8998219993e+00	2.6049560614e+00	-2.0000000000e+03	4.7532412863e-03	2.0000002500e+03
16.200000	-8.7998259575e+00	2.5678082871e+00	-2.0000000000e+03	4.6475541233e-03	2.0000002500e+03
16.300000	-8.6998298643e+00	2.5309644140e+00	-2.0000000000e+03	4.5432369486e-03	2.0000002500e+03
16.400000	-8.5998337193e+00	2.4944266036e+00	-2.0000000000e+03	4.4403055567e-03	2.0000002500e+03
16.500000	-8.4998375218e+00	2.4581969050e+00	-2.0000000000e+03	4.3387743440e-03	2.0000002500e+03
16.600000	-8.3998412712e+00	2.4222772561e+00	-2.0000000000e+03	4.2386562982e-03	2.0000002500e+03
16.700000	-8.2998449674e+00	2.3866694841e+00	-2.0000000000e+03	4.1399630479e-03	2.0000002500e+03
16.800000	-8.1998486099e+00	2.3513753066e+00	-2.0000000000e+03	4.0427048938e-03	2.0000002500e+03
16.900000	-8.0998521983e+00	2.3163963328e+00	-2.0000000000e+03	3.9468908162e-03	2.0000002500e+03
17.000000	-7.9998557322e+00	2.2817340643e+00	-2.0000000000e+03	3.8525285382e-03	2.0000002500e+03
17.100000	-7.8998592115e+00	2.2473898963e+00	-2.0000000000e+03	3.7596245214e-03	2.0000002500e+03
17.200000	-7.7998626360e+00	2.2133651188e+00	-2.0000000000e+03	3.6681840317e-03	2.0000002500e+03
17.300000	-7.6998660057e+00	2.1796609174e+00	-2.0000000000e+03	3.5782111392e-03	2.0000002500e+03
17.400000	-7.5998693200e+00	2.1462783747e+00	-2.0000000000e+03	3.4897087737e-03	2.0000002500e+03
17.500000	-7.4998725794e+00	2.1132184716e+00	-2.0000000000e+03	3.4026787495e-03	2.0000002500e+03
17.600000	-7.3998757836e+00	2.0804820881e+00	-2.0000000000e+03	3.3171217920e-03	2.0000002500e+03
17.700000	-7.2998789324e+00	2.0480700051e+00	-2.0000000000e+03	3.2330375667e-03	2.0000002500e+03
17.800000	-7.1998820263e+00	2.0159829050e+00	-2.0000000000e+03	3.1504247375e-03	2.0000002500e+03
17.900000	-7.0998850652e+00	1.9842213737e+00	-2.0000000000e+03	3.0692809637e-03	2.0000002500e+03
18.000000	-6.9998880492e+00	1.9527859013e+00	-2.0000000000e+03	2.9896029621e-03	2.0000002500e+03
18.100000	-6.8998909784e+00	1.9216768840e+00	-2.0000000000e+03	2.9113865242e-03	2.0000002500e+03
18.200000	-6.7998938531e+00	1.8908946247e+00	-2.0000000000e+03	2.8346265445e-03	2.0000002500e+03
18.300000	-6.6998966734e+00	1.8604393353e+00	-2.0000000000e+03	2.7593170763e-03	2.0000002500e+03
18.400000	-6.5998994395e+00	1.8303111373e+00	-2.0000000000e+03	2.6854513330e-03	2.0000002500e+03
18.500000	-6.4999021521e+00	1.8005796238e+00	-2.0000000000e+03	2.6130217425e-03	2.0000002500e+03
18.600000	-6.3999048111e+00	1.7711777435e+00	-2.0000000000e+03	2.5420199778e-03	2.0000002500e+03
18.700000	-6.2999074168e+00	1.7421006740e+00	-2.0000000000e+03	2.4724369776e-03	2.0000002500e+03
18.800000	-6.1999099700e+00	1.7133482112e+00	-2.0000000000e+03	2.4042629820e-03	2.0000002500e+03
18.900000	-6.0999124707e+00	1.6849200691e+00	-2.0000000000e+03	2.3374875694e-03	2.0000002500e+03
19.000000	-5.9999149193e+00	1.6568158809e+00	-2.0000000000e+03	2.2720996855e-03	2.0000002500e+03
19.100000	-5.8999173165e+00	1.6290352006e+00	-2.0000000000e+03	2.2080876647e-03	2.0000002500e+03
19.200000	-5.7999196627e+00	1.6015775045e+00	-2.0000000000e+03	2.1454392701e-03	2.0000002500e+03
19.300000	-5.6999219582e+00	1.5744421928e+00	-2.0000000000e+03	2.0841417253e-03	2.0000002500e+03
19.400000	-5.5999242037e+00	1.5476285906e+00	-2.0000000000e+03	2.0241817389e-03	2.0000002500e+03
19.500000	-5.4999263995e+00	1.5211359501e+00	-2.0000000000e+03	1.9655455222e-03	2.0000002500e+03
19.600000	-5.3999285463e+00	1.4949634515e+00	-2.0000000000e+03	1.9082188427e-03	2.0000002500e+03
19.700000	-5.2999306447e+00	1.4691102046e+00	-2.0000000000e+03	1.8521870302e-03	2.0000002500e+03
19.800000	-5.1999326951e+00	1.4435752508e+00	-2.0000000000e+03	1.7974350168e-03	2.0000002500e+03
19.900000	-5.0999346980e+00	1.4183575639e+00	-2.0000000000e+03	1.7439473550e-03	2.0000002500e+03
20.000000	-4.9999366543e+00	1.3934560522e+00	-2.0000000000e+03	1.6917082510e-03	2.0000002500e+03
20.100000	-4.8999385645e+00	1.3688695596e+00	-2.0000000000e+03	1.6407015941e-03	2.0000002500e+03
20.200000	-4.7999404289e+00	1.3445968674e+00	-2.0000000000e+03	1.5909109640e-03	2.0000002500e+03
20.300000	-4.6999422487e+00	1.3206366957e+00	-2.0000000000e+03	1.5423196724e-03	2.0000002500e+03
20.400000	-4.5999440240e+00	1.2969877050e+00	-2.0000000000e+03	1.4949107876e-03	2.0000002500e+03
20.500000	-4.4999457557e+00	1.2736484976e+00	-2.0000000000e+03	1.4486671452e-03	2.0000002500e+03
20.600000	-4.3999474445e+00	1.2506176192e+00	-2.0000000000e+03	1.4035713852e-03	2.0000002500e+03
20.700000	-4.2999490908e+00	1.2278935605e+00	-2.0000000000e+03	1.3596059593e-03	2.0000002500e+03
20.800000	-4.1999506955e+00	1.2054747586e+00	-2.0000000000e+03	1.3167531709e-03	2.0000002500e+03
20.900000	-4.0999522592e+00	1.1833595985e+00	-2.0000000000e+03	1.2749951798e-03	2.0000002500e+03
21.000000	-3.9999537827e+00	1.1615464146e+00	-2.0000000000e+03	1.2343140305e-03	2.0000002500e+03
21.100000	-3.8999552664e+00	1.1400334924e+00	-2.0000000000e+03	1.1946916716e-03	2.0000002500e+03
21.200000	-3.7999567112e+00	1.1188190697e+00	-2.0000000000e+03	1.1561099727e-03	2.0000002500e+03
21.300000	-3.6999581177e+00	1.0979013383e+00	-2.0000000000e+03	1.1185507473e-03	2.0000002500e+03
21.400000	-3.5999594866e+00	1.0772784455e+00	-2.0000000000e+03	1.0819957661e-03	2.0000002500e+03
21.500000	-3.4999608186e+00	1.0569484953e+00	-2.0000000000e+03	1.0464267788e-03	2.0000002500e+03
21.600000	-3.3999621142e+00	1.0369095504e+00	-2.0000000000e+03	1.0118255253e-03	2.0000002500e+03
21.700000	-3.2999633743e+00	1.0171596330e+00	-2.0000000000e+03	9.7817375623e-04	2.0000002500e+03
21.800000	-3.1999645996e+00	9.9769672664e-01	-2.0000000000e+03	9.4545324939e-04	2.0000002500e+03
21.900000	-3.0999657907e+00	9.7851877774e-01	-2.0000000000e+03	9.1364581926e-04	2.0000002500e+03
22.000000	-2.9999669482e+00	9.5962369671e-01	-2.0000000000e+03	8.8273334151e-04	2.0000002500e+03
22.100000	-2.8999680729e+00	9.4100935955e-01	-2.0000000000e+03	8.5269774712e-04	2.0000002500e+03
22.200000	-2.7999691656e+00	9.2267360923e-01	-2.0000000000e+03	8.2352106006e-04	2.0000002500e+03
22.300000	-2.6999702267e+00	9.0461425707e-01	-2.0000000000e+03	7.9518539357e-04	2.0000002500e+03
22.400000	-2.5999712569e+00	8.8682908412e-01	-2.0000000000e+03	7.6767296414e-04	2.0000002500e+03
22.500000	-2.4999722568e+00	8.6931584253e-01	-2.0000000000e+03	7.4096611170e-04	2.0000002500e+03
22.600000	-2.3999732274e+00	8.5207225689e-01	-2.0000000000e+03	7.1504730028e-04	2.0000002500e+03
22.700000	-2.2999741690e+00	8.3509602560e-01	-2.0000000000e+03	6.8989913018e-04	2.0000002500e+03
22.800000	-2.1999750826e+00	8.1838482215e-01	-2.0000000000e+03	6.6550435138e-04	2.0000002500e+03
22.900000	-2.0999759684e+00	8.0193629645e-01	-2.0000000000e+03	6.4184587363e-04	2.0000002500e+03
23.000000	-1.9999768275e+00	7.8574807614e-01	-2.0000000000e+03	6.1890676714e-04	2.0000002500e+03
23.100000	-1.8999776601e+00	7.6981776781e-01	-2.0000000000e+03	5.9667028061e-04	2.0000002500e+03
23.200000	-1.7999784670e+00	7.5414295835e-01	-2.0000000000e+03	5.7511984034e-04	2.0000002500e+03
23.300000	-1.6999792489e+00	7.3872121609e-01	-2.0000000000e+03	5.5423906560e-04	2.0000002500e+03
23.400000	-1.5999800064e+00	7.2355009211e-01	-2.0000000000e+03	5.3401176585e-04	2.0000002500e+03
23.500000	-1.4999807399e+00	7.0862712142e-01	-2.0000000000e+03	5.1442195724e-04	2.0000002500e+03
23.600000	-1.3999814501e+00	6.9394982413e-01	-2.0000000000e+03	4.9545385936e-04	2.0000002500e+03
23.700000	-1.2999821376e+00	6.7951570668e-01	-2.0000000000e+03	4.7709190399e-04	2.0000002500e+03
23.800000	-1.1999828030e+00	6.6532226291e-01	-2.0000000000e+03	4.5932074432e-04	2.0000002500e+03
23.900000	-1.0999834469e+00	6.5136697531e-01	-2.0000000000e+03	4.4212524921e-04	2.0000002500e+03
24.000000	-9.9998406990e-01	6.3764731604e-01	-2.0000000000e+03	4.2549051970e-04	2.0000002500e+03
24.100000	-8.9998467227e-01	6.2416074809e-01	-2.0000000000e+03	4.0940187821e-04	2.0000002500e+03
24.200000	-7.9998525470e-01	6.1090472633e-01	-2.0000000000e+03	3.9384489005e-04	2.0000002500e+03
24.300000	-6.9998581790e-01	5.9787669860e-01	-2.0000000000e+03	3.7880534547e-04	2.0000002500e+03
24.400000	-5.9998636222e-01	5.8507410674e-01	-2.0000000000e+03	3.6426927964e-04	2.0000002500e+03
24.500000	-4.9998688819e-01	5.7249438762e-01	-2.0000000000e+03	3.5022296337e-04	2.0000002500e+03
24.600000	-3.9998739615e-01	5.6013497412e-01	-2.0000000000e+03	3.3665291186e-04	2.0000002500e+03
24.700000	-2.9998788698e-01	5.4799329616e-01	-2.0000000000e+03	3.2354588265e-04	2.0000002500e+03
24.800000	-1.9998836084e-01	5.3606678163e-01	-2.0000000000e+03	3.1088887610e-04	2.0000002500e+03
24.900000	-9.9988818419e-02	5.2435285737e-01	-2.0000000000e+03	2.9866913937e-04	2.0000002500e+03