r	y_f	p_y_max	p_x_f	p_y_f	gama_f	w0=5.000000|lambda=1|E0=30.000000|time=100|kdamp=0.0000000000e+00|px=-2000
-25.000000	-5.0000000000e+01	5.4490757753e-09	-2.0000000000e+03	-4.5104064337e-13	2.0000002500e+03
-24.900000	-4.9900000000e+01	6.3807610824e-09	-2.0000000000e+03	-6.4090193120e-13	2.0000002500e+03
-24.800000	-4.9800000000e+01	7.5220931408e-09	-2.0000000000e+03	-8.7135342990e-13	2.0000002500e+03
-24.700000	-4.9700000000e+01	8.8046663922e-09	-2.0000000000e+03	-1.1478899910e-12	2.0000002500e+03
-24.600000	-4.9600000000e+01	1.0354986937e-08	-2.0000000000e+03	-1.4762898788e-12	2.0000002500e+03
-24.500000	-4.9500000000e+01	1.2128636125e-08	-2.0000000000e+03	-1.8625335218e-12	2.0000002500e+03
-24.400000	-4.9400000000e+01	1.4182794718e-08	-2.0000000000e+03	-2.3126940026e-12	2.0000002500e+03
-24.300000	-4.9300000000e+01	1.6625211411e-08	-2.0000000000e+03	-2.8327955590e-12	2.0000002500e+03
-24.200000	-4.9200000000e+01	1.9358201756e-08	-2.0000000000e+03	-3.4286345677e-12	2.0000002500e+03
-24.100000	-4.9100000000e+01	2.2679340239e-08	-2.0000000000e+03	-4.1055574758e-12	2.0000002500e+03
-24.000000	-4.9000000000e+01	2.6435910912e-08	-2.0000000000e+03	-4.8681909179e-12	2.0000002500e+03
-23.900000	-4.8900000000e+01	3.0793381782e-08	-2.0000000000e+03	-5.7201175394e-12	2.0000002500e+03
-23.800000	-4.8800000000e+01	3.5936410524e-08	-2.0000000000e+03	-6.6634917868e-12	2.0000002500e+03
-23.700000	-4.8700000000e+01	4.1674771445e-08	-2.0000000000e+03	-7.6985893086e-12	2.0000002500e+03
-23.600000	-4.8600000000e+01	4.8628624325e-08	-2.0000000000e+03	-8.8232844531e-12	2.0000002500e+03
-23.500000	-4.8500000000e+01	5.6475482782e-08	-2.0000000000e+03	-1.0032449279e-11	2.0000002500e+03
-23.400000	-4.8400000000e+01	6.5731283854e-08	-2.0000000000e+03	-1.1317268804e-11	2.0000002500e+03
-23.300000	-4.8300000000e+01	7.6406471870e-08	-2.0000000000e+03	-1.2664467557e-11	2.0000002500e+03
-23.200000	-4.8200000000e+01	8.9032415464e-08	-2.0000000000e+03	-1.4055442142e-11	2.0000002500e+03
-23.100000	-4.8100000000e+01	1.0366434700e-07	-2.0000000000e+03	-1.5465297756e-11	2.0000002500e+03
-23.000000	-4.8000000000e+01	1.1997100041e-07	-2.0000000000e+03	-1.6861784398e-11	2.0000002500e+03
-22.900000	-4.7900000000e+01	1.3987974613e-07	-2.0000000000e+03	-1.8204133925e-11	2.0000002500e+03
-22.800000	-4.7800000000e+01	1.6218988937e-07	-2.0000000000e+03	-1.9441797274e-11	2.0000002500e+03
-22.700000	-4.7700000000e+01	1.8770844370e-07	-2.0000000000e+03	-2.0513085759e-11	2.0000002500e+03
-22.600000	-4.7600000000e+01	2.1807568655e-07	-2.0000000000e+03	-2.1343722272e-11	2.0000002500e+03
-22.500000	-4.7500000000e+01	2.5191368313e-07	-2.0000000000e+03	-2.1845309420e-11	2.0000002500e+03
-22.400000	-4.7400000000e+01	2.9161601281e-07	-2.0000000000e+03	-2.1913729150e-11	2.0000002500e+03
-22.300000	-4.7300000000e+01	3.3759755284e-07	-2.0000000000e+03	-2.1427486034e-11	2.0000002500e+03
-22.200000	-4.7200000000e+01	3.8868347962e-07	-2.0000000000e+03	-2.0246017788e-11	2.0000002500e+03
-22.100000	-4.7100000000e+01	4.4991762365e-07	-2.0000000000e+03	-1.8207993788e-11	2.0000002500e+03
-22.000000	-4.7000000000e+01	5.1922892192e-07	-2.0000000000e+03	-1.5129635181e-11	2.0000002500e+03
-21.900000	-4.6900000000e+01	5.9620584664e-07	-2.0000000000e+03	-1.0803087711e-11	2.0000002500e+03
-21.800000	-4.6800000000e+01	6.8971619404e-07	-2.0000000000e+03	-4.9948926989e-12	2.0000002500e+03
-21.700000	-4.6700000000e+01	7.9377450507e-07	-2.0000000000e+03	2.5553996328e-12	2.0000002500e+03
-21.600000	-4.6600000000e+01	9.1248101184e-07	-2.0000000000e+03	1.2136419039e-11	2.0000002500e+03
-21.500000	-4.6500000000e+01	1.0509645544e-06	-2.0000000000e+03	2.4065901152e-11	2.0000002500e+03
-21.400000	-4.6400000000e+01	1.2086842453e-06	-2.0000000000e+03	3.8691288817e-11	2.0000002500e+03
-21.300000	-4.6300000000e+01	1.3951704491e-06	-2.0000000000e+03	5.6389923309e-11	2.0000002500e+03
-21.200000	-4.6200000000e+01	1.6022142241e-06	-2.0000000000e+03	7.7568752120e-11	2.0000002500e+03
-21.100000	-4.6100000000e+01	1.8403547033e-06	-2.0000000000e+03	1.0266344912e-10	2.0000002500e+03
-21.000000	-4.6000000000e+01	2.1194957866e-06	-2.0000000000e+03	1.3213685787e-10	2.0000002500e+03
-20.900000	-4.5900000000e+01	2.4289758724e-06	-2.0000000000e+03	1.6647664930e-10	2.0000002500e+03
-20.800000	-4.5800000000e+01	2.7839979163e-06	-2.0000000000e+03	2.0619207373e-10	2.0000002500e+03
-20.700000	-4.5700000000e+01	3.2000407819e-06	-2.0000000000e+03	2.5180969920e-10	2.0000002500e+03
-20.600000	-4.5600000000e+01	3.6608252288e-06	-2.0000000000e+03	3.0386800594e-10	2.0000002500e+03
-20.500000	-4.5500000000e+01	4.1851027966e-06	-2.0000000000e+03	3.6291070078e-10	2.0000002500e+03
-20.400000	-4.5400000000e+01	4.8026375649e-06	-2.0000000000e+03	4.2947863073e-10	2.0000002500e+03
-20.300000	-4.5300000000e+01	5.4861114668e-06	-2.0000000000e+03	5.0410015764e-10	2.0000002500e+03
-20.200000	-4.5200000000e+01	6.2525493908e-06	-2.0000000000e+03	5.8727985138e-10	2.0000002500e+03
-20.100000	-4.5100000000e+01	7.1653824805e-06	-2.0000000000e+03	6.7948537599e-10	2.0000002500e+03
-20.000000	-4.5000000000e+01	8.1753074353e-06	-2.0000000000e+03	7.8113244169e-10	2.0000002500e+03
-19.900000	-4.4900000000e+01	9.2869527150e-06	-2.0000000000e+03	8.9256768055e-10	2.0000002500e+03
-19.800000	-4.4800000000e+01	1.0628080072e-05	-2.0000000000e+03	1.0140493447e-09	2.0000002500e+03
-19.700000	-4.4700000000e+01	1.2114656327e-05	-2.0000000000e+03	1.1457257253e-09	2.0000002500e+03
-19.600000	-4.4600000000e+01	1.3751220812e-05	-2.0000000000e+03	1.2876111540e-09	2.0000002500e+03
-19.500000	-4.4500000000e+01	1.5670421648e-05	-2.0000000000e+03	1.4395595821e-09	2.0000002500e+03
-19.400000	-4.4400000000e+01	1.7849675220e-05	-2.0000000000e+03	1.6012355845e-09	2.0000002500e+03
-19.300000	-4.4300000000e+01	2.0249794609e-05	-2.0000000000e+03	1.7720828085e-09	2.0000002500e+03
-19.200000	-4.4200000000e+01	2.2965602469e-05	-2.0000000000e+03	1.9512898615e-09	2.0000002500e+03
-19.100000	-4.4100000000e+01	2.6146646109e-05	-2.0000000000e+03	2.1377534871e-09	2.0000002500e+03
-19.000000	-4.4000000000e+01	2.9652305604e-05	-2.0000000000e+03	2.3300393328e-09	2.0000002500e+03
-18.900000	-4.3900000000e+01	3.3598921151e-05	-2.0000000000e+03	2.5263400255e-09	2.0000002500e+03
-18.800000	-4.3800000000e+01	3.8085791982e-05	-2.0000000000e+03	2.7244309330e-09	2.0000002500e+03
-18.700000	-4.3700000000e+01	4.3163203835e-05	-2.0000000000e+03	2.9216234518e-09	2.0000002500e+03
-18.600000	-4.3600000000e+01	4.8913463131e-05	-2.0000000000e+03	3.1147161321e-09	2.0000002500e+03
-18.500000	-4.3500000000e+01	5.5437574188e-05	-2.0000000000e+03	3.2999436796e-09	2.0000002500e+03
-18.400000	-4.3400000000e+01	6.2593168919e-05	-2.0000000000e+03	3.4729238584e-09	2.0000002500e+03
-18.300000	-4.3300000000e+01	7.0713143570e-05	-2.0000000000e+03	3.6286028137e-09	2.0000002500e+03
-18.200000	-4.3200000000e+01	8.0147583946e-05	-2.0000000000e+03	3.7611982972e-09	2.0000002500e+03
-18.100000	-4.3100000000e+01	9.0507354219e-05	-2.0000000000e+03	3.8641416424e-09	2.0000002500e+03
-18.000000	-4.3000000000e+01	1.0183657357e-04	-2.0000000000e+03	3.9300178565e-09	2.0000002500e+03
-17.900000	-4.2900000000e+01	1.1505311328e-04	-2.0000000000e+03	3.9505042221e-09	2.0000002500e+03
-17.800000	-4.2800000000e+01	1.2996571212e-04	-2.0000000000e+03	3.9163070008e-09	2.0000002500e+03
-17.700000	-4.2700000000e+01	1.4629871375e-04	-2.0000000000e+03	3.8170961681e-09	2.0000002500e+03
-17.600000	-4.2600000000e+01	1.6411700540e-04	-2.0000000000e+03	3.6414374801e-09	2.0000002500e+03
-17.500000	-4.2500000000e+01	1.8523237741e-04	-2.0000000000e+03	3.3767214493e-09	2.0000002500e+03
-17.400000	-4.2400000000e+01	2.0862910495e-04	-2.0000000000e+03	3.0090874323e-09	2.0000002500e+03
-17.300000	-4.2300000000e+01	2.3420027135e-04	-2.0000000000e+03	2.5233423387e-09	2.0000002500e+03
-17.200000	-4.2200000000e+01	2.6204296549e-04	-2.0000000000e+03	1.9028712647e-09	2.0000002500e+03
-17.100000	-4.2100000000e+01	2.9519751308e-04	-2.0000000000e+03	1.1295380473e-09	2.0000002500e+03
-17.000000	-4.2000000000e+01	3.3164130648e-04	-2.0000000000e+03	1.8357147239e-10	2.0000002500e+03
-16.900000	-4.1900000000e+01	3.7140532633e-04	-2.0000000000e+03	-9.5656606791e-10	2.0000002500e+03
-16.800000	-4.1800000000e+01	4.1463734014e-04	-2.0000000000e+03	-2.3143335670e-09	2.0000002500e+03
-16.700000	-4.1700000000e+01	4.6566658494e-04	-2.0000000000e+03	-3.9152956039e-09	2.0000002500e+03
-16.600000	-4.1600000000e+01	5.2201455778e-04	-2.0000000000e+03	-5.7873462641e-09	2.0000002500e+03
-16.500000	-4.1500000000e+01	5.8341688271e-04	-2.0000000000e+03	-7.9609805005e-09	2.0000002500e+03
-16.400000	-4.1400000000e+01	6.5010162942e-04	-2.0000000000e+03	-1.0469625796e-08	2.0000002500e+03
-16.300000	-4.1300000000e+01	7.2712596512e-04	-2.0000000000e+03	-1.3350051073e-08	2.0000002500e+03
-16.200000	-4.1200000000e+01	8.1359081927e-04	-2.0000000000e+03	-1.6642867773e-08	2.0000002500e+03
-16.100000	-4.1100000000e+01	9.0772148129e-04	-2.0000000000e+03	-2.0393146843e-08	2.0000002500e+03
-16.000000	-4.1000000000e+01	1.0098731974e-03	-2.0000000000e+03	-2.4651178704e-08	2.0000002500e+03
-15.900000	-4.0900000001e+01	1.1234645498e-03	-2.0000000000e+03	-2.9473402595e-08	2.0000002500e+03
-15.800000	-4.0800000001e+01	1.2550685141e-03	-2.0000000000e+03	-3.4923546938e-08	2.0000002500e+03
-15.700000	-4.0700000001e+01	1.3982437015e-03	-2.0000000000e+03	-4.1074022287e-08	2.0000002500e+03
-15.600000	-4.0600000001e+01	1.5535455394e-03	-2.0000000000e+03	-4.8007615407e-08	2.0000002500e+03
-15.500000	-4.0500000001e+01	1.7214936602e-03	-2.0000000000e+03	-5.5819550919e-08	2.0000002500e+03
-15.400000	-4.0400000001e+01	1.9156041093e-03	-2.0000000000e+03	-6.4619981316e-08	2.0000002500e+03
-15.300000	-4.0300000002e+01	2.1315336098e-03	-2.0000000000e+03	-7.4536999983e-08	2.0000002500e+03
-15.200000	-4.0200000002e+01	2.3656900356e-03	-2.0000000000e+03	-8.5720261589e-08	2.0000002500e+03
-15.100000	-4.0100000002e+01	2.6188994888e-03	-2.0000000000e+03	-9.8345329391e-08	2.0000002500e+03
-15.000000	-4.0000000003e+01	2.8919326719e-03	-2.0000000000e+03	-1.1261887530e-07	2.0000002500e+03
-14.900000	-3.9900000003e+01	3.2134379161e-03	-2.0000000000e+03	-1.2878488558e-07	2.0000002500e+03
-14.800000	-3.9800000004e+01	3.5632492947e-03	-2.0000000000e+03	-1.4713204158e-07	2.0000002500e+03
-14.700000	-3.9700000004e+01	3.9415588802e-03	-2.0000000000e+03	-1.6800247762e-07	2.0000002500e+03
-14.600000	-3.9600000005e+01	4.3496092991e-03	-2.0000000000e+03	-1.9180214625e-07	2.0000002500e+03
-14.500000	-3.9500000006e+01	4.7885629340e-03	-2.0000000000e+03	-2.1901304765e-07	2.0000002500e+03
-14.400000	-3.9400000007e+01	5.3044586705e-03	-2.0000000000e+03	-2.5020763450e-07	2.0000002500e+03
-14.300000	-3.9300000008e+01	5.8639173650e-03	-2.0000000000e+03	-2.8606572111e-07	2.0000002500e+03
-14.200000	-3.9200000009e+01	6.4675706827e-03	-2.0000000000e+03	-3.2739429572e-07	2.0000002500e+03
-14.100000	-3.9100000010e+01	7.1173030151e-03	-2.0000000000e+03	-3.7515067006e-07	2.0000002500e+03
-14.000000	-3.9000000012e+01	7.8148889826e-03	-2.0000000000e+03	-4.3046948843e-07	2.0000002500e+03
-13.900000	-3.8900000014e+01	8.6148884358e-03	-2.0000000000e+03	-4.9469412082e-07	2.0000002500e+03
-13.800000	-3.8800000017e+01	9.4978899244e-03	-2.0000000000e+03	-5.6941311911e-07	2.0000002500e+03
-13.700000	-3.8700000020e+01	1.0448827103e-02	-2.0000000000e+03	-6.5650242601e-07	2.0000002500e+03
-13.600000	-3.8600000023e+01	1.1470575236e-02	-2.0000000000e+03	-7.5817413078e-07	2.0000002500e+03
-13.500000	-3.8500000027e+01	1.2565868916e-02	-2.0000000000e+03	-8.7703270430e-07	2.0000002500e+03
-13.400000	-3.8400000032e+01	1.3758001470e-02	-2.0000000000e+03	-1.0161396386e-06	2.0000002500e+03
-13.300000	-3.8300000037e+01	1.5131835771e-02	-2.0000000000e+03	-1.1790877060e-06	2.0000002500e+03
-13.200000	-3.8200000044e+01	1.6608927008e-02	-2.0000000000e+03	-1.3700859020e-06	2.0000002500e+03
-13.100000	-3.8100000052e+01	1.8193644683e-02	-2.0000000000e+03	-1.5940565542e-06	2.0000002500e+03
-13.000000	-3.8000000061e+01	1.9890187452e-02	-2.0000000000e+03	-1.8567460940e-06	2.0000002500e+03
-12.900000	-3.7900000072e+01	2.1702532972e-02	-2.0000000000e+03	-2.1648509120e-06	2.0000002500e+03
-12.800000	-3.7800000085e+01	2.3697510541e-02	-2.0000000000e+03	-2.5261603172e-06	2.0000002500e+03
-12.700000	-3.7700000100e+01	2.5958152726e-02	-2.0000000000e+03	-2.9497184294e-06	2.0000002500e+03
-12.600000	-3.7600000117e+01	2.8380439199e-02	-2.0000000000e+03	-3.4460069238e-06	2.0000002500e+03
-12.500000	-3.7500000138e+01	3.0970781645e-02	-2.0000000000e+03	-4.0271512650e-06	2.0000002500e+03
-12.400000	-3.7400000162e+01	3.3735339362e-02	-2.0000000000e+03	-4.7071523027e-06	2.0000002500e+03
-12.300000	-3.7300000191e+01	3.6679953581e-02	-2.0000000000e+03	-5.5021464570e-06	2.0000002500e+03
-12.200000	-3.7200000224e+01	3.9827860944e-02	-2.0000000000e+03	-6.4306964590e-06	2.0000002500e+03
-12.100000	-3.7100000263e+01	4.3467735331e-02	-2.0000000000e+03	-7.5141163583e-06	2.0000002500e+03
-12.000000	-3.7000000309e+01	4.7355947870e-02	-2.0000000000e+03	-8.7768331356e-06	2.0000002500e+03
-11.900000	-3.6900000362e+01	5.1501792958e-02	-2.0000000000e+03	-1.0246788282e-05	2.0000002500e+03
-11.800000	-3.6800000424e+01	5.5914207613e-02	-2.0000000000e+03	-1.1955883247e-05	2.0000002500e+03
-11.700000	-3.6700000496e+01	6.0601687757e-02	-2.0000000000e+03	-1.3940470669e-05	2.0000002500e+03
-11.600000	-3.6600000580e+01	6.5572199744e-02	-2.0000000000e+03	-1.6241896650e-05	2.0000002500e+03
-11.500000	-3.6500000677e+01	7.1048363690e-02	-2.0000000000e+03	-1.8907095649e-05	2.0000002500e+03
-11.400000	-3.6400000789e+01	7.7158106924e-02	-2.0000000000e+03	-2.1989242723e-05	2.0000002500e+03
-11.300000	-3.6300000919e+01	8.3655994605e-02	-2.0000000000e+03	-2.5548466407e-05	2.0000002500e+03
-11.200000	-3.6200001068e+01	9.0554953943e-02	-2.0000000000e+03	-2.9652623756e-05	2.0000002500e+03
-11.100000	-3.6100001241e+01	9.7867340432e-02	-2.0000000000e+03	-3.4378143154e-05	2.0000002500e+03
-11.000000	-3.6000001439e+01	1.0560483179e-01	-2.0000000000e+03	-3.9810935232e-05	2.0000002500e+03
-10.900000	-3.5900001667e+01	1.1377831778e-01	-2.0000000000e+03	-4.6047374593e-05	2.0000002500e+03
-10.800000	-3.5800001929e+01	1.2245625691e-01	-2.0000000000e+03	-5.3195357116e-05	2.0000002500e+03
-10.700000	-3.5700002228e+01	1.3238597719e-01	-2.0000000000e+03	-6.1375428137e-05	2.0000002500e+03
-10.600000	-3.5600002570e+01	1.4290319062e-01	-2.0000000000e+03	-7.0721987748e-05	2.0000002500e+03
-10.500000	-3.5500002961e+01	1.5402511951e-01	-2.0000000000e+03	-8.1384571034e-05	2.0000002500e+03
-10.400000	-3.5400003407e+01	1.6576809726e-01	-2.0000000000e+03	-9.3529198590e-05	2.0000002500e+03
-10.300000	-3.5300003914e+01	1.7814743729e-01	-2.0000000000e+03	-1.0733980149e-04	2.0000002500e+03
-10.200000	-3.5200004489e+01	1.9117729920e-01	-2.0000000000e+03	-1.2301970911e-04	2.0000002500e+03
-10.100000	-3.5100005143e+01	2.0487055261e-01	-2.0000000000e+03	-1.4079320438e-04	2.0000002500e+03
-10.000000	-3.5000005882e+01	2.1977811276e-01	-2.0000000000e+03	-1.6090712768e-04	2.0000002500e+03
-9.900000	-3.4900006718e+01	2.3629654008e-01	-2.0000000000e+03	-1.8363253235e-04	2.0000002500e+03
-9.800000	-3.4800007662e+01	2.5370282335e-01	-2.0000000000e+03	-2.0926637280e-04	2.0000002500e+03
-9.700000	-3.4700008725e+01	2.7201821434e-01	-2.0000000000e+03	-2.3813321812e-04	2.0000002500e+03
-9.600000	-3.4600009921e+01	2.9126254774e-01	-2.0000000000e+03	-2.7058697373e-04	2.0000002500e+03
-9.500000	-3.4500011264e+01	3.1145408946e-01	-2.0000000000e+03	-3.0701259231e-04	2.0000002500e+03
-9.400000	-3.4400012770e+01	3.3260938509e-01	-2.0000000000e+03	-3.4782776162e-04	2.0000002500e+03
-9.300000	-3.4300014456e+01	3.5474310951e-01	-2.0000000000e+03	-3.9348453315e-04	2.0000002500e+03
-9.200000	-3.4200016339e+01	3.7786791840e-01	-2.0000000000e+03	-4.4447088156e-04	2.0000002500e+03
-9.100000	-3.4100018440e+01	4.0251290742e-01	-2.0000000000e+03	-5.0131215702e-04	2.0000002500e+03
-9.000000	-3.4000020779e+01	4.2997988374e-01	-2.0000000000e+03	-5.6457240281e-04	2.0000002500e+03
-8.900000	-3.3900023379e+01	4.5873747353e-01	-2.0000000000e+03	-6.3485550333e-04	2.0000002500e+03
-8.800000	-3.3800026265e+01	4.8880597186e-01	-2.0000000000e+03	-7.1280612828e-04	2.0000002500e+03
-8.700000	-3.3700029462e+01	5.2020326472e-01	-2.0000000000e+03	-7.9911043117e-04	2.0000002500e+03
-8.600000	-3.3600032997e+01	5.5294466382e-01	-2.0000000000e+03	-8.9449646692e-04	2.0000002500e+03
-8.500000	-3.3500036899e+01	5.8704274677e-01	-2.0000000000e+03	-9.9973427388e-04	2.0000002500e+03
-8.400000	-3.3400041199e+01	6.2250720408e-01	-2.0000000000e+03	-1.1156355797e-03	2.0000002500e+03
-8.300000	-3.3300045928e+01	6.5934469379e-01	-2.0000000000e+03	-1.2430530991e-03	2.0000002500e+03
-8.200000	-3.3200051121e+01	6.9809356026e-01	-2.0000000000e+03	-1.3828793411e-03	2.0000002500e+03
-8.100000	-3.3100056812e+01	7.4143033437e-01	-2.0000000000e+03	-1.5360449050e-03	2.0000002500e+03
-8.000000	-3.3000063038e+01	7.8654048530e-01	-2.0000000000e+03	-1.7035162196e-03	2.0000002500e+03
-7.900000	-3.2900069837e+01	8.3343824108e-01	-2.0000000000e+03	-1.8862926457e-03	2.0000002500e+03
-7.800000	-3.2800077247e+01	8.8213425098e-01	-2.0000000000e+03	-2.0854029244e-03	2.0000002500e+03
-7.700000	-3.2700085308e+01	9.3263542672e-01	-2.0000000000e+03	-2.3019009213e-03	2.0000002500e+03
-7.600000	-3.2600094061e+01	9.8494479415e-01	-2.0000000000e+03	-2.5368606103e-03	2.0000002500e+03
-7.500000	-3.2500103547e+01	1.0390613566e+00	-2.0000000000e+03	-2.7913702782e-03	2.0000002500e+03
-7.400000	-3.2400113807e+01	1.0949799710e+00	-2.0000000000e+03	-3.0665259054e-03	2.0000002500e+03
-7.300000	-3.2300124884e+01	1.1526912371e+00	-2.0000000000e+03	-3.3634237050e-03	2.0000002500e+03
-7.200000	-3.2200136818e+01	1.2121814019e+00	-2.0000000000e+03	-3.6831517887e-03	2.0000002500e+03
-7.100000	-3.2100149651e+01	1.2734322784e+00	-2.0000000000e+03	-4.0267809716e-03	2.0000002500e+03
-7.000000	-3.2000163421e+01	1.3392026594e+00	-2.0000000000e+03	-4.3953546871e-03	2.0000002500e+03
-6.900000	-3.1900178168e+01	1.4093070888e+00	-2.0000000000e+03	-4.7898780430e-03	2.0000002500e+03
-6.800000	-3.1800193928e+01	1.4815816661e+00	-2.0000000000e+03	-5.2113060313e-03	2.0000002500e+03
-6.700000	-3.1700210735e+01	1.5560071498e+00	-2.0000000000e+03	-5.6605309410e-03	2.0000002500e+03
-6.600000	-3.1600228620e+01	1.6325589286e+00	-2.0000000000e+03	-6.1383689743e-03	2.0000002500e+03
-6.500000	-3.1500247613e+01	1.7112069385e+00	-2.0000000000e+03	-6.6455461930e-03	2.0000002500e+03
-6.400000	-3.1400267736e+01	1.7919155974e+00	-2.0000000000e+03	-7.1826838414e-03	2.0000002500e+03
-6.300000	-3.1300289010e+01	1.8746437590e+00	-2.0000000000e+03	-7.7502831101e-03	2.0000002500e+03
-6.200000	-3.1200311449e+01	1.9593446856e+00	-2.0000000000e+03	-8.3487095062e-03	2.0000002500e+03
-6.100000	-3.1100335062e+01	2.0459660410e+00	-2.0000000000e+03	-8.9781769274e-03	2.0000002500e+03
-6.000000	-3.1000359852e+01	2.1344499030e+00	-2.0000000000e+03	-9.6387315414e-03	2.0000002500e+03
-5.900000	-3.0900385814e+01	2.2247327967e+00	-2.0000000000e+03	-1.0330235701e-02	2.0000002500e+03
-5.800000	-3.0800412937e+01	2.3167457480e+00	-2.0000000000e+03	-1.1052352039e-02	2.0000002500e+03
-5.700000	-3.0700441201e+01	2.4121384149e+00	-2.0000000000e+03	-1.1804527854e-02	2.0000002500e+03
-5.600000	-3.0600470578e+01	2.5150552862e+00	-2.0000000000e+03	-1.2585980139e-02	2.0000002500e+03
-5.500000	-3.0500501028e+01	2.6199927240e+00	-2.0000000000e+03	-1.3395681289e-02	2.0000002500e+03
-5.400000	-3.0400532506e+01	2.7268653246e+00	-2.0000000000e+03	-1.4232345835e-02	2.0000002500e+03
-5.300000	-3.0300564952e+01	2.8358276372e+00	-2.0000000000e+03	-1.5094418384e-02	2.0000002500e+03
-5.200000	-3.0200598300e+01	2.9472659491e+00	-2.0000000000e+03	-1.5980062950e-02	2.0000002500e+03
-5.100000	-3.0100632468e+01	3.0603207562e+00	-2.0000000000e+03	-1.6887154004e-02	2.0000002500e+03
-5.000000	-3.0000667367e+01	3.1748769141e+00	-2.0000000000e+03	-1.7813269408e-02	2.0000002500e+03
-4.900000	-2.9900702895e+01	3.2908132807e+00	-2.0000000000e+03	-1.8755685429e-02	2.0000002500e+03
-4.800000	-2.9800738938e+01	3.4080029263e+00	-2.0000000000e+03	-1.9711374195e-02	2.0000002500e+03
-4.700000	-2.9700775371e+01	3.5263133672e+00	-1.9999999999e+03	-2.0677003569e-02	2.0000002501e+03
-4.600000	-2.9600812057e+01	3.6456068199e+00	-1.9999999999e+03	-2.1648939901e-02	2.0000002501e+03
-4.500000	-2.9500848848e+01	3.7657404762e+00	-1.9999999999e+03	-2.2623253593e-02	2.0000002501e+03
-4.400000	-2.9400885585e+01	3.8865667989e+00	-1.9999999999e+03	-2.3595727819e-02	2.0000002501e+03
-4.300000	-2.9300922100e+01	4.0079338348e+00	-1.9999999999e+03	-2.4561870386e-02	2.0000002501e+03
-4.200000	-2.9200958211e+01	4.1296855466e+00	-1.9999999999e+03	-2.5516928897e-02	2.0000002501e+03
-4.100000	-2.9100993732e+01	4.2516621604e+00	-1.9999999999e+03	-2.6455909289e-02	2.0000002501e+03
-4.000000	-2.9001028464e+01	4.3767627800e+00	-1.9999999999e+03	-2.7373597758e-02	2.0000002501e+03
-3.900000	-2.8901062204e+01	4.5081216084e+00	-1.9999999999e+03	-2.8264585986e-02	2.0000002501e+03
-3.800000	-2.8801094739e+01	4.6396035529e+00	-1.9999999999e+03	-2.9123299798e-02	2.0000002501e+03
-3.700000	-2.8701125855e+01	4.7713249463e+00	-1.9999999999e+03	-2.9944030942e-02	2.0000002501e+03
-3.600000	-2.8601155331e+01	4.9030463362e+00	-1.9999999999e+03	-3.0720972013e-02	2.0000002501e+03
-3.500000	-2.8501182944e+01	5.0342558958e+00	-1.9999999999e+03	-3.1448254195e-02	2.0000002501e+03
-3.400000	-2.8401208471e+01	5.1647518638e+00	-1.9999999999e+03	-3.2119987779e-02	2.0000002501e+03
-3.300000	-2.8301231690e+01	5.2943303392e+00	-1.9999999999e+03	-3.2730304923e-02	2.0000002501e+03
-3.200000	-2.8201252380e+01	5.4227857994e+00	-1.9999999999e+03	-3.3273404607e-02	2.0000002501e+03
-3.100000	-2.8101270325e+01	5.5499116283e+00	-1.9999999999e+03	-3.3743599192e-02	2.0000002501e+03
-3.000000	-2.8001285315e+01	5.6755006535e+00	-1.9999999999e+03	-3.4135362368e-02	2.0000002501e+03
-2.900000	-2.7901297148e+01	5.7993456891e+00	-1.9999999999e+03	-3.4443377847e-02	2.0000002501e+03
-2.800000	-2.7801305631e+01	5.9212400844e+00	-1.9999999998e+03	-3.4662588614e-02	2.0000002502e+03
-2.700000	-2.7701310584e+01	6.0409782740e+00	-1.9999999998e+03	-3.4788245904e-02	2.0000002502e+03
-2.600000	-2.7601311838e+01	6.1583563282e+00	-1.9999999998e+03	-3.4815957726e-02	2.0000002502e+03
-2.500000	-2.7501309243e+01	6.2731725027e+00	-1.9999999998e+03	-3.4741736074e-02	2.0000002502e+03
-2.400000	-2.7401302661e+01	6.3852277832e+00	-1.9999999999e+03	-3.4562042637e-02	2.0000002501e+03
-2.300000	-2.7301291978e+01	6.4943264248e+00	-1.9999999999e+03	-3.4273832104e-02	2.0000002501e+03
-2.200000	-2.7201277097e+01	6.6002764839e+00	-1.9999999999e+03	-3.3874592874e-02	2.0000002501e+03
-2.100000	-2.7101257943e+01	6.7028903395e+00	-1.9999999999e+03	-3.3362384306e-02	2.0000002501e+03
-2.000000	-2.7001234465e+01	6.8019852033e+00	-1.9999999999e+03	-3.2735870300e-02	2.0000002501e+03
-1.900000	-2.6901206634e+01	6.8973836161e+00	-1.9999999999e+03	-3.1994348582e-02	2.0000002501e+03
-1.800000	-2.6801174448e+01	6.9889139291e+00	-1.9999999999e+03	-3.1137775222e-02	2.0000002501e+03
-1.700000	-2.6701137931e+01	7.0764107683e+00	-1.9999999999e+03	-3.0166784136e-02	2.0000002501e+03
-1.600000	-2.6601097131e+01	7.1597154797e+00	-1.9999999999e+03	-2.9082701037e-02	2.0000002501e+03
-1.500000	-2.6501052124e+01	7.2386765556e+00	-1.9999999999e+03	-2.7887551690e-02	2.0000002501e+03
-1.400000	-2.6401003013e+01	7.3131500388e+00	-1.9999999999e+03	-2.6584064120e-02	2.0000002501e+03
-1.300000	-2.6300949928e+01	7.3829999043e+00	-1.9999999999e+03	-2.5175664758e-02	2.0000002501e+03
-1.200000	-2.6200893023e+01	7.4483276169e+00	-1.9999999999e+03	-2.3666468147e-02	2.0000002501e+03
-1.100000	-2.6100832480e+01	7.5089932677e+00	-1.9999999999e+03	-2.2061260541e-02	2.0000002501e+03
-1.000000	-2.6000768503e+01	7.5646816233e+00	-1.9999999999e+03	-2.0365477129e-02	2.0000002501e+03
-0.900000	-2.5900701323e+01	7.6152881881e+00	-2.0000000000e+03	-1.8585173127e-02	2.0000002500e+03
-0.800000	-2.5800631191e+01	7.6608924961e+00	-2.0000000000e+03	-1.6726988997e-02	2.0000002500e+03
-0.700000	-2.5700558379e+01	7.7028828761e+00	-2.0000000000e+03	-1.4798109958e-02	2.0000002500e+03
-0.600000	-2.5600483178e+01	7.7395971838e+00	-2.0000000000e+03	-1.2806220055e-02	2.0000002500e+03
-0.500000	-2.5500405896e+01	7.7709634070e+00	-2.0000000000e+03	-1.0759451482e-02	2.0000002500e+03
-0.400000	-2.5400326857e+01	7.7969194245e+00	-2.0000000000e+03	-8.6663293170e-03	2.0000002500e+03
-0.300000	-2.5300246397e+01	7.8174131942e+00	-2.0000000000e+03	-6.5357122326e-03	2.0000002500e+03
-0.200000	-2.5200164861e+01	7.8324029153e+00	-2.0000000000e+03	-4.3767300242e-03	2.0000002500e+03
-0.100000	-2.5100082605e+01	7.8418571641e+00	-2.0000000000e+03	-2.1987182975e-03	2.0000002500e+03
0.000000	-2.4999999986e+01	7.8457550026e+00	-2.0000000000e+03	-1.1150970043e-05	2.0000002500e+03
0.100000	-2.4899917368e+01	7.8440860594e+00	-2.0000000000e+03	2.1764284530e-03	2.0000002500e+03
0.200000	-2.4799835112e+01	7.8368505820e+00	-2.0000000000e+03	4.3544764641e-03	2.0000002500e+03
0.300000	-2.4699753578e+01	7.8240594615e+00	-2.0000000000e+03	6.5135191119e-03	2.0000002500e+03
0.400000	-2.4599673119e+01	7.8057342268e+00	-2.0000000000e+03	8.6442207721e-03	2.0000002500e+03
0.500000	-2.4499594083e+01	7.7819070104e+00	-2.0000000000e+03	1.0737451591e-02	2.0000002500e+03
0.600000	-2.4399516804e+01	7.7526204848e+00	-2.0000000000e+03	1.2784352771e-02	2.0000002500e+03
0.700000	-2.4299441606e+01	7.7179277682e+00	-2.0000000000e+03	1.4776399167e-02	2.0000002500e+03
0.800000	-2.4199368798e+01	7.6778923021e+00	-2.0000000000e+03	1.6705458490e-02	2.0000002500e+03
0.900000	-2.4099298670e+01	7.6325876978e+00	-2.0000000000e+03	1.8563846488e-02	2.0000002500e+03
1.000000	-2.3999231494e+01	7.5820975544e+00	-1.9999999999e+03	2.0344377825e-02	2.0000002501e+03
1.100000	-2.3899167523e+01	7.5265152480e+00	-1.9999999999e+03	2.2040411800e-02	2.0000002501e+03
1.200000	-2.3799106985e+01	7.4659436911e+00	-1.9999999999e+03	2.3645892966e-02	2.0000002501e+03
1.300000	-2.3699050085e+01	7.4004950653e+00	-1.9999999999e+03	2.5155385865e-02	2.0000002501e+03
1.400000	-2.3598997006e+01	7.3302905255e+00	-1.9999999999e+03	2.6564103952e-02	2.0000002501e+03
1.500000	-2.3498947901e+01	7.2554598777e+00	-1.9999999999e+03	2.7867932265e-02	2.0000002501e+03
1.600000	-2.3398902900e+01	7.1761412317e+00	-1.9999999999e+03	2.9063444062e-02	2.0000002501e+03
1.700000	-2.3298862106e+01	7.0924806279e+00	-1.9999999999e+03	3.0147910819e-02	2.0000002501e+03
1.800000	-2.3198825594e+01	7.0046316413e+00	-1.9999999999e+03	3.1119306289e-02	2.0000002501e+03
1.900000	-2.3098793415e+01	6.9127549629e+00	-1.9999999999e+03	3.1976304219e-02	2.0000002501e+03
2.000000	-2.2998765590e+01	6.8170179600e+00	-1.9999999999e+03	3.2718270100e-02	2.0000002501e+03
2.100000	-2.2898742117e+01	6.7175942168e+00	-1.9999999999e+03	3.3345247181e-02	2.0000002501e+03
2.200000	-2.2798722969e+01	6.6146630575e+00	-1.9999999999e+03	3.3857937033e-02	2.0000002501e+03
2.300000	-2.2698708093e+01	6.5084090526e+00	-1.9999999999e+03	3.4257674979e-02	2.0000002501e+03
2.400000	-2.2598697416e+01	6.3990215103e+00	-1.9999999999e+03	3.4546400821e-02	2.0000002501e+03
2.500000	-2.2498690839e+01	6.2866939564e+00	-1.9999999998e+03	3.4726625267e-02	2.0000002502e+03
2.600000	-2.2398688248e+01	6.1716236019e+00	-1.9999999998e+03	3.4801392676e-02	2.0000002502e+03
2.700000	-2.2298689507e+01	6.0540108023e+00	-1.9999999998e+03	3.4774240350e-02	2.0000002502e+03
2.800000	-2.2198694463e+01	5.9340585102e+00	-1.9999999998e+03	3.4649155191e-02	2.0000002502e+03
2.900000	-2.2098702950e+01	5.8119717226e+00	-1.9999999999e+03	3.4430528082e-02	2.0000002501e+03
3.000000	-2.1998714786e+01	5.6879569257e+00	-1.9999999999e+03	3.4123106593e-02	2.0000002501e+03
3.100000	-2.1898729779e+01	5.5622215389e+00	-1.9999999999e+03	3.3731946517e-02	2.0000002501e+03
3.200000	-2.1798747726e+01	5.4349733605e+00	-1.9999999999e+03	3.3262362831e-02	2.0000002501e+03
3.300000	-2.1698768417e+01	5.3064200163e+00	-1.9999999999e+03	3.2719880536e-02	2.0000002501e+03
3.400000	-2.1598791637e+01	5.1767684143e+00	-1.9999999999e+03	3.2110185879e-02	2.0000002501e+03
3.500000	-2.1498817165e+01	5.0462242071e+00	-1.9999999999e+03	3.1439078479e-02	2.0000002501e+03
3.600000	-2.1398844779e+01	4.9149912640e+00	-1.9999999999e+03	3.0712424724e-02	2.0000002501e+03
3.700000	-2.1298874254e+01	4.7832711540e+00	-1.9999999999e+03	2.9936112876e-02	2.0000002501e+03
3.800000	-2.1198905369e+01	4.6512626438e+00	-1.9999999999e+03	2.9116010270e-02	2.0000002501e+03
3.900000	-2.1098937903e+01	4.5191612098e+00	-1.9999999999e+03	2.8257922807e-02	2.0000002501e+03
4.000000	-2.0998971640e+01	4.3871585682e+00	-1.9999999999e+03	2.7367557217e-02	2.0000002501e+03
4.100000	-2.0899006370e+01	4.2625851532e+00	-1.9999999999e+03	2.6450486211e-02	2.0000002501e+03
4.200000	-2.0799041888e+01	4.1404466594e+00	-1.9999999999e+03	2.5512116572e-02	2.0000002501e+03
4.300000	-2.0699077996e+01	4.0185609782e+00	-1.9999999999e+03	2.4557660645e-02	2.0000002501e+03
4.400000	-2.0599114506e+01	3.8970873755e+00	-1.9999999999e+03	2.3592111038e-02	2.0000002501e+03
4.500000	-2.0499151239e+01	3.7761812339e+00	-1.9999999999e+03	2.2620218698e-02	2.0000002501e+03
4.600000	-2.0399188026e+01	3.6559937110e+00	-1.9999999999e+03	2.1646474442e-02	2.0000002501e+03
4.700000	-2.0299224707e+01	3.5366714151e+00	-1.9999999999e+03	2.0675093748e-02	2.0000002501e+03
4.800000	-2.0199261135e+01	3.4183560996e+00	-2.0000000000e+03	1.9710004900e-02	2.0000002500e+03
4.900000	-2.0099297172e+01	3.3011843758e+00	-2.0000000000e+03	1.8754840312e-02	2.0000002500e+03
5.000000	-1.9999332694e+01	3.1852874471e+00	-2.0000000000e+03	1.7812930931e-02	2.0000002500e+03
5.100000	-1.9899367588e+01	3.0707908638e+00	-2.0000000000e+03	1.6887303541e-02	2.0000002500e+03
5.200000	-1.9799401750e+01	2.9578143000e+00	-2.0000000000e+03	1.5980680817e-02	2.0000002500e+03
5.300000	-1.9699435091e+01	2.8464713535e+00	-2.0000000000e+03	1.5095483955e-02	2.0000002500e+03
5.400000	-1.9599467532e+01	2.7368693687e+00	-2.0000000000e+03	1.4233837614e-02	2.0000002500e+03
5.500000	-1.9499499003e+01	2.6291092833e+00	-2.0000000000e+03	1.3397576987e-02	2.0000002500e+03
5.600000	-1.9399529447e+01	2.5232854993e+00	-2.0000000000e+03	1.2588256786e-02	2.0000002500e+03
5.700000	-1.9299558817e+01	2.4194857776e+00	-2.0000000000e+03	1.1807161899e-02	2.0000002500e+03
5.800000	-1.9199587075e+01	2.3213111968e+00	-2.0000000000e+03	1.1055319420e-02	2.0000002500e+03
5.900000	-1.9099614192e+01	2.2287557102e+00	-2.0000000000e+03	1.0333511978e-02	2.0000002500e+03
6.000000	-1.8999640148e+01	2.1379258926e+00	-2.0000000000e+03	9.6422919719e-03	2.0000002500e+03
6.100000	-1.8899664932e+01	2.0488926267e+00	-2.0000000000e+03	8.9819966047e-03	2.0000002500e+03
6.200000	-1.8799688539e+01	1.9617212860e+00	-2.0000000000e+03	8.3527634185e-03	2.0000002500e+03
6.300000	-1.8699710973e+01	1.8764716721e+00	-2.0000000000e+03	7.7545462651e-03	2.0000002500e+03
6.400000	-1.8599732242e+01	1.7931979718e+00	-2.0000000000e+03	7.1871313732e-03	2.0000002500e+03
6.500000	-1.8499752360e+01	1.7119487355e+00	-2.0000000000e+03	6.6501534602e-03	2.0000002500e+03
6.600000	-1.8399771348e+01	1.6327668754e+00	-2.0000000000e+03	6.1431116364e-03	2.0000002500e+03
6.700000	-1.8299789229e+01	1.5556896843e+00	-2.0000000000e+03	5.6653850796e-03	2.0000002500e+03
6.800000	-1.8199806032e+01	1.4807488736e+00	-2.0000000000e+03	5.2162482180e-03	2.0000002500e+03
6.900000	-1.8099821788e+01	1.4079706312e+00	-2.0000000000e+03	4.7948854324e-03	2.0000002500e+03
7.000000	-1.7999836531e+01	1.3373756977e+00	-2.0000000000e+03	4.4004051111e-03	2.0000002500e+03
7.100000	-1.7899850299e+01	1.2689794608e+00	-2.0000000000e+03	4.0318529954e-03	2.0000002500e+03
7.200000	-1.7799863128e+01	1.2075584950e+00	-2.0000000000e+03	3.6882247973e-03	2.0000002500e+03
7.300000	-1.7699875060e+01	1.1484844579e+00	-2.0000000000e+03	3.3684779540e-03	2.0000002500e+03
7.400000	-1.7599886135e+01	1.0911582701e+00	-2.0000000000e+03	3.0715425967e-03	2.0000002500e+03
7.500000	-1.7499896394e+01	1.0355952779e+00	-2.0000000000e+03	2.7963316015e-03	2.0000002500e+03
7.600000	-1.7399905878e+01	9.8180647451e-01	-2.0000000000e+03	2.5417497893e-03	2.0000002500e+03
7.700000	-1.7299914630e+01	9.2979858461e-01	-2.0000000000e+03	2.3067022594e-03	2.0000002500e+03
7.800000	-1.7199922691e+01	8.7957416512e-01	-2.0000000000e+03	2.0901018314e-03	2.0000002500e+03
7.900000	-1.7099930100e+01	8.3113172037e-01	-2.0000000000e+03	1.8908756689e-03	2.0000002500e+03
8.000000	-1.6999936899e+01	7.8471224398e-01	-2.0000000000e+03	1.7079710581e-03	2.0000002500e+03
8.100000	-1.6899943125e+01	7.4016269256e-01	-2.0000000000e+03	1.5403604252e-03	2.0000002500e+03
8.200000	-1.6799948817e+01	6.9929057057e-01	-2.0000000000e+03	1.3870455802e-03	2.0000002500e+03
8.300000	-1.6699954011e+01	6.6089521832e-01	-2.0000000000e+03	1.2470612665e-03	2.0000002500e+03
8.400000	-1.6599958742e+01	6.2389311733e-01	-2.0000000000e+03	1.1194780455e-03	2.0000002500e+03
8.500000	-1.6499963043e+01	5.8827951420e-01	-2.0000000000e+03	1.0034045575e-03	2.0000002500e+03
8.600000	-1.6399966947e+01	5.5404654882e-01	-2.0000000000e+03	8.9798922149e-04	2.0000002500e+03
8.700000	-1.6299970484e+01	5.2118339181e-01	-2.0000000000e+03	8.0242141122e-04	2.0000002500e+03
8.800000	-1.6199973682e+01	4.8967639014e-01	-2.0000000000e+03	7.1593216748e-04	2.0000002500e+03
8.900000	-1.6099976570e+01	4.5950922009e-01	-2.0000000000e+03	6.3779447297e-04	2.0000002500e+03
9.000000	-1.5999979173e+01	4.3066304629e-01	-2.0000000000e+03	5.6732317582e-04	2.0000002500e+03
9.100000	-1.5899981514e+01	4.0311668588e-01	-2.0000000000e+03	5.0387456453e-04	2.0000002500e+03
9.200000	-1.5799983618e+01	3.7731500311e-01	-2.0000000000e+03	4.4684566248e-04	2.0000002500e+03
9.300000	-1.5699985503e+01	3.5425586127e-01	-2.0000000000e+03	3.9567329034e-04	2.0000002500e+03
9.400000	-1.5599987191e+01	3.3218068854e-01	-2.0000000000e+03	3.4983290339e-04	2.0000002500e+03
9.500000	-1.5499988700e+01	3.1107750785e-01	-2.0000000000e+03	3.0883727895e-04	2.0000002500e+03
9.600000	-1.5399990046e+01	2.9093227026e-01	-2.0000000000e+03	2.7223506063e-04	2.0000002500e+03
9.700000	-1.5299991245e+01	2.7172900594e-01	-2.0000000000e+03	2.3960919908e-04	2.0000002500e+03
9.800000	-1.5199992310e+01	2.5344997724e-01	-2.0000000000e+03	2.1057531671e-04	2.0000002500e+03
9.900000	-1.5099993257e+01	2.3607583291e-01	-2.0000000000e+03	1.8478002671e-04	2.0000002500e+03
10.000000	-1.4999994095e+01	2.1958576251e-01	-2.0000000000e+03	1.6189921753e-04	2.0000002500e+03
10.100000	-1.4899994837e+01	2.0504439025e-01	-2.0000000000e+03	1.4163633308e-04	2.0000002500e+03
10.200000	-1.4799995493e+01	1.9132837574e-01	-2.0000000000e+03	1.2372065845e-04	2.0000002500e+03
10.300000	-1.4699996071e+01	1.7827852720e-01	-2.0000000000e+03	1.0790563571e-04	2.0000002500e+03
10.400000	-1.4599996580e+01	1.6588166675e-01	-2.0000000000e+03	9.3967206844e-05	2.0000002500e+03
10.500000	-1.4499997028e+01	1.5412335661e-01	-2.0000000000e+03	8.1702212220e-05	2.0000002500e+03
10.600000	-1.4399997421e+01	1.4298803283e-01	-2.0000000000e+03	7.0926837873e-05	2.0000002500e+03
10.700000	-1.4299997765e+01	1.3245913697e-01	-2.0000000000e+03	6.1475131710e-05	2.0000002500e+03
10.800000	-1.4199998067e+01	1.2251924493e-01	-2.0000000000e+03	5.3197577064e-05	2.0000002500e+03
10.900000	-1.4099998330e+01	1.1372202848e-01	-2.0000000000e+03	4.5959748019e-05	2.0000002500e+03
11.000000	-1.3999998560e+01	1.0555650121e-01	-2.0000000000e+03	3.9641030456e-05	2.0000002500e+03
11.100000	-1.3899998760e+01	9.7825907502e-02	-2.0000000000e+03	3.4133421186e-05	2.0000002500e+03
11.200000	-1.3799998934e+01	9.0519489119e-02	-2.0000000000e+03	2.9340400654e-05	2.0000002500e+03
11.300000	-1.3699999085e+01	8.3625685041e-02	-2.0000000000e+03	2.5175880758e-05	2.0000002500e+03
11.400000	-1.3599999216e+01	7.7132243114e-02	-2.0000000000e+03	2.1563226005e-05	2.0000002500e+03
11.500000	-1.3499999329e+01	7.1026327449e-02	-2.0000000000e+03	1.8434344772e-05	2.0000002500e+03
11.600000	-1.3399999427e+01	6.5591699731e-02	-2.0000000000e+03	1.5728851349e-05	2.0000002500e+03
11.700000	-1.3299999511e+01	6.0618257613e-02	-2.0000000000e+03	1.3393292383e-05	2.0000002500e+03
11.800000	-1.3199999584e+01	5.5928266053e-02	-2.0000000000e+03	1.1380438284e-05	2.0000002500e+03
11.900000	-1.3099999647e+01	5.1513702380e-02	-2.0000000000e+03	9.6486340242e-06	2.0000002500e+03
12.000000	-1.2999999700e+01	4.7366021376e-02	-2.0000000000e+03	8.1612066709e-06	2.0000002500e+03
12.100000	-1.2899999746e+01	4.3476242952e-02	-2.0000000000e+03	6.8859267114e-06	2.0000002500e+03
12.200000	-1.2799999786e+01	3.9835035161e-02	-2.0000000000e+03	5.7945187057e-06	2.0000002500e+03
12.300000	-1.2699999819e+01	3.6673663938e-02	-2.0000000000e+03	4.8622192843e-06	2.0000002500e+03
12.400000	-1.2599999848e+01	3.3730049308e-02	-2.0000000000e+03	4.0673776325e-06	2.0000002500e+03
12.500000	-1.2499999872e+01	3.0966339071e-02	-2.0000000000e+03	3.3910961195e-06	2.0000002500e+03
12.600000	-1.2399999893e+01	2.8376713990e-02	-2.0000000000e+03	2.8169076389e-06	2.0000002500e+03
12.700000	-1.2299999911e+01	2.5955033768e-02	-2.0000000000e+03	2.3304866084e-06	2.0000002500e+03
12.800000	-1.2199999926e+01	2.3694903111e-02	-2.0000000000e+03	1.9193907886e-06	2.0000002500e+03
12.900000	-1.2099999938e+01	2.1704800426e-02	-2.0000000000e+03	1.5728309919e-06	2.0000002500e+03
13.000000	-1.1999999949e+01	1.9892078200e-02	-2.0000000000e+03	1.2814665386e-06	2.0000002500e+03
13.100000	-1.1899999958e+01	1.8195218935e-02	-2.0000000000e+03	1.0372235179e-06	2.0000002500e+03
13.200000	-1.1799999966e+01	1.6610235773e-02	-2.0000000000e+03	8.3313399965e-07	2.0000002500e+03
13.300000	-1.1699999972e+01	1.5132922189e-02	-2.0000000000e+03	6.6319405211e-07	2.0000002500e+03
13.400000	-1.1599999977e+01	1.3758901966e-02	-2.0000000000e+03	5.2223837681e-07	2.0000002500e+03
13.500000	-1.1499999982e+01	1.2565091822e-02	-2.0000000000e+03	4.0583022060e-07	2.0000002500e+03
13.600000	-1.1399999985e+01	1.1469932731e-02	-2.0000000000e+03	3.1016462117e-07	2.0000002500e+03
13.700000	-1.1299999988e+01	1.0448296672e-02	-2.0000000000e+03	2.3198362209e-07	2.0000002500e+03
13.800000	-1.1199999991e+01	9.4974526700e-03	-2.0000000000e+03	1.6850215775e-07	2.0000002500e+03
13.900000	-1.1099999993e+01	8.6145285271e-03	-2.0000000000e+03	1.1734333766e-07	2.0000002500e+03
14.000000	-1.0999999994e+01	7.8151975006e-03	-2.0000000000e+03	7.6482075546e-08	2.0000002500e+03
14.100000	-1.0899999996e+01	7.1175563403e-03	-2.0000000000e+03	4.4196041526e-08	2.0000002500e+03
14.200000	-1.0799999997e+01	6.4677783799e-03	-2.0000000000e+03	1.9023081286e-08	2.0000002500e+03
14.300000	-1.0699999998e+01	5.8640874001e-03	-2.0000000000e+03	-2.7568387935e-10	2.0000002500e+03
14.400000	-1.0599999998e+01	5.3045976671e-03	-2.0000000000e+03	-1.4747801331e-08	2.0000002500e+03
14.500000	-1.0499999999e+01	4.7884445332e-03	-2.0000000000e+03	-2.5277087532e-08	2.0000002500e+03
14.600000	-1.0399999999e+01	4.3495127420e-03	-2.0000000000e+03	-3.2607435583e-08	2.0000002500e+03
14.700000	-1.0300000000e+01	3.9414802533e-03	-2.0000000000e+03	-3.7363329980e-08	2.0000002500e+03
14.800000	-1.0200000000e+01	3.5631853626e-03	-2.0000000000e+03	-4.0067497200e-08	2.0000002500e+03
14.900000	-1.0100000000e+01	3.2133860089e-03	-2.0000000000e+03	-4.1156067587e-08	2.0000002500e+03
15.000000	-1.0000000000e+01	2.8919766065e-03	-2.0000000000e+03	-4.0991589486e-08	2.0000002500e+03
15.100000	-9.9000000002e+00	2.6189350763e-03	-2.0000000000e+03	-3.9874184357e-08	2.0000002500e+03
15.200000	-9.8000000003e+00	2.3657188197e-03	-2.0000000000e+03	-3.8051093778e-08	2.0000002500e+03
15.300000	-9.7000000003e+00	2.1315568570e-03	-2.0000000000e+03	-3.5724849807e-08	2.0000002500e+03
15.400000	-9.6000000003e+00	1.9156228573e-03	-2.0000000000e+03	-3.3060249658e-08	2.0000002500e+03
15.500000	-9.5000000003e+00	1.7214778861e-03	-2.0000000000e+03	-3.0190316246e-08	2.0000002500e+03
15.600000	-9.4000000003e+00	1.5535328474e-03	-2.0000000000e+03	-2.7221372511e-08	2.0000002500e+03
15.700000	-9.3000000003e+00	1.3982335042e-03	-2.0000000000e+03	-2.4237372598e-08	2.0000002500e+03
15.800000	-9.2000000002e+00	1.2550603330e-03	-2.0000000000e+03	-2.1303584153e-08	2.0000002500e+03
15.900000	-9.1000000002e+00	1.1234579958e-03	-2.0000000000e+03	-1.8469721006e-08	2.0000002500e+03
16.000000	-9.0000000001e+00	1.0098786783e-03	-2.0000000000e+03	-1.5772605109e-08	2.0000002500e+03
16.100000	-8.9000000001e+00	9.0772586224e-04	-2.0000000000e+03	-1.3238425043e-08	2.0000002500e+03
16.200000	-8.8000000002e+00	8.1359431596e-04	-2.0000000000e+03	-1.0884652245e-08	2.0000002500e+03
16.300000	-8.7000000000e+00	7.2712875201e-04	-2.0000000000e+03	-8.7216616000e-09	2.0000002500e+03
16.400000	-8.6000000000e+00	6.5009931021e-04	-2.0000000000e+03	-6.7541024833e-09	2.0000002500e+03
16.500000	-8.5000000000e+00	5.8341503836e-04	-2.0000000000e+03	-4.9820566565e-09	2.0000002500e+03
16.600000	-8.3999999999e+00	5.2201309316e-04	-2.0000000000e+03	-3.4020117349e-09	2.0000002500e+03
16.700000	-8.2999999999e+00	4.6566542354e-04	-2.0000000000e+03	-2.0076794830e-09	2.0000002500e+03
16.800000	-8.1999999999e+00	4.1463830171e-04	-2.0000000000e+03	-7.9068216808e-10	2.0000002500e+03
16.900000	-8.0999999999e+00	3.7140608717e-04	-2.0000000000e+03	2.5887618193e-10	2.0000002500e+03
17.000000	-7.9999999999e+00	3.3164190764e-04	-2.0000000000e+03	1.1519351229e-09	2.0000002500e+03
17.100000	-7.8999999999e+00	2.9519798739e-04	-2.0000000000e+03	1.9000851247e-09	2.0000002500e+03
17.200000	-7.7999999999e+00	2.6204257465e-04	-2.0000000000e+03	2.5152463277e-09	2.0000002500e+03
17.300000	-7.7000000000e+00	2.3419996363e-04	-2.0000000000e+03	3.0094076831e-09	2.0000002500e+03
17.400000	-7.6000000000e+00	2.0862886303e-04	-2.0000000000e+03	3.3944166194e-09	2.0000002500e+03
17.500000	-7.4999999998e+00	1.8523218748e-04	-2.0000000000e+03	3.6818131507e-09	2.0000002500e+03
17.600000	-7.3999999998e+00	1.6411716113e-04	-2.0000000000e+03	3.8827007427e-09	2.0000002500e+03
17.700000	-7.2999999998e+00	1.4629883576e-04	-2.0000000000e+03	4.0076489128e-09	2.0000002500e+03
17.800000	-7.1999999998e+00	1.2996580757e-04	-2.0000000000e+03	4.0666225624e-09	2.0000002500e+03
17.900000	-7.0999999998e+00	1.1505318785e-04	-2.0000000000e+03	4.0689333410e-09	2.0000002500e+03
18.000000	-6.9999999998e+00	1.0183651271e-04	-2.0000000000e+03	4.0232101313e-09	2.0000002500e+03
18.100000	-6.8999999998e+00	9.0507306771e-05	-2.0000000000e+03	3.9373851172e-09	2.0000002500e+03
18.200000	-6.7999999998e+00	8.0147547007e-05	-2.0000000000e+03	3.8186928841e-09	2.0000002500e+03
18.300000	-6.6999999998e+00	7.0713114852e-05	-2.0000000000e+03	3.6736798107e-09	2.0000002500e+03
18.400000	-6.6000000000e+00	6.2593192244e-05	-2.0000000000e+03	3.5082222249e-09	2.0000002500e+03
18.500000	-6.5000000000e+00	5.5437592284e-05	-2.0000000000e+03	3.3275510954e-09	2.0000002500e+03
18.600000	-6.4000000000e+00	4.8913477153e-05	-2.0000000000e+03	3.1362821977e-09	2.0000002500e+03
18.700000	-6.3000000000e+00	4.3163194484e-05	-2.0000000000e+03	2.9384497920e-09	2.0000002500e+03
18.800000	-6.2000000000e+00	3.8085783211e-05	-2.0000000000e+03	2.7375433846e-09	2.0000002500e+03
18.900000	-6.1000000000e+00	3.3598914378e-05	-2.0000000000e+03	2.5365460019e-09	2.0000002500e+03
19.000000	-6.0000000000e+00	2.9652310111e-05	-2.0000000000e+03	2.3379735099e-09	2.0000002500e+03
19.100000	-5.9000000000e+00	2.6146649573e-05	-2.0000000000e+03	2.1439141626e-09	2.0000002500e+03
19.200000	-5.8000000000e+00	2.2965605127e-05	-2.0000000000e+03	1.9560677159e-09	2.0000002500e+03
19.300000	-5.7000000000e+00	2.0249792459e-05	-2.0000000000e+03	1.7757838141e-09	2.0000002500e+03
19.400000	-5.6000000000e+00	1.7849673574e-05	-2.0000000000e+03	1.6040990020e-09	2.0000002500e+03
19.500000	-5.5000000000e+00	1.5670420389e-05	-2.0000000000e+03	1.4417723390e-09	2.0000002500e+03
19.600000	-5.4000000000e+00	1.3751221827e-05	-2.0000000000e+03	1.2893190668e-09	2.0000002500e+03
19.700000	-5.3000000000e+00	1.2114657102e-05	-2.0000000000e+03	1.1470424060e-09	2.0000002500e+03
19.800000	-5.2000000000e+00	1.0628080662e-05	-2.0000000000e+03	1.0150632153e-09	2.0000002500e+03
19.900000	-5.1000000000e+00	9.2869522410e-06	-2.0000000000e+03	8.9334745362e-10	2.0000002500e+03
20.000000	-5.0000000000e+00	8.1753070747e-06	-2.0000000000e+03	7.8173146417e-10	2.0000002500e+03
20.100000	-4.9000000000e+00	7.1653822065e-06	-2.0000000000e+03	6.7994500231e-10	2.0000002500e+03
20.200000	-4.8000000000e+00	6.2525491829e-06	-2.0000000000e+03	5.8763210316e-10	2.0000002500e+03
20.300000	-4.7000000000e+00	5.4861116329e-06	-2.0000000000e+03	5.0436980318e-10	2.0000002500e+03
20.400000	-4.6000000000e+00	4.8026376907e-06	-2.0000000000e+03	4.2968479916e-10	2.0000002500e+03
20.500000	-4.5000000000e+00	4.1851028917e-06	-2.0000000000e+03	3.6306814984e-10	2.0000002500e+03
20.600000	-4.4000000000e+00	3.6608251531e-06	-2.0000000000e+03	3.0398810876e-10	2.0000002500e+03
20.700000	-4.3000000000e+00	3.2000407247e-06	-2.0000000000e+03	2.5190120683e-10	2.0000002500e+03
20.800000	-4.2000000000e+00	2.7839978732e-06	-2.0000000000e+03	2.0626171197e-10	2.0000002500e+03
20.900000	-4.1000000000e+00	2.4289759065e-06	-2.0000000000e+03	1.6652958444e-10	2.0000002500e+03
21.000000	-4.0000000000e+00	2.1194958124e-06	-2.0000000000e+03	1.3217704989e-10	2.0000002500e+03
21.100000	-3.9000000000e+00	1.8403547226e-06	-2.0000000000e+03	1.0269392918e-10	2.0000002500e+03
21.200000	-3.8000000000e+00	1.6022142089e-06	-2.0000000000e+03	7.7591840633e-11	2.0000002500e+03
21.300000	-3.7000000000e+00	1.3951704376e-06	-2.0000000000e+03	5.6407392458e-11	2.0000002500e+03
21.400000	-3.6000000000e+00	1.2086842367e-06	-2.0000000000e+03	3.8704490488e-11	2.0000002500e+03
21.500000	-3.5000000000e+00	1.0509645598e-06	-2.0000000000e+03	2.4075867286e-11	2.0000002500e+03
21.600000	-3.4000000000e+00	9.1248101688e-07	-2.0000000000e+03	1.2143933423e-11	2.0000002500e+03
21.700000	-3.3000000000e+00	7.9377450187e-07	-2.0000000000e+03	2.5610590728e-12	2.0000002500e+03
21.800000	-3.2000000000e+00	6.8971619166e-07	-2.0000000000e+03	-4.9906358632e-12	2.0000002500e+03
21.900000	-3.1000000000e+00	5.9620584488e-07	-2.0000000000e+03	-1.0799889157e-11	2.0000002500e+03
22.000000	-3.0000000000e+00	5.1922892332e-07	-2.0000000000e+03	-1.5127234357e-11	2.0000002500e+03
22.100000	-2.9000000000e+00	4.4991762468e-07	-2.0000000000e+03	-1.8206193989e-11	2.0000002500e+03
22.200000	-2.8000000000e+00	3.8868347881e-07	-2.0000000000e+03	-2.0244669905e-11	2.0000002500e+03
22.300000	-2.7000000000e+00	3.3759755224e-07	-2.0000000000e+03	-2.1426477978e-11	2.0000002500e+03
22.400000	-2.6000000000e+00	2.9161601236e-07	-2.0000000000e+03	-2.1912975937e-11	2.0000002500e+03
22.500000	-2.5000000000e+00	2.5191368348e-07	-2.0000000000e+03	-2.1844747437e-11	2.0000002500e+03
22.600000	-2.4000000000e+00	2.1807568681e-07	-2.0000000000e+03	-2.1343303267e-11	2.0000002500e+03
22.700000	-2.3000000000e+00	1.8770844389e-07	-2.0000000000e+03	-2.0512773891e-11	2.0000002500e+03
22.800000	-2.2000000000e+00	1.6218988922e-07	-2.0000000000e+03	-1.9441565242e-11	2.0000002500e+03
22.900000	-2.1000000000e+00	1.3987974602e-07	-2.0000000000e+03	-1.8203961595e-11	2.0000002500e+03
23.000000	-2.0000000000e+00	1.1997100049e-07	-2.0000000000e+03	-1.6861656541e-11	2.0000002500e+03
23.100000	-1.9000000000e+00	1.0366434706e-07	-2.0000000000e+03	-1.5465202984e-11	2.0000002500e+03
23.200000	-1.8000000000e+00	8.9032415509e-08	-2.0000000000e+03	-1.4055372041e-11	2.0000002500e+03
23.300000	-1.7000000000e+00	7.6406471835e-08	-2.0000000000e+03	-1.2664415636e-11	2.0000002500e+03
23.400000	-1.6000000000e+00	6.5731283828e-08	-2.0000000000e+03	-1.1317230484e-11	2.0000002500e+03
23.500000	-1.5000000000e+00	5.6475482798e-08	-2.0000000000e+03	-1.0032420940e-11	2.0000002500e+03
23.600000	-1.4000000000e+00	4.8628624336e-08	-2.0000000000e+03	-8.8232635739e-12	2.0000002500e+03
23.700000	-1.3000000000e+00	4.1674771436e-08	-2.0000000000e+03	-7.6985739373e-12	2.0000002500e+03
23.800000	-1.2000000000e+00	3.5936410518e-08	-2.0000000000e+03	-6.6634804864e-12	2.0000002500e+03
23.900000	-1.1000000000e+00	3.0793381777e-08	-2.0000000000e+03	-5.7201092888e-12	2.0000002500e+03
24.000000	-1.0000000000e+00	2.6435910915e-08	-2.0000000000e+03	-4.8681848457e-12	2.0000002500e+03
24.100000	-9.0000000000e-01	2.2679340241e-08	-2.0000000000e+03	-4.1055530177e-12	2.0000002500e+03
24.200000	-8.0000000000e-01	1.9358201754e-08	-2.0000000000e+03	-3.4286313210e-12	2.0000002500e+03
24.300000	-7.0000000000e-01	1.6625211409e-08	-2.0000000000e+03	-2.8327932145e-12	2.0000002500e+03
24.400000	-6.0000000000e-01	1.4182794717e-08	-2.0000000000e+03	-2.3126922427e-12	2.0000002500e+03
24.500000	-5.0000000000e-01	1.2128636126e-08	-2.0000000000e+03	-1.8625322764e-12	2.0000002500e+03
24.600000	-4.0000000000e-01	1.0354986938e-08	-2.0000000000e+03	-1.4762890411e-12	2.0000002500e+03
24.700000	-3.0000000000e-01	8.8046663918e-09	-2.0000000000e+03	-1.1478893314e-12	2.0000002500e+03
24.800000	-2.0000000000e-01	7.5220931405e-09	-2.0000000000e+03	-8.7135292605e-13	2.0000002500e+03
24.900000	-1.0000000000e-01	6.3807610821e-09	-2.0000000000e+03	-6.4090156293e-13	2.0000002500e+03
0.000000	-nan	4.6415270215e-310	0.0000000000e+00	-nan	2.1219957915e-314