r	y_f	p_y_max	p_x_f	p_y_f	gama_f	w0=10.000000|lambda=1|E0=30.000000|time=100|kdamp=0.0000000000e+00|px=-2000
-25.000000	-5.0000000025e+01	1.6480899539e-02	-2.0000000000e+03	-6.6708299889e-07	2.0000002500e+03
-24.900000	-4.9900000027e+01	1.7319062476e-02	-2.0000000000e+03	-7.3312345654e-07	2.0000002500e+03
-24.800000	-4.9800000030e+01	1.8195906497e-02	-2.0000000000e+03	-8.0541997180e-07	2.0000002500e+03
-24.700000	-4.9700000033e+01	1.9113004339e-02	-2.0000000000e+03	-8.8453198661e-07	2.0000002500e+03
-24.600000	-4.9600000036e+01	2.0071981935e-02	-2.0000000000e+03	-9.7106552731e-07	2.0000002500e+03
-24.500000	-4.9500000040e+01	2.1074519707e-02	-2.0000000000e+03	-1.0656767532e-06	2.0000002500e+03
-24.400000	-4.9400000044e+01	2.2122353855e-02	-2.0000000000e+03	-1.1690757856e-06	2.0000002500e+03
-24.300000	-4.9300000048e+01	2.3217277663e-02	-2.0000000000e+03	-1.2820307320e-06	2.0000002500e+03
-24.200000	-4.9200000052e+01	2.4361142799e-02	-2.0000000000e+03	-1.4053719950e-06	2.0000002500e+03
-24.100000	-4.9100000058e+01	2.5555860628e-02	-2.0000000000e+03	-1.5399968897e-06	2.0000002500e+03
-24.000000	-4.9000000063e+01	2.6803403520e-02	-2.0000000000e+03	-1.6868744870e-06	2.0000002500e+03
-23.900000	-4.8900000069e+01	2.8105806164e-02	-2.0000000000e+03	-1.8470509234e-06	2.0000002500e+03
-23.800000	-4.8800000076e+01	2.9465166876e-02	-2.0000000000e+03	-2.0216548910e-06	2.0000002500e+03
-23.700000	-4.8700000083e+01	3.0883648910e-02	-2.0000000000e+03	-2.2119034612e-06	2.0000002500e+03
-23.600000	-4.8600000090e+01	3.2363481761e-02	-2.0000000000e+03	-2.4191084902e-06	2.0000002500e+03
-23.500000	-4.8500000099e+01	3.3906962460e-02	-2.0000000000e+03	-2.6446831141e-06	2.0000002500e+03
-23.400000	-4.8400000108e+01	3.5516456868e-02	-2.0000000000e+03	-2.8901489029e-06	2.0000002500e+03
-23.300000	-4.8300000118e+01	3.7194400955e-02	-2.0000000000e+03	-3.1571432709e-06	2.0000002500e+03
-23.200000	-4.8200000129e+01	3.8943302068e-02	-2.0000000000e+03	-3.4474273413e-06	2.0000002500e+03
-23.100000	-4.8100000141e+01	4.0765740185e-02	-2.0000000000e+03	-3.7628944426e-06	2.0000002500e+03
-23.000000	-4.8000000153e+01	4.2664369156e-02	-2.0000000000e+03	-4.1055788905e-06	2.0000002500e+03
-22.900000	-4.7900000167e+01	4.4641917922e-02	-2.0000000000e+03	-4.4776651761e-06	2.0000002500e+03
-22.800000	-4.7800000182e+01	4.6701191716e-02	-2.0000000000e+03	-4.8814981750e-06	2.0000002500e+03
-22.700000	-4.7700000199e+01	4.8845073241e-02	-2.0000000000e+03	-5.3195933035e-06	2.0000002500e+03
-22.600000	-4.7600000217e+01	5.1076644858e-02	-2.0000000000e+03	-5.7946476572e-06	2.0000002500e+03
-22.500000	-4.7500000236e+01	5.3433585541e-02	-2.0000000000e+03	-6.3095513841e-06	2.0000002500e+03
-22.400000	-4.7400000257e+01	5.5887377890e-02	-2.0000000000e+03	-6.8674001306e-06	2.0000002500e+03
-22.300000	-4.7300000279e+01	5.8441410289e-02	-2.0000000000e+03	-7.4715078206e-06	2.0000002500e+03
-22.200000	-4.7200000304e+01	6.1099162146e-02	-2.0000000000e+03	-8.1254198291e-06	2.0000002500e+03
-22.100000	-4.7100000330e+01	6.3864205122e-02	-2.0000000000e+03	-8.8329274616e-06	2.0000002500e+03
-22.000000	-4.7000000359e+01	6.6740204316e-02	-2.0000000000e+03	-9.5980829365e-06	2.0000002500e+03
-21.900000	-4.6900000390e+01	6.9730919418e-02	-2.0000000000e+03	-1.0425214194e-05	2.0000002500e+03
-21.800000	-4.6800000423e+01	7.2840205801e-02	-2.0000000000e+03	-1.1318942323e-05	2.0000002500e+03
-21.700000	-4.6700000459e+01	7.6072015584e-02	-2.0000000000e+03	-1.2284197537e-05	2.0000002500e+03
-21.600000	-4.6600000498e+01	7.9430398620e-02	-2.0000000000e+03	-1.3326238012e-05	2.0000002500e+03
-21.500000	-4.6500000540e+01	8.2919503451e-02	-2.0000000000e+03	-1.4450667867e-05	2.0000002500e+03
-21.400000	-4.6400000586e+01	8.6543578185e-02	-2.0000000000e+03	-1.5663456533e-05	2.0000002500e+03
-21.300000	-4.6300000635e+01	9.0306971323e-02	-2.0000000000e+03	-1.6970959795e-05	2.0000002500e+03
-21.200000	-4.6200000687e+01	9.4214132509e-02	-2.0000000000e+03	-1.8379940431e-05	2.0000002500e+03
-21.100000	-4.6100000744e+01	9.8269613222e-02	-2.0000000000e+03	-1.9897590372e-05	2.0000002500e+03
-21.000000	-4.6000000805e+01	1.0247806738e-01	-2.0000000000e+03	-2.1531553408e-05	2.0000002500e+03
-20.900000	-4.5900000871e+01	1.0684425189e-01	-2.0000000000e+03	-2.3289949120e-05	2.0000002500e+03
-20.800000	-4.5800000942e+01	1.1137302707e-01	-2.0000000000e+03	-2.5181397663e-05	2.0000002500e+03
-20.700000	-4.5700001018e+01	1.1606935704e-01	-2.0000000000e+03	-2.7215045560e-05	2.0000002500e+03
-20.600000	-4.5600001100e+01	1.2093831000e-01	-2.0000000000e+03	-2.9400591440e-05	2.0000002500e+03
-20.500000	-4.5500001187e+01	1.2598505839e-01	-2.0000000000e+03	-3.1748314092e-05	2.0000002500e+03
-20.400000	-4.5400001282e+01	1.3121487902e-01	-2.0000000000e+03	-3.4269100932e-05	2.0000002500e+03
-20.300000	-4.5300001383e+01	1.3663315300e-01	-2.0000000000e+03	-3.6974476593e-05	2.0000002500e+03
-20.200000	-4.5200001491e+01	1.4224536566e-01	-2.0000000000e+03	-3.9876633375e-05	2.0000002500e+03
-20.100000	-4.5100001608e+01	1.4805710630e-01	-2.0000000000e+03	-4.2988462490e-05	2.0000002500e+03
-20.000000	-4.5000001732e+01	1.5407406786e-01	-2.0000000000e+03	-4.6323586063e-05	2.0000002500e+03
-19.900000	-4.4900001866e+01	1.6030204644e-01	-2.0000000000e+03	-4.9896388012e-05	2.0000002500e+03
-19.800000	-4.4800002009e+01	1.6675674907e-01	-2.0000000000e+03	-5.3722050973e-05	2.0000002500e+03
-19.700000	-4.4700002162e+01	1.7345334416e-01	-2.0000000000e+03	-5.7816588097e-05	2.0000002500e+03
-19.600000	-4.4600002326e+01	1.8038096948e-01	-2.0000000000e+03	-6.2196878688e-05	2.0000002500e+03
-19.500000	-4.4500002501e+01	1.8754591654e-01	-2.0000000000e+03	-6.6880703971e-05	2.0000002500e+03
-19.400000	-4.4400002689e+01	1.9495457855e-01	-2.0000000000e+03	-7.1886784587e-05	2.0000002500e+03
-19.300000	-4.4300002889e+01	2.0261344918e-01	-2.0000000000e+03	-7.7234816748e-05	2.0000002500e+03
-19.200000	-4.4200003102e+01	2.1052912126e-01	-2.0000000000e+03	-8.2945510168e-05	2.0000002500e+03
-19.100000	-4.4100003330e+01	2.1870828521e-01	-2.0000000000e+03	-8.9040626947e-05	2.0000002500e+03
-19.000000	-4.4000003573e+01	2.2715772744e-01	-2.0000000000e+03	-9.5543019259e-05	2.0000002500e+03
-18.900000	-4.3900003833e+01	2.3588432846e-01	-2.0000000000e+03	-1.0247666849e-04	2.0000002500e+03
-18.800000	-4.3800004109e+01	2.4489506095e-01	-2.0000000000e+03	-1.0986672665e-04	2.0000002500e+03
-18.700000	-4.3700004404e+01	2.5419698757e-01	-2.0000000000e+03	-1.1773955303e-04	2.0000002500e+03
-18.600000	-4.3600004717e+01	2.6379725866e-01	-2.0000000000e+03	-1.2612275451e-04	2.0000002500e+03
-18.500000	-4.3500005051e+01	2.7370310977e-01	-2.0000000000e+03	-1.3504522733e-04	2.0000002500e+03
-18.400000	-4.3400005406e+01	2.8392185891e-01	-2.0000000000e+03	-1.4453719374e-04	2.0000002500e+03
-18.300000	-4.3300005784e+01	2.9446090382e-01	-2.0000000000e+03	-1.5463024397e-04	2.0000002500e+03
-18.200000	-4.3200006185e+01	3.0532771882e-01	-2.0000000000e+03	-1.6535737104e-04	2.0000002500e+03
-18.100000	-4.3100006611e+01	3.1652985167e-01	-2.0000000000e+03	-1.7675301464e-04	2.0000002500e+03
-18.000000	-4.3000007064e+01	3.2807492015e-01	-2.0000000000e+03	-1.8885309254e-04	2.0000002500e+03
-17.900000	-4.2900007544e+01	3.3997060843e-01	-2.0000000000e+03	-2.0169504424e-04	2.0000002500e+03
-17.800000	-4.2800008054e+01	3.5222466334e-01	-2.0000000000e+03	-2.1531785946e-04	2.0000002500e+03
-17.700000	-4.2700008594e+01	3.6484489032e-01	-2.0000000000e+03	-2.2976211957e-04	2.0000002500e+03
-17.600000	-4.2600009167e+01	3.7783914929e-01	-2.0000000000e+03	-2.4507002490e-04	2.0000002500e+03
-17.500000	-4.2500009774e+01	3.9121535023e-01	-2.0000000000e+03	-2.6128543205e-04	2.0000002500e+03
-17.400000	-4.2400010416e+01	4.0498144863e-01	-2.0000000000e+03	-2.7845387652e-04	2.0000002500e+03
-17.300000	-4.2300011096e+01	4.1914544068e-01	-2.0000000000e+03	-2.9662260989e-04	2.0000002500e+03
-17.200000	-4.2200011815e+01	4.3371535829e-01	-2.0000000000e+03	-3.1584061751e-04	2.0000002500e+03
-17.100000	-4.2100012575e+01	4.4869926388e-01	-2.0000000000e+03	-3.3615864554e-04	2.0000002500e+03
-17.000000	-4.2000013379e+01	4.6410524499e-01	-2.0000000000e+03	-3.5762922039e-04	2.0000002500e+03
-16.900000	-4.1900014227e+01	4.7994140870e-01	-2.0000000000e+03	-3.8030666689e-04	2.0000002500e+03
-16.800000	-4.1800015123e+01	4.9621587577e-01	-2.0000000000e+03	-4.0424712328e-04	2.0000002500e+03
-16.700000	-4.1700016068e+01	5.1293677463e-01	-2.0000000000e+03	-4.2950854840e-04	2.0000002500e+03
-16.600000	-4.1600017065e+01	5.3011223519e-01	-2.0000000000e+03	-4.5615073681e-04	2.0000002500e+03
-16.500000	-4.1500018116e+01	5.4775038237e-01	-2.0000000000e+03	-4.8423531174e-04	2.0000002500e+03
-16.400000	-4.1400019223e+01	5.6585932947e-01	-2.0000000000e+03	-5.1382573107e-04	2.0000002500e+03
-16.300000	-4.1300020389e+01	5.8444717136e-01	-2.0000000000e+03	-5.4498728126e-04	2.0000002500e+03
-16.200000	-4.1200021617e+01	6.0352197740e-01	-2.0000000000e+03	-5.7778706233e-04	2.0000002500e+03
-16.100000	-4.1100022908e+01	6.2309178423e-01	-2.0000000000e+03	-6.1229397885e-04	2.0000002500e+03
-16.000000	-4.1000024266e+01	6.4316458832e-01	-2.0000000000e+03	-6.4857871117e-04	2.0000002500e+03
-15.900000	-4.0900025693e+01	6.6374833833e-01	-2.0000000000e+03	-6.8671369183e-04	2.0000002500e+03
-15.800000	-4.0800027192e+01	6.8485092731e-01	-2.0000000000e+03	-7.2677307768e-04	2.0000002500e+03
-15.700000	-4.0700028766e+01	7.0648018465e-01	-2.0000000000e+03	-7.6883269614e-04	2.0000002500e+03
-15.600000	-4.0600030418e+01	7.2864386793e-01	-2.0000000000e+03	-8.1297001784e-04	2.0000002500e+03
-15.500000	-4.0500032151e+01	7.5134965450e-01	-2.0000000000e+03	-8.5926408447e-04	2.0000002500e+03
-15.400000	-4.0400033967e+01	7.7475661219e-01	-2.0000000000e+03	-9.0779546305e-04	2.0000002500e+03
-15.300000	-4.0300035870e+01	7.9894928359e-01	-2.0000000000e+03	-9.5864616880e-04	2.0000002500e+03
-15.200000	-4.0200037863e+01	8.2372783355e-01	-2.0000000000e+03	-1.0118995957e-03	2.0000002500e+03
-15.100000	-4.0100039950e+01	8.4910017139e-01	-2.0000000000e+03	-1.0676404214e-03	2.0000002500e+03
-15.000000	-4.0000042132e+01	8.7507408656e-01	-2.0000000000e+03	-1.1259545282e-03	2.0000002500e+03
-14.900000	-3.9900044415e+01	9.0165723866e-01	-2.0000000000e+03	-1.1869288843e-03	2.0000002500e+03
-14.800000	-3.9800046800e+01	9.2885714739e-01	-2.0000000000e+03	-1.2506514582e-03	2.0000002500e+03
-14.700000	-3.9700049291e+01	9.5668118234e-01	-2.0000000000e+03	-1.3172110737e-03	2.0000002500e+03
-14.600000	-3.9600051892e+01	9.8513655257e-01	-2.0000000000e+03	-1.3866972969e-03	2.0000002500e+03
-14.500000	-3.9500054606e+01	1.0142302961e+00	-2.0000000000e+03	-1.4592002865e-03	2.0000002500e+03
-14.400000	-3.9400057436e+01	1.0439692694e+00	-2.0000000000e+03	-1.5348106548e-03	2.0000002500e+03
-14.300000	-3.9300060386e+01	1.0743601361e+00	-2.0000000000e+03	-1.6136193061e-03	2.0000002500e+03
-14.200000	-3.9200063460e+01	1.1054093569e+00	-2.0000000000e+03	-1.6957172651e-03	2.0000002500e+03
-14.100000	-3.9100066659e+01	1.1371231776e+00	-2.0000000000e+03	-1.7811954978e-03	2.0000002500e+03
-14.000000	-3.9000069989e+01	1.1695076190e+00	-2.0000000000e+03	-1.8701447237e-03	2.0000002500e+03
-13.900000	-3.8900073452e+01	1.2025684648e+00	-2.0000000000e+03	-1.9626552267e-03	2.0000002500e+03
-13.800000	-3.8800077052e+01	1.2363112509e+00	-2.0000000000e+03	-2.0588166245e-03	2.0000002500e+03
-13.700000	-3.8700080792e+01	1.2707412538e+00	-2.0000000000e+03	-2.1587176592e-03	2.0000002500e+03
-13.600000	-3.8600084676e+01	1.3058634793e+00	-2.0000000000e+03	-2.2624459765e-03	2.0000002500e+03
-13.500000	-3.8500088706e+01	1.3416826510e+00	-2.0000000000e+03	-2.3700878609e-03	2.0000002500e+03
-13.400000	-3.8400092885e+01	1.3782031992e+00	-2.0000000000e+03	-2.4817280086e-03	2.0000002500e+03
-13.300000	-3.8300097218e+01	1.4154292488e+00	-2.0000000000e+03	-2.5974492472e-03	2.0000002500e+03
-13.200000	-3.8200101706e+01	1.4533646082e+00	-2.0000000000e+03	-2.7173322793e-03	2.0000002500e+03
-13.100000	-3.8100106353e+01	1.4920127579e+00	-2.0000000000e+03	-2.8414553880e-03	2.0000002500e+03
-13.000000	-3.8000111162e+01	1.5313768391e+00	-2.0000000000e+03	-2.9698941586e-03	2.0000002500e+03
-12.900000	-3.7900116136e+01	1.5714596418e+00	-2.0000000000e+03	-3.1027211775e-03	2.0000002500e+03
-12.800000	-3.7800121276e+01	1.6122635942e+00	-2.0000000000e+03	-3.2400057136e-03	2.0000002500e+03
-12.700000	-3.7700126586e+01	1.6537907509e+00	-2.0000000000e+03	-3.3818134197e-03	2.0000002500e+03
-12.600000	-3.7600132067e+01	1.6960427820e+00	-2.0000000000e+03	-3.5282059871e-03	2.0000002500e+03
-12.500000	-3.7500137722e+01	1.7390209617e+00	-2.0000000000e+03	-3.6792408395e-03	2.0000002500e+03
-12.400000	-3.7400143554e+01	1.7827261579e+00	-2.0000000000e+03	-3.8349707773e-03	2.0000002500e+03
-12.300000	-3.7300149563e+01	1.8271588208e+00	-2.0000000000e+03	-3.9954436355e-03	2.0000002500e+03
-12.200000	-3.7200155751e+01	1.8723189724e+00	-2.0000000000e+03	-4.1607019424e-03	2.0000002500e+03
-12.100000	-3.7100162120e+01	1.9182061964e+00	-2.0000000000e+03	-4.3307825680e-03	2.0000002500e+03
-12.000000	-3.7000168671e+01	1.9648196273e+00	-2.0000000000e+03	-4.5057163445e-03	2.0000002500e+03
-11.900000	-3.6900175404e+01	2.0121579405e+00	-2.0000000000e+03	-4.6855277346e-03	2.0000002500e+03
-11.800000	-3.6800182321e+01	2.0602193424e+00	-2.0000000000e+03	-4.8702344544e-03	2.0000002500e+03
-11.700000	-3.6700189422e+01	2.1090015610e+00	-2.0000000000e+03	-5.0598470992e-03	2.0000002500e+03
-11.600000	-3.6600196707e+01	2.1585018360e+00	-2.0000000000e+03	-5.2543688044e-03	2.0000002500e+03
-11.500000	-3.6500204175e+01	2.2087169099e+00	-2.0000000000e+03	-5.4537948610e-03	2.0000002500e+03
-11.400000	-3.6400211827e+01	2.2596430193e+00	-2.0000000000e+03	-5.6581123542e-03	2.0000002500e+03
-11.300000	-3.6300219661e+01	2.3112758858e+00	-2.0000000000e+03	-5.8672998176e-03	2.0000002500e+03
-11.200000	-3.6200227677e+01	2.3636107086e+00	-2.0000000000e+03	-6.0813268868e-03	2.0000002500e+03
-11.100000	-3.6100235872e+01	2.4166421559e+00	-2.0000000000e+03	-6.3001539031e-03	2.0000002500e+03
-11.000000	-3.6000244246e+01	2.4703643575e+00	-2.0000000000e+03	-6.5237316151e-03	2.0000002500e+03
-10.900000	-3.5900252795e+01	2.5247708980e+00	-2.0000000000e+03	-6.7520008392e-03	2.0000002500e+03
-10.800000	-3.5800261518e+01	2.5798548095e+00	-2.0000000000e+03	-6.9848921197e-03	2.0000002500e+03
-10.700000	-3.5700270411e+01	2.6356085656e+00	-2.0000000000e+03	-7.2223254084e-03	2.0000002500e+03
-10.600000	-3.5600279471e+01	2.6920240755e+00	-2.0000000000e+03	-7.4642097840e-03	2.0000002500e+03
-10.500000	-3.5500288694e+01	2.7490926780e+00	-2.0000000000e+03	-7.7104431472e-03	2.0000002500e+03
-10.400000	-3.5400298075e+01	2.8068051371e+00	-2.0000000000e+03	-7.9609119348e-03	2.0000002500e+03
-10.300000	-3.5300307611e+01	2.8651516368e+00	-2.0000000000e+03	-8.2154908712e-03	2.0000002500e+03
-10.200000	-3.5200317295e+01	2.9241217775e+00	-2.0000000000e+03	-8.4740427459e-03	2.0000002500e+03
-10.100000	-3.5100327123e+01	2.9837045723e+00	-2.0000000000e+03	-8.7364181426e-03	2.0000002500e+03
-10.000000	-3.5000337089e+01	3.0438884436e+00	-2.0000000000e+03	-9.0024552719e-03	2.0000002500e+03
-9.900000	-3.4900347185e+01	3.1046612209e+00	-2.0000000000e+03	-9.2719797838e-03	2.0000002500e+03
-9.800000	-3.4800357405e+01	3.1660101387e+00	-2.0000000000e+03	-9.5448045995e-03	2.0000002500e+03
-9.700000	-3.4700367741e+01	3.2279218350e+00	-2.0000000000e+03	-9.8207297936e-03	2.0000002500e+03
-9.600000	-3.4600378185e+01	3.2903823505e+00	-2.0000000000e+03	-1.0099542455e-02	2.0000002500e+03
-9.500000	-3.4500388729e+01	3.3533771282e+00	-2.0000000000e+03	-1.0381016644e-02	2.0000002500e+03
-9.400000	-3.4400399365e+01	3.4168910141e+00	-2.0000000000e+03	-1.0664913315e-02	2.0000002500e+03
-9.300000	-3.4300410081e+01	3.4809082573e+00	-2.0000000000e+03	-1.0950980299e-02	2.0000002500e+03
-9.200000	-3.4200420869e+01	3.5454125123e+00	-2.0000000000e+03	-1.1238952315e-02	2.0000002500e+03
-9.100000	-3.4100431719e+01	3.6103868410e+00	-2.0000000000e+03	-1.1528551015e-02	2.0000002500e+03
-9.000000	-3.4000442618e+01	3.6758137150e+00	-2.0000000000e+03	-1.1819485044e-02	2.0000002500e+03
-8.900000	-3.3900453556e+01	3.7416750197e+00	-2.0000000000e+03	-1.2111450152e-02	2.0000002500e+03
-8.800000	-3.3800464521e+01	3.8079520578e+00	-2.0000000000e+03	-1.2404129352e-02	2.0000002500e+03
-8.700000	-3.3700475501e+01	3.8746255545e+00	-2.0000000000e+03	-1.2697193084e-02	2.0000002500e+03
-8.600000	-3.3600486483e+01	3.9416756626e+00	-2.0000000000e+03	-1.2990299439e-02	2.0000002500e+03
-8.500000	-3.3500497453e+01	4.0090819686e+00	-2.0000000000e+03	-1.3283094403e-02	2.0000002500e+03
-8.400000	-3.3400508397e+01	4.0768234996e+00	-2.0000000000e+03	-1.3575212160e-02	2.0000002500e+03
-8.300000	-3.3300519303e+01	4.1448787304e+00	-2.0000000000e+03	-1.3866275421e-02	2.0000002500e+03
-8.200000	-3.3200530154e+01	4.2132255921e+00	-2.0000000000e+03	-1.4155895787e-02	2.0000002500e+03
-8.100000	-3.3100540937e+01	4.2818414804e+00	-2.0000000000e+03	-1.4443674178e-02	2.0000002500e+03
-8.000000	-3.3000551635e+01	4.3507032650e+00	-2.0000000000e+03	-1.4729201263e-02	2.0000002500e+03
-7.900000	-3.2900562234e+01	4.4197873003e+00	-2.0000000000e+03	-1.5012057947e-02	2.0000002500e+03
-7.800000	-3.2800572717e+01	4.4890694357e+00	-2.0000000000e+03	-1.5291815918e-02	2.0000002500e+03
-7.700000	-3.2700583067e+01	4.5585250271e+00	-2.0000000000e+03	-1.5568038216e-02	2.0000002500e+03
-7.600000	-3.2600593268e+01	4.6281289493e+00	-2.0000000000e+03	-1.5840279803e-02	2.0000002500e+03
-7.500000	-3.2500603304e+01	4.6978556088e+00	-2.0000000000e+03	-1.6108088249e-02	2.0000002500e+03
-7.400000	-3.2400613156e+01	4.7676789570e+00	-2.0000000000e+03	-1.6371004426e-02	2.0000002500e+03
-7.300000	-3.2300622808e+01	4.8375725047e+00	-2.0000000000e+03	-1.6628563149e-02	2.0000002500e+03
-7.200000	-3.2200632241e+01	4.9075093365e+00	-2.0000000000e+03	-1.6880294073e-02	2.0000002500e+03
-7.100000	-3.2100641439e+01	4.9774621266e+00	-2.0000000000e+03	-1.7125722337e-02	2.0000002500e+03
-7.000000	-3.2000650383e+01	5.0474031548e+00	-2.0000000000e+03	-1.7364369477e-02	2.0000002500e+03
-6.900000	-3.1900659054e+01	5.1173043229e+00	-2.0000000000e+03	-1.7595754286e-02	2.0000002500e+03
-6.800000	-3.1800667436e+01	5.1871371723e+00	-2.0000000000e+03	-1.7819393661e-02	2.0000002500e+03
-6.700000	-3.1700675509e+01	5.2568729017e+00	-2.0000000000e+03	-1.8034803545e-02	2.0000002500e+03
-6.600000	-3.1600683256e+01	5.3264823856e+00	-2.0000000000e+03	-1.8241499917e-02	2.0000002500e+03
-6.500000	-3.1500690659e+01	5.3959361935e+00	-2.0000000000e+03	-1.8438999690e-02	2.0000002500e+03
-6.400000	-3.1400697699e+01	5.4652046091e+00	-2.0000000000e+03	-1.8626821767e-02	2.0000002500e+03
-6.300000	-3.1300704358e+01	5.5342576510e+00	-2.0000000000e+03	-1.8804488025e-02	2.0000002500e+03
-6.200000	-3.1200710620e+01	5.6030650927e+00	-2.0000000000e+03	-1.8971524391e-02	2.0000002500e+03
-6.100000	-3.1100716466e+01	5.6715964842e+00	-2.0000000000e+03	-1.9127461890e-02	2.0000002500e+03
-6.000000	-3.1000721878e+01	5.7398211735e+00	-2.0000000000e+03	-1.9271837670e-02	2.0000002500e+03
-5.900000	-3.0900726841e+01	5.8077083285e+00	-2.0000000000e+03	-1.9404196168e-02	2.0000002500e+03
-5.800000	-3.0800731336e+01	5.8752269597e+00	-2.0000000000e+03	-1.9524090096e-02	2.0000002500e+03
-5.700000	-3.0700735348e+01	5.9423459431e+00	-2.0000000000e+03	-1.9631081678e-02	2.0000002500e+03
-5.600000	-3.0600738861e+01	6.0090340434e+00	-2.0000000000e+03	-1.9724743585e-02	2.0000002500e+03
-5.500000	-3.0500741859e+01	6.0752599380e+00	-2.0000000000e+03	-1.9804660205e-02	2.0000002500e+03
-5.400000	-3.0400744326e+01	6.1409922405e+00	-2.0000000000e+03	-1.9870428624e-02	2.0000002500e+03
-5.300000	-3.0300746249e+01	6.2061995256e+00	-2.0000000000e+03	-1.9921659760e-02	2.0000002500e+03
-5.200000	-3.0200747614e+01	6.2708503535e+00	-2.0000000000e+03	-1.9957979441e-02	2.0000002500e+03
-5.100000	-3.0100748406e+01	6.3349132945e+00	-2.0000000000e+03	-1.9979029519e-02	2.0000002500e+03
-5.000000	-3.0000748613e+01	6.3983569549e+00	-2.0000000000e+03	-1.9984468839e-02	2.0000002500e+03
-4.900000	-2.9900748224e+01	6.4611500015e+00	-2.0000000000e+03	-1.9973974349e-02	2.0000002500e+03
-4.800000	-2.9800747226e+01	6.5232611879e+00	-2.0000000000e+03	-1.9947242127e-02	2.0000002500e+03
-4.700000	-2.9700745609e+01	6.5846593795e+00	-2.0000000000e+03	-1.9903988263e-02	2.0000002500e+03
-4.600000	-2.9600743363e+01	6.6453135799e+00	-2.0000000000e+03	-1.9843949971e-02	2.0000002500e+03
-4.500000	-2.9500740479e+01	6.7051929564e+00	-2.0000000000e+03	-1.9766886373e-02	2.0000002500e+03
-4.400000	-2.9400736949e+01	6.7642668662e+00	-2.0000000000e+03	-1.9672579481e-02	2.0000002500e+03
-4.300000	-2.9300732765e+01	6.8225048820e+00	-2.0000000000e+03	-1.9560835025e-02	2.0000002500e+03
-4.200000	-2.9200727922e+01	6.8798768187e+00	-2.0000000000e+03	-1.9431483303e-02	2.0000002500e+03
-4.100000	-2.9100722414e+01	6.9363527588e+00	-2.0000000000e+03	-1.9284379857e-02	2.0000002500e+03
-4.000000	-2.9000716235e+01	6.9919030783e+00	-2.0000000000e+03	-1.9119406301e-02	2.0000002500e+03
-3.900000	-2.8900709384e+01	7.0464984729e+00	-2.0000000000e+03	-1.8936470889e-02	2.0000002500e+03
-3.800000	-2.8800701858e+01	7.1001099832e+00	-2.0000000000e+03	-1.8735509252e-02	2.0000002500e+03
-3.700000	-2.8700693654e+01	7.1527090207e+00	-2.0000000000e+03	-1.8516484813e-02	2.0000002500e+03
-3.600000	-2.8600684773e+01	7.2042673927e+00	-2.0000000000e+03	-1.8279389458e-02	2.0000002500e+03
-3.500000	-2.8500675216e+01	7.2547573278e+00	-2.0000000000e+03	-1.8024243772e-02	2.0000002500e+03
-3.400000	-2.8400664985e+01	7.3041515003e+00	-2.0000000000e+03	-1.7751097666e-02	2.0000002500e+03
-3.300000	-2.8300654082e+01	7.3524230553e+00	-2.0000000000e+03	-1.7460030470e-02	2.0000002500e+03
-3.200000	-2.8200642511e+01	7.3995456325e+00	-2.0000000000e+03	-1.7151151307e-02	2.0000002500e+03
-3.100000	-2.8100630278e+01	7.4454933904e+00	-2.0000000000e+03	-1.6824599214e-02	2.0000002500e+03
-3.000000	-2.8000617389e+01	7.4902410299e+00	-2.0000000000e+03	-1.6480543321e-02	2.0000002500e+03
-2.900000	-2.7900603851e+01	7.5337638169e+00	-2.0000000000e+03	-1.6119182831e-02	2.0000002500e+03
-2.800000	-2.7800589674e+01	7.5760376056e+00	-2.0000000000e+03	-1.5740746991e-02	2.0000002500e+03
-2.700000	-2.7700574866e+01	7.6170388606e+00	-2.0000000000e+03	-1.5345495024e-02	2.0000002500e+03
-2.600000	-2.7600559440e+01	7.6567446783e+00	-2.0000000000e+03	-1.4933715935e-02	2.0000002500e+03
-2.500000	-2.7500543405e+01	7.6951328085e+00	-2.0000000000e+03	-1.4505728262e-02	2.0000002500e+03
-2.400000	-2.7400526776e+01	7.7321816748e+00	-2.0000000000e+03	-1.4061879732e-02	2.0000002500e+03
-2.300000	-2.7300509567e+01	7.7680529129e+00	-2.0000000000e+03	-1.3602546892e-02	2.0000002500e+03
-2.200000	-2.7200491793e+01	7.8030025996e+00	-2.0000000000e+03	-1.3128134622e-02	2.0000002500e+03
-2.100000	-2.7100473470e+01	7.8365624738e+00	-2.0000000000e+03	-1.2639075644e-02	2.0000002500e+03
-2.000000	-2.7000454615e+01	7.8687132557e+00	-2.0000000000e+03	-1.2135829798e-02	2.0000002500e+03
-1.900000	-2.6900435247e+01	7.8994364096e+00	-2.0000000000e+03	-1.1618883464e-02	2.0000002500e+03
-1.800000	-2.6800415385e+01	7.9287141617e+00	-2.0000000000e+03	-1.1088748776e-02	2.0000002500e+03
-1.700000	-2.6700395048e+01	7.9565295172e+00	-2.0000000000e+03	-1.0545962750e-02	2.0000002500e+03
-1.600000	-2.6600374259e+01	7.9828662769e+00	-2.0000000000e+03	-9.9910865038e-03	2.0000002500e+03
-1.500000	-2.6500353038e+01	8.0077090524e+00	-2.0000000000e+03	-9.4247041879e-03	2.0000002500e+03
-1.400000	-2.6400331408e+01	8.0310432820e+00	-2.0000000000e+03	-8.8474220557e-03	2.0000002500e+03
-1.300000	-2.6300309394e+01	8.0528552437e+00	-2.0000000000e+03	-8.2598673585e-03	2.0000002500e+03
-1.200000	-2.6200287019e+01	8.0731320700e+00	-2.0000000000e+03	-7.6626872184e-03	2.0000002500e+03
-1.100000	-2.6100264308e+01	8.0918617595e+00	-2.0000000000e+03	-7.0565474674e-03	2.0000002500e+03
-1.000000	-2.6000241287e+01	8.1090331896e+00	-2.0000000000e+03	-6.4421313537e-03	2.0000002500e+03
-0.900000	-2.5900217982e+01	8.1246361271e+00	-2.0000000000e+03	-5.8201383786e-03	2.0000002500e+03
-0.800000	-2.5800194420e+01	8.1386612386e+00	-2.0000000000e+03	-5.1912828184e-03	2.0000002500e+03
-0.700000	-2.5700170628e+01	8.1511001002e+00	-2.0000000000e+03	-4.5562924832e-03	2.0000002500e+03
-0.600000	-2.5600146634e+01	8.1619452056e+00	-2.0000000000e+03	-3.9159072452e-03	2.0000002500e+03
-0.500000	-2.5500122466e+01	8.1711899742e+00	-2.0000000000e+03	-3.2708776839e-03	2.0000002500e+03
-0.400000	-2.5400098152e+01	8.1788287575e+00	-2.0000000000e+03	-2.6219634454e-03	2.0000002500e+03
-0.300000	-2.5300073721e+01	8.1848568455e+00	-2.0000000000e+03	-1.9699319917e-03	2.0000002500e+03
-0.200000	-2.5200049203e+01	8.1892704712e+00	-2.0000000000e+03	-1.3155568961e-03	2.0000002500e+03
-0.100000	-2.5100024626e+01	8.1920668153e+00	-2.0000000000e+03	-6.5961639773e-04	2.0000002500e+03
0.000000	-2.5000000019e+01	8.1932440087e+00	-2.0000000000e+03	-2.8918330820e-06	2.0000002500e+03
0.100000	-2.4899975413e+01	8.1928011354e+00	-2.0000000000e+03	6.5383389797e-04	2.0000002500e+03
0.200000	-2.4799950836e+01	8.1907382333e+00	-2.0000000000e+03	1.3097778741e-03	2.0000002500e+03
0.300000	-2.4699926318e+01	8.1870562952e+00	-2.0000000000e+03	1.9641587584e-03	2.0000002500e+03
0.400000	-2.4599901887e+01	8.1817572676e+00	-2.0000000000e+03	2.6161983088e-03	2.0000002500e+03
0.500000	-2.4499877573e+01	8.1748440498e+00	-2.0000000000e+03	3.2651229043e-03	2.0000002500e+03
0.600000	-2.4399853405e+01	8.1663204913e+00	-2.0000000000e+03	3.9101651449e-03	2.0000002500e+03
0.700000	-2.4299829411e+01	8.1561913884e+00	-2.0000000000e+03	4.5505653182e-03	2.0000002500e+03
0.800000	-2.4199805618e+01	8.1444624802e+00	-2.0000000000e+03	5.1855728583e-03	2.0000002500e+03
0.900000	-2.4099782056e+01	8.1311404432e+00	-2.0000000000e+03	5.8144478685e-03	2.0000002500e+03
1.000000	-2.3999758751e+01	8.1162328853e+00	-2.0000000000e+03	6.4364625256e-03	2.0000002500e+03
1.100000	-2.3899735730e+01	8.0997483390e+00	-2.0000000000e+03	7.0509025095e-03	2.0000002500e+03
1.200000	-2.3799713019e+01	8.0816962530e+00	-2.0000000000e+03	7.6570683193e-03	2.0000002500e+03
1.300000	-2.3699690644e+01	8.0620869842e+00	-2.0000000000e+03	8.2542766964e-03	2.0000002500e+03
1.400000	-2.3599668629e+01	8.0409317873e+00	-2.0000000000e+03	8.8418617392e-03	2.0000002500e+03
1.500000	-2.3499646999e+01	8.0182428047e+00	-2.0000000000e+03	9.4191763282e-03	2.0000002500e+03
1.600000	-2.3399625778e+01	7.9940330552e+00	-2.0000000000e+03	9.9855931867e-03	2.0000002500e+03
1.700000	-2.3299604988e+01	7.9683164212e+00	-2.0000000000e+03	1.0540506003e-02	2.0000002500e+03
1.800000	-2.3199584651e+01	7.9411076365e+00	-2.0000000000e+03	1.1083330609e-02	2.0000002500e+03
1.900000	-2.3099564789e+01	7.9124222716e+00	-2.0000000000e+03	1.1613505871e-02	2.0000002500e+03
2.000000	-2.2999545420e+01	7.8822767198e+00	-2.0000000000e+03	1.2130494694e-02	2.0000002500e+03
2.100000	-2.2899526565e+01	7.8506881813e+00	-2.0000000000e+03	1.2633784911e-02	2.0000002500e+03
2.200000	-2.2799508242e+01	7.8176746471e+00	-2.0000000000e+03	1.3122890146e-02	2.0000002500e+03
2.300000	-2.2699490467e+01	7.7832548824e+00	-2.0000000000e+03	1.3597350450e-02	2.0000002500e+03
2.400000	-2.2599473258e+01	7.7474484087e+00	-2.0000000000e+03	1.4056733116e-02	2.0000002500e+03
2.500000	-2.2499456629e+01	7.7102754856e+00	-2.0000000000e+03	1.4500633183e-02	2.0000002500e+03
2.600000	-2.2399440594e+01	7.6717570918e+00	-2.0000000000e+03	1.4928674066e-02	2.0000002500e+03
2.700000	-2.2299425166e+01	7.6319149058e+00	-2.0000000000e+03	1.5340508000e-02	2.0000002500e+03
2.800000	-2.2199410358e+01	7.5907712852e+00	-2.0000000000e+03	1.5735816386e-02	2.0000002500e+03
2.900000	-2.2099396181e+01	7.5483492465e+00	-2.0000000000e+03	1.6114310179e-02	2.0000002500e+03
3.000000	-2.1999382643e+01	7.5046724430e+00	-2.0000000000e+03	1.6475730090e-02	2.0000002500e+03
3.100000	-2.1899369753e+01	7.4597651440e+00	-2.0000000000e+03	1.6819846835e-02	2.0000002500e+03
3.200000	-2.1799357520e+01	7.4136522112e+00	-2.0000000000e+03	1.7146461139e-02	2.0000002500e+03
3.300000	-2.1699345949e+01	7.3663590770e+00	-2.0000000000e+03	1.7455403841e-02	2.0000002500e+03
3.400000	-2.1599335045e+01	7.3179117203e+00	-2.0000000000e+03	1.7746535824e-02	2.0000002500e+03
3.500000	-2.1499324813e+01	7.2683366433e+00	-2.0000000000e+03	1.8019747930e-02	2.0000002500e+03
3.600000	-2.1399315255e+01	7.2176608474e+00	-2.0000000000e+03	1.8274960743e-02	2.0000002500e+03
3.700000	-2.1299306374e+01	7.1659118085e+00	-2.0000000000e+03	1.8512124340e-02	2.0000002500e+03
3.800000	-2.1199298170e+01	7.1131174523e+00	-2.0000000000e+03	1.8731218016e-02	2.0000002500e+03
3.900000	-2.1099290643e+01	7.0593061297e+00	-2.0000000000e+03	1.8932249884e-02	2.0000002500e+03
4.000000	-2.0999283791e+01	7.0045065908e+00	-2.0000000000e+03	1.9115256430e-02	2.0000002500e+03
4.100000	-2.0899277612e+01	6.9487479598e+00	-2.0000000000e+03	1.9280301976e-02	2.0000002500e+03
4.200000	-2.0799272103e+01	6.8920597091e+00	-2.0000000000e+03	1.9427478187e-02	2.0000002500e+03
4.300000	-2.0699267260e+01	6.8344716337e+00	-2.0000000000e+03	1.9556903432e-02	2.0000002500e+03
4.400000	-2.0599263076e+01	6.7760138246e+00	-2.0000000000e+03	1.9668722044e-02	2.0000002500e+03
4.500000	-2.0499259545e+01	6.7167166434e+00	-2.0000000000e+03	1.9763103733e-02	2.0000002500e+03
4.600000	-2.0399256660e+01	6.6566106955e+00	-2.0000000000e+03	1.9840242685e-02	2.0000002500e+03
4.700000	-2.0299254414e+01	6.5957268043e+00	-2.0000000000e+03	1.9900356818e-02	2.0000002500e+03
4.800000	-2.0199252796e+01	6.5340959847e+00	-2.0000000000e+03	1.9943686934e-02	2.0000002500e+03
4.900000	-2.0099251797e+01	6.4717494171e+00	-2.0000000000e+03	1.9970495793e-02	2.0000002500e+03
5.000000	-1.9999251407e+01	6.4087184212e+00	-2.0000000000e+03	1.9981067203e-02	2.0000002500e+03
5.100000	-1.9899251614e+01	6.3450344299e+00	-2.0000000000e+03	1.9975705078e-02	2.0000002500e+03
5.200000	-1.9799252406e+01	6.2807289635e+00	-2.0000000000e+03	1.9954732385e-02	2.0000002500e+03
5.300000	-1.9699253769e+01	6.2158336040e+00	-2.0000000000e+03	1.9918490202e-02	2.0000002500e+03
5.400000	-1.9599255692e+01	6.1503799691e+00	-2.0000000000e+03	1.9867336669e-02	2.0000002500e+03
5.500000	-1.9499258159e+01	6.0843996874e+00	-2.0000000000e+03	1.9801645869e-02	2.0000002500e+03
5.600000	-1.9399261156e+01	6.0179243729e+00	-2.0000000000e+03	1.9721806831e-02	2.0000002500e+03
5.700000	-1.9299264668e+01	5.9509856002e+00	-2.0000000000e+03	1.9628222393e-02	2.0000002500e+03
5.800000	-1.9199268680e+01	5.8836148800e+00	-2.0000000000e+03	1.9521308155e-02	2.0000002500e+03
5.900000	-1.9099273175e+01	5.8158436348e+00	-2.0000000000e+03	1.9401491346e-02	2.0000002500e+03
6.000000	-1.8999278137e+01	5.7477031751e+00	-2.0000000000e+03	1.9269209742e-02	2.0000002500e+03
6.100000	-1.8899283549e+01	5.6792246756e+00	-2.0000000000e+03	1.9124910518e-02	2.0000002500e+03
6.200000	-1.8799289394e+01	5.6104391523e+00	-2.0000000000e+03	1.8969049239e-02	2.0000002500e+03
6.300000	-1.8699295655e+01	5.5413774397e+00	-2.0000000000e+03	1.8802088670e-02	2.0000002500e+03
6.400000	-1.8599302314e+01	5.4720701687e+00	-2.0000000000e+03	1.8624497745e-02	2.0000002500e+03
6.500000	-1.8499309353e+01	5.4025477443e+00	-2.0000000000e+03	1.8436750514e-02	2.0000002500e+03
6.600000	-1.8399316755e+01	5.3328403250e+00	-2.0000000000e+03	1.8239325046e-02	2.0000002500e+03
6.700000	-1.8299324502e+01	5.2629778012e+00	-2.0000000000e+03	1.8032702373e-02	2.0000002500e+03
6.800000	-1.8199332574e+01	5.1929897754e+00	-2.0000000000e+03	1.7817365536e-02	2.0000002500e+03
6.900000	-1.8099340955e+01	5.1229055425e+00	-2.0000000000e+03	1.7593798539e-02	2.0000002500e+03
7.000000	-1.7999349627e+01	5.0527540701e+00	-2.0000000000e+03	1.7362485381e-02	2.0000002500e+03
7.100000	-1.7899358570e+01	4.9825639804e+00	-2.0000000000e+03	1.7123909116e-02	2.0000002500e+03
7.200000	-1.7799367767e+01	4.9123635317e+00	-2.0000000000e+03	1.6878550937e-02	2.0000002500e+03
7.300000	-1.7699377200e+01	4.8421806014e+00	-2.0000000000e+03	1.6626889259e-02	2.0000002500e+03
7.400000	-1.7599386851e+01	4.7720426689e+00	-2.0000000000e+03	1.6369398890e-02	2.0000002500e+03
7.500000	-1.7499396703e+01	4.7019767995e+00	-2.0000000000e+03	1.6106550172e-02	2.0000002500e+03
7.600000	-1.7399406738e+01	4.6320096286e+00	-2.0000000000e+03	1.5838808245e-02	2.0000002500e+03
7.700000	-1.7299416938e+01	4.5621673472e+00	-2.0000000000e+03	1.5566632203e-02	2.0000002500e+03
7.800000	-1.7199427288e+01	4.4924756875e+00	-2.0000000000e+03	1.5290474448e-02	2.0000002500e+03
7.900000	-1.7099437771e+01	4.4229599090e+00	-2.0000000000e+03	1.5010779981e-02	2.0000002500e+03
8.000000	-1.6999448369e+01	4.3536447859e+00	-2.0000000000e+03	1.4727985746e-02	2.0000002500e+03
8.100000	-1.6899459067e+01	4.2845545950e+00	-2.0000000000e+03	1.4442520035e-02	2.0000002500e+03
8.200000	-1.6799469849e+01	4.2157131035e+00	-2.0000000000e+03	1.4154801909e-02	2.0000002500e+03
8.300000	-1.6699480700e+01	4.1471435589e+00	-2.0000000000e+03	1.3865240674e-02	2.0000002500e+03
8.400000	-1.6599491605e+01	4.0788686781e+00	-2.0000000000e+03	1.3574235406e-02	2.0000002500e+03
8.500000	-1.6499502549e+01	4.0109106384e+00	-2.0000000000e+03	1.3282174468e-02	2.0000002500e+03
8.600000	-1.6399513519e+01	3.9432910683e+00	-2.0000000000e+03	1.2989435150e-02	2.0000002500e+03
8.700000	-1.6299524500e+01	3.8760310398e+00	-2.0000000000e+03	1.2696383240e-02	2.0000002500e+03
8.800000	-1.6199535479e+01	3.8091510605e+00	-2.0000000000e+03	1.2403372734e-02	2.0000002500e+03
8.900000	-1.6099546444e+01	3.7426710670e+00	-2.0000000000e+03	1.2110745535e-02	2.0000002500e+03
9.000000	-1.5999557382e+01	3.6766104188e+00	-2.0000000000e+03	1.1818831186e-02	2.0000002500e+03
9.100000	-1.5899568281e+01	3.6109878931e+00	-2.0000000000e+03	1.1527946690e-02	2.0000002500e+03
9.200000	-1.5799579130e+01	3.5458216797e+00	-2.0000000000e+03	1.1238396256e-02	2.0000002500e+03
9.300000	-1.5699589918e+01	3.4811293770e+00	-2.0000000000e+03	1.0950471242e-02	2.0000002500e+03
9.400000	-1.5599600634e+01	3.4169279888e+00	-2.0000000000e+03	1.0664449993e-02	2.0000002500e+03
9.500000	-1.5499611269e+01	3.3532339214e+00	-2.0000000000e+03	1.0380597795e-02	2.0000002500e+03
9.600000	-1.5399621813e+01	3.2900629812e+00	-2.0000000000e+03	1.0099166810e-02	2.0000002500e+03
9.700000	-1.5299632257e+01	3.2274303738e+00	-2.0000000000e+03	9.8203960723e-03	2.0000002500e+03
9.800000	-1.5199642593e+01	3.1653507024e+00	-2.0000000000e+03	9.5445115344e-03	2.0000002500e+03
9.900000	-1.5099652812e+01	3.1038379681e+00	-2.0000000000e+03	9.2717260989e-03	2.0000002500e+03
10.000000	-1.4999662908e+01	3.0429055699e+00	-2.0000000000e+03	9.0022396953e-03	2.0000002500e+03
10.100000	-1.4899672873e+01	2.9825663059e+00	-2.0000000000e+03	8.7362394168e-03	2.0000002500e+03
10.200000	-1.4799682701e+01	2.9228323743e+00	-2.0000000000e+03	8.4738996162e-03	2.0000002500e+03
10.300000	-1.4699692385e+01	2.8637153762e+00	-2.0000000000e+03	8.2153820807e-03	2.0000002500e+03
10.400000	-1.4599701921e+01	2.8052263176e+00	-2.0000000000e+03	7.9608362365e-03	2.0000002500e+03
10.500000	-1.4499711302e+01	2.7473756126e+00	-2.0000000000e+03	7.7103993051e-03	2.0000002500e+03
10.600000	-1.4399720525e+01	2.6901730874e+00	-2.0000000000e+03	7.4641965807e-03	2.0000002500e+03
10.700000	-1.4299729584e+01	2.6336279841e+00	-2.0000000000e+03	7.2223416245e-03	2.0000002500e+03
10.800000	-1.4199738477e+01	2.5777489658e+00	-2.0000000000e+03	6.9849365546e-03	2.0000002500e+03
10.900000	-1.4099747200e+01	2.5225441211e+00	-2.0000000000e+03	6.7520722978e-03	2.0000002500e+03
11.000000	-1.3999755749e+01	2.4680209705e+00	-2.0000000000e+03	6.5238289221e-03	2.0000002500e+03
11.100000	-1.3899764122e+01	2.4141864715e+00	-2.0000000000e+03	6.3002758994e-03	2.0000002500e+03
11.200000	-1.3799772318e+01	2.3610470260e+00	-2.0000000000e+03	6.0814724273e-03	2.0000002500e+03
11.300000	-1.3699780333e+01	2.3086084864e+00	-2.0000000000e+03	5.8674677763e-03	2.0000002500e+03
11.400000	-1.3599788167e+01	2.2568761636e+00	-2.0000000000e+03	5.6583016054e-03	2.0000002500e+03
11.500000	-1.3499795819e+01	2.2058548338e+00	-2.0000000000e+03	5.4540043100e-03	2.0000002500e+03
11.600000	-1.3399803288e+01	2.1555487472e+00	-2.0000000000e+03	5.2545973842e-03	2.0000002500e+03
11.700000	-1.3299810572e+01	2.1059616361e+00	-2.0000000000e+03	5.0600937422e-03	2.0000002500e+03
11.800000	-1.3199817673e+01	2.0570967235e+00	-2.0000000000e+03	4.8704981292e-03	2.0000002500e+03
11.900000	-1.3099824590e+01	2.0089567322e+00	-2.0000000000e+03	4.6858074235e-03	2.0000002500e+03
12.000000	-1.2999831323e+01	1.9615438938e+00	-2.0000000000e+03	4.5060110447e-03	2.0000002500e+03
12.100000	-1.2899837874e+01	1.9148599586e+00	-2.0000000000e+03	4.3310913053e-03	2.0000002500e+03
12.200000	-1.2799844243e+01	1.8689062051e+00	-2.0000000000e+03	4.1610237604e-03	2.0000002500e+03
12.300000	-1.2699850431e+01	1.8236834502e+00	-2.0000000000e+03	3.9957776029e-03	2.0000002500e+03
12.400000	-1.2599856440e+01	1.7791920592e+00	-2.0000000000e+03	3.8353159786e-03	2.0000002500e+03
12.500000	-1.2499862271e+01	1.7354319567e+00	-2.0000000000e+03	3.6795963926e-03	2.0000002500e+03
12.600000	-1.2399867927e+01	1.6926011114e+00	-2.0000000000e+03	3.5285710235e-03	2.0000002500e+03
12.700000	-1.2299873408e+01	1.6504924486e+00	-2.0000000000e+03	3.3821870976e-03	2.0000002500e+03
12.800000	-1.2199878718e+01	1.6091041444e+00	-2.0000000000e+03	3.2403872128e-03	2.0000002500e+03
12.900000	-1.2099883858e+01	1.5684345905e+00	-2.0000000000e+03	3.1031097054e-03	2.0000002500e+03
13.000000	-1.1999888831e+01	1.5284817981e+00	-2.0000000000e+03	2.9702889425e-03	2.0000002500e+03
13.100000	-1.1899893640e+01	1.4892434085e+00	-2.0000000000e+03	2.8418556764e-03	2.0000002500e+03
13.200000	-1.1799898287e+01	1.4507167039e+00	-2.0000000000e+03	2.7177373466e-03	2.0000002500e+03
13.300000	-1.1699902776e+01	1.4128986187e+00	-2.0000000000e+03	2.5978583984e-03	2.0000002500e+03
13.400000	-1.1599907108e+01	1.3757857505e+00	-2.0000000000e+03	2.4821405639e-03	2.0000002500e+03
13.500000	-1.1499911288e+01	1.3393743712e+00	-2.0000000000e+03	2.3705031678e-03	2.0000002500e+03
13.600000	-1.1399915318e+01	1.3036604381e+00	-2.0000000000e+03	2.2628634033e-03	2.0000002500e+03
13.700000	-1.1299919201e+01	1.2687027117e+00	-2.0000000000e+03	2.1591366043e-03	2.0000002500e+03
13.800000	-1.1199922941e+01	1.2344336953e+00	-2.0000000000e+03	2.0592364999e-03	2.0000002500e+03
13.900000	-1.1099926541e+01	1.2008463267e+00	-2.0000000000e+03	1.9630754752e-03	2.0000002500e+03
14.000000	-1.0999930005e+01	1.1679354182e+00	-2.0000000000e+03	1.8705648100e-03	2.0000002500e+03
14.100000	-1.0899933335e+01	1.1356955243e+00	-2.0000000000e+03	1.7816149045e-03	2.0000002500e+03
14.200000	-1.0799936534e+01	1.1041209530e+00	-2.0000000000e+03	1.6961355048e-03	2.0000002500e+03
14.300000	-1.0699939608e+01	1.0732057772e+00	-2.0000000000e+03	1.6140359138e-03	2.0000002500e+03
14.400000	-1.0599942558e+01	1.0429438455e+00	-2.0000000000e+03	1.5352251803e-03	2.0000002500e+03
14.500000	-1.0499945388e+01	1.0133287933e+00	-2.0000000000e+03	1.4596123054e-03	2.0000002500e+03
14.600000	-1.0399948102e+01	9.8435405339e-01	-2.0000000000e+03	1.3871064075e-03	2.0000002500e+03
14.700000	-1.0299950703e+01	9.5601286721e-01	-2.0000000000e+03	1.3176168947e-03	2.0000002500e+03
14.800000	-1.0199953195e+01	9.2829829518e-01	-2.0000000000e+03	1.2510536298e-03	2.0000002500e+03
14.900000	-1.0099955580e+01	9.0120322734e-01	-2.0000000000e+03	1.1873270660e-03	2.0000002500e+03
15.000000	-9.9999578624e+00	8.7472039375e-01	-2.0000000000e+03	1.1263483976e-03	2.0000002500e+03
15.100000	-9.8999600451e+00	8.4884237476e-01	-2.0000000000e+03	1.0680296827e-03	2.0000002500e+03
15.200000	-9.7999621314e+00	8.2356161114e-01	-2.0000000000e+03	1.0122839657e-03	2.0000002500e+03
15.300000	-9.6999641247e+00	7.9887041400e-01	-2.0000000000e+03	9.5902538753e-04	2.0000002500e+03
15.400000	-9.5999660280e+00	7.7476097466e-01	-2.0000000000e+03	9.0816928563e-04	2.0000002500e+03
15.500000	-9.4999678444e+00	7.5122537420e-01	-2.0000000000e+03	8.5963228665e-04	2.0000002500e+03
15.600000	-9.3999695771e+00	7.2825559297e-01	-2.0000000000e+03	8.1333239001e-04	2.0000002500e+03
15.700000	-9.2999712291e+00	7.0584351985e-01	-2.0000000000e+03	7.6918905083e-04	2.0000002500e+03
15.800000	-9.1999728032e+00	6.8401855344e-01	-2.0000000000e+03	7.2712323797e-04	2.0000002500e+03
15.900000	-9.0999743025e+00	6.6296198638e-01	-2.0000000000e+03	6.8705750397e-04	2.0000002500e+03
16.000000	-8.9999757297e+00	6.4242203923e-01	-2.0000000000e+03	6.4891603134e-04	2.0000002500e+03
16.100000	-8.8999770878e+00	6.2239090490e-01	-2.0000000000e+03	6.1262468136e-04	2.0000002500e+03
16.200000	-8.7999783791e+00	6.0286071865e-01	-2.0000000000e+03	5.7811103670e-04	2.0000002500e+03
16.300000	-8.6999796066e+00	5.8382356590e-01	-2.0000000000e+03	5.4530442765e-04	2.0000002500e+03
16.400000	-8.5999807729e+00	5.6527148980e-01	-2.0000000000e+03	5.1413596869e-04	2.0000002500e+03
16.500000	-8.4999818802e+00	5.4719649867e-01	-2.0000000000e+03	4.8453856888e-04	2.0000002500e+03
16.600000	-8.3999829313e+00	5.2959057324e-01	-2.0000000000e+03	4.5644695715e-04	2.0000002500e+03
16.700000	-8.2999839282e+00	5.1244567361e-01	-2.0000000000e+03	4.2979768766e-04	2.0000002500e+03
16.800000	-8.1999848737e+00	4.9575374617e-01	-2.0000000000e+03	4.0452914694e-04	2.0000002500e+03
16.900000	-8.0999857695e+00	4.7950673016e-01	-2.0000000000e+03	3.8058155536e-04	2.0000002500e+03
17.000000	-7.9999866180e+00	4.6369656417e-01	-2.0000000000e+03	3.5789696275e-04	2.0000002500e+03
17.100000	-7.8999874215e+00	4.4831519233e-01	-2.0000000000e+03	3.3641924115e-04	2.0000002500e+03
17.200000	-7.7999881819e+00	4.3335457035e-01	-2.0000000000e+03	3.1609407667e-04	2.0000002500e+03
17.300000	-7.6999889009e+00	4.1880667137e-01	-2.0000000000e+03	2.9686895141e-04	2.0000002500e+03
17.400000	-7.5999895808e+00	4.0466349159e-01	-2.0000000000e+03	2.7869312976e-04	2.0000002500e+03
17.500000	-7.4999902234e+00	3.9091705566e-01	-2.0000000000e+03	2.6151763322e-04	2.0000002500e+03
17.600000	-7.3999908301e+00	3.7755942195e-01	-2.0000000000e+03	2.4529522089e-04	2.0000002500e+03
17.700000	-7.2999914029e+00	3.6458268753e-01	-2.0000000000e+03	2.2998036275e-04	2.0000002500e+03
17.800000	-7.1999919434e+00	3.5197899301e-01	-2.0000000000e+03	2.1552921020e-04	2.0000002500e+03
17.900000	-7.0999924531e+00	3.3974052718e-01	-2.0000000000e+03	2.0189956963e-04	2.0000002500e+03
18.000000	-6.9999929336e+00	3.2785953137e-01	-2.0000000000e+03	1.8905086655e-04	2.0000002500e+03
18.100000	-6.8999933864e+00	3.1632830374e-01	-2.0000000000e+03	1.7694411592e-04	2.0000002500e+03
18.200000	-6.7999938128e+00	3.0513920325e-01	-2.0000000000e+03	1.6554188624e-04	2.0000002500e+03
18.300000	-6.6999942143e+00	2.9428465353e-01	-2.0000000000e+03	1.5480826222e-04	2.0000002500e+03
18.400000	-6.5999945918e+00	2.8375714649e-01	-2.0000000000e+03	1.4470881241e-04	2.0000002500e+03
18.500000	-6.4999949470e+00	2.7354924581e-01	-2.0000000000e+03	1.3521054458e-04	2.0000002500e+03
18.600000	-6.3999952808e+00	2.6365359015e-01	-2.0000000000e+03	1.2628187498e-04	2.0000002500e+03
18.700000	-6.2999955945e+00	2.5406289627e-01	-2.0000000000e+03	1.1789258384e-04	2.0000002500e+03
18.800000	-6.1999958891e+00	2.4476996189e-01	-2.0000000000e+03	1.1001377965e-04	2.0000002500e+03
18.900000	-6.0999961657e+00	2.3576766844e-01	-2.0000000000e+03	1.0261785784e-04	2.0000002500e+03
19.000000	-5.9999964250e+00	2.2704898358e-01	-2.0000000000e+03	9.5678461170e-05	2.0000002500e+03
19.100000	-5.8999966683e+00	2.1860696356e-01	-2.0000000000e+03	8.9170441940e-05	2.0000002500e+03
19.200000	-5.7999968964e+00	2.1043475543e-01	-2.0000000000e+03	8.3069819262e-05	2.0000002500e+03
19.300000	-5.6999971100e+00	2.0252559907e-01	-2.0000000000e+03	7.7353743614e-05	2.0000002500e+03
19.400000	-5.5999973102e+00	1.9488946180e-01	-2.0000000000e+03	7.2000453909e-05	2.0000002500e+03
19.500000	-5.4999974975e+00	1.8751084466e-01	-2.0000000000e+03	6.6989242005e-05	2.0000002500e+03
19.600000	-5.3999976728e+00	1.8037407392e-01	-2.0000000000e+03	6.2300412817e-05	2.0000002500e+03
19.700000	-5.2999978366e+00	1.7347282989e-01	-2.0000000000e+03	5.7915246820e-05	2.0000002500e+03
19.800000	-5.1999979899e+00	1.6680089285e-01	-2.0000000000e+03	5.3815962481e-05	2.0000002500e+03
19.900000	-5.0999981330e+00	1.6035214401e-01	-2.0000000000e+03	4.9985681191e-05	2.0000002500e+03
20.000000	-4.9999982668e+00	1.5412056656e-01	-2.0000000000e+03	4.6408389881e-05	2.0000002500e+03
20.100000	-4.8999983916e+00	1.4810024638e-01	-2.0000000000e+03	4.3068906564e-05	2.0000002500e+03
20.200000	-4.7999985079e+00	1.4228537275e-01	-2.0000000000e+03	3.9952845743e-05	2.0000002500e+03
20.300000	-4.6999986165e+00	1.3667023894e-01	-2.0000000000e+03	3.7046585872e-05	2.0000002500e+03
20.400000	-4.5999987177e+00	1.3124924255e-01	-2.0000000000e+03	3.4337234145e-05	2.0000002500e+03
20.500000	-4.4999988121e+00	1.2601688591e-01	-2.0000000000e+03	3.1812598417e-05	2.0000002500e+03
20.600000	-4.3999989000e+00	1.2096777619e-01	-2.0000000000e+03	2.9461151931e-05	2.0000002500e+03
20.700000	-4.2999989818e+00	1.1609662558e-01	-2.0000000000e+03	2.7272007117e-05	2.0000002500e+03
20.800000	-4.1999990579e+00	1.1139825121e-01	-2.0000000000e+03	2.5234883681e-05	2.0000002500e+03
20.900000	-4.0999991286e+00	1.0686757507e-01	-2.0000000000e+03	2.3340080925e-05	2.0000002500e+03
21.000000	-3.9999991944e+00	1.0249962377e-01	-2.0000000000e+03	2.1578451397e-05	2.0000002500e+03
21.100000	-3.8999992557e+00	9.8289528258e-02	-2.0000000000e+03	1.9941373403e-05	2.0000002500e+03
21.200000	-3.7999993124e+00	9.4232523420e-02	-2.0000000000e+03	1.8420725272e-05	2.0000002500e+03
21.300000	-3.6999993651e+00	9.0323947603e-02	-2.0000000000e+03	1.7008861350e-05	2.0000002500e+03
21.400000	-3.5999994141e+00	8.6559242055e-02	-2.0000000000e+03	1.5698587756e-05	2.0000002500e+03
21.500000	-3.4999994595e+00	8.2933950292e-02	-2.0000000000e+03	1.4483140062e-05	2.0000002500e+03
21.600000	-3.3999995014e+00	7.9443717391e-02	-2.0000000000e+03	1.3356160182e-05	2.0000002500e+03
21.700000	-3.2999995404e+00	7.6084289209e-02	-2.0000000000e+03	1.2311676370e-05	2.0000002500e+03
21.800000	-3.1999995765e+00	7.2851511547e-02	-2.0000000000e+03	1.1344082369e-05	2.0000002500e+03
21.900000	-3.0999996102e+00	6.9741329237e-02	-2.0000000000e+03	1.0448117903e-05	2.0000002500e+03
22.000000	-2.9999996410e+00	6.6749785186e-02	-2.0000000000e+03	9.6188501391e-06	2.0000002500e+03
22.100000	-2.8999996696e+00	6.3873019354e-02	-2.0000000000e+03	8.8516561524e-06	2.0000002500e+03
22.200000	-2.7999996961e+00	6.1107267687e-02	-2.0000000000e+03	8.1422050068e-06	2.0000002500e+03
22.300000	-2.6999997206e+00	5.8448860995e-02	-2.0000000000e+03	7.4864424627e-06	2.0000002500e+03
22.400000	-2.5999997433e+00	5.5894223797e-02	-2.0000000000e+03	6.8805747552e-06	2.0000002500e+03
22.500000	-2.4999997641e+00	5.3439873110e-02	-2.0000000000e+03	6.3210538412e-06	2.0000002500e+03
22.600000	-2.3999997834e+00	5.1083313683e-02	-2.0000000000e+03	5.8045635165e-06	2.0000002500e+03
22.700000	-2.2999998012e+00	4.8851304396e-02	-2.0000000000e+03	5.3280057646e-06	2.0000002500e+03
22.800000	-2.1999998176e+00	4.6706907748e-02	-2.0000000000e+03	4.8884877764e-06	2.0000002500e+03
22.900000	-2.0999998327e+00	4.4647159223e-02	-2.0000000000e+03	4.4833100577e-06	2.0000002500e+03
23.000000	-1.9999998467e+00	4.2669173147e-02	-2.0000000000e+03	4.1099547709e-06	2.0000002500e+03
23.100000	-1.8999998595e+00	4.0770141515e-02	-2.0000000000e+03	3.7660746790e-06	2.0000002500e+03
23.200000	-1.7999998714e+00	3.8947332804e-02	-2.0000000000e+03	3.4494826723e-06	2.0000002500e+03
23.300000	-1.6999998822e+00	3.7198090762e-02	-2.0000000000e+03	3.1581421141e-06	2.0000002500e+03
23.400000	-1.5999998921e+00	3.5519833173e-02	-2.0000000000e+03	2.8901573575e-06	2.0000002500e+03
23.500000	-1.4999999013e+00	3.3910050612e-02	-2.0000000000e+03	2.6437648364e-06	2.0000002500e+03
23.600000	-1.3999999098e+00	3.2366305176e-02	-2.0000000000e+03	2.4173248203e-06	2.0000002500e+03
23.700000	-1.2999999175e+00	3.0886229208e-02	-2.0000000000e+03	2.2093134564e-06	2.0000002500e+03
23.800000	-1.1999999247e+00	2.9467524008e-02	-2.0000000000e+03	2.0183152976e-06	2.0000002500e+03
23.900000	-1.0999999313e+00	2.8107958536e-02	-2.0000000000e+03	1.8430163240e-06	2.0000002500e+03
24.000000	-9.9999993715e-01	2.6805368101e-02	-2.0000000000e+03	1.6821971782e-06	2.0000002500e+03
24.100000	-8.9999994269e-01	2.5557653057e-02	-2.0000000000e+03	1.5347270463e-06	2.0000002500e+03
24.200000	-7.9999994772e-01	2.4362777481e-02	-2.0000000000e+03	1.3995577189e-06	2.0000002500e+03
24.300000	-6.9999995226e-01	2.3218767861e-02	-2.0000000000e+03	1.2757179722e-06	2.0000002500e+03
24.400000	-5.9999995650e-01	2.2123711776e-02	-2.0000000000e+03	1.1623084921e-06	2.0000002500e+03
24.500000	-4.9999996044e-01	2.1075756577e-02	-2.0000000000e+03	1.0584968684e-06	2.0000002500e+03
24.600000	-3.9999996391e-01	2.0073108079e-02	-2.0000000000e+03	9.6351307162e-07	2.0000002500e+03
24.700000	-2.9999996729e-01	1.9114029242e-02	-2.0000000000e+03	8.7664509519e-07	2.0000002500e+03
24.800000	-1.9999997022e-01	1.8196838875e-02	-2.0000000000e+03	7.9723490361e-07	2.0000002500e+03
24.900000	-9.9999972885e-02	1.7319910329e-02	-2.0000000000e+03	7.2467467094e-07	2.0000002500e+03
0.000000	-nan	4.6415270215e-310	0.0000000000e+00	-nan	2.1219957915e-314