0.00000000000000e+00    	0.00000000000000e+00 	 -2.00000000000000e+01  	-1.70000000000000e+01    -2.00000000000000e+03	 0.00000000000000e+00	0.00000000000000e+00		2.00000024999998e+03
1.20000000000000e-01    	-1.19999985000003e-01 	 -2.00000000000000e+01   -1.70000000000000e+01 	-2.00000000000000e+03	 4.03975692048896e-19	9.83899986240635e-43		2.00000024999998e+03
2.40000000000000e-01    	-2.39999970000005e-01 	 -2.00000000000000e+01   -1.70000000000000e+01 	-2.00000000000000e+03	 4.08736321941520e-18	-8.33770409174384e-40		2.00000024999998e+03
3.60000000000000e-01    	-3.59999955000007e-01 	 -2.00000000000000e+01   -1.70000000000000e+01 	-2.00000000000000e+03	 -1.42812307755175e-17	-4.18603943924380e-40		2.00000024999998e+03
4.80000000000000e-01    	-4.79999940000009e-01 	 -2.00000000000000e+01   -1.70000000000000e+01 	-2.00000000000000e+03	 -6.86359445059308e-17	-1.32515655354469e-37		2.00000024999998e+03
6.00000000000000e-01    	-5.99999925000016e-01 	 -2.00000000000000e+01   -1.70000000000000e+01 	-2.00000000000000e+03	 1.20839181878645e-17	-4.70278406286820e-37		2.00000024999998e+03
7.20000000000000e-01    	-7.19999910000024e-01 	 -2.00000000000000e+01   -1.70000000000000e+01 	-2.00000000000000e+03	 2.41104160743604e-16	-1.84796615477088e-36		2.00000024999998e+03
8.40000000000000e-01    	-8.39999895000031e-01 	 -2.00000000000000e+01   -1.70000000000000e+01 	-2.00000000000000e+03	 5.99026934452420e-17	-6.35205554273870e-36		2.00000024999998e+03
9.60000000000000e-01    	-9.59999880000039e-01 	 -2.00000000000000e+01   -1.70000000000000e+01 	-2.00000000000000e+03	 -5.49636815797986e-16	-1.25577050960324e-35		2.00000024999998e+03
1.08000000000000e+00    	-1.07999986500005e+00 	 -2.00000000000000e+01   -1.70000000000000e+01 	-2.00000000000000e+03	 -2.74284387226617e-16	-3.91314529906708e-35		2.00000024999998e+03
1.20000000000000e+00    	-1.19999985000005e+00 	 -2.00000000000000e+01   -1.70000000000000e+01 	-2.00000000000000e+03	 9.95958394438406e-16	-5.73819659580580e-35		2.00000024999998e+03
1.32000000000000e+00    	-1.31999983500006e+00 	 -2.00000000000000e+01   -1.70000000000000e+01 	-2.00000000000000e+03	 7.13754180760401e-16	-1.59506847101649e-34		2.00000024999998e+03
1.44000000000000e+00    	-1.43999982000007e+00 	 -2.00000000000000e+01   -1.70000000000000e+01 	-2.00000000000000e+03	 -1.55271319558788e-15	-2.02523688297676e-34		2.00000024999998e+03
1.56000000000000e+00    	-1.55999980500008e+00 	 -2.00000000000000e+01   -1.70000000000000e+01 	-2.00000000000000e+03	 -1.46383658645506e-15	-5.01001113356161e-34		2.00000024999998e+03
1.68000000000000e+00    	-1.67999979000009e+00 	 -2.00000000000000e+01   -1.70000000000000e+01 	-2.00000000000000e+03	 2.16040926541439e-15	-5.95230042486850e-34		2.00000024999998e+03
1.80000000000000e+00    	-1.79999977500009e+00 	 -2.00000000000000e+01   -1.70000000000000e+01 	-2.00000000000000e+03	 2.60262001500005e-15	-1.31304917154051e-33		2.00000024999998e+03
1.92000000000000e+00    	-1.91999976000010e+00 	 -2.00000000000000e+01   -1.70000000000000e+01 	-2.00000000000000e+03	 -2.72910137561440e-15	-1.52461293996818e-33		2.00000024999998e+03
2.04000000000000e+00    	-2.03999974500010e+00 	 -2.00000000000000e+01   -1.70000000000000e+01 	-2.00000000000000e+03	 -4.19301051310621e-15	-3.01232026611049e-33		2.00000024999998e+03
2.16000000000000e+00    	-2.15999973000009e+00 	 -2.00000000000000e+01   -1.70000000000000e+01 	-2.00000000000000e+03	 3.13976774381902e-15	-3.50622607649397e-33		2.00000024999998e+03
2.28000000000000e+00    	-2.27999971500007e+00 	 -2.00000000000000e+01   -1.70000000000000e+01 	-2.00000000000000e+03	 6.27295602579463e-15	-6.24148654890846e-33		2.00000024999998e+03
2.40000000000000e+00    	-2.39999970000006e+00 	 -2.00000000000000e+01   -1.70000000000000e+01 	-2.00000000000000e+03	 -3.25031409458103e-15	-7.38955295537568e-33		2.00000024999998e+03
2.52000000000000e+00    	-2.51999968500004e+00 	 -2.00000000000000e+01   -1.70000000000000e+01 	-2.00000000000000e+03	 -8.84914448655697e-15	-1.19380274915054e-32		2.00000024999998e+03
2.64000000000000e+00    	-2.63999967000003e+00 	 -2.00000000000000e+01   -1.70000000000000e+01 	-2.00000000000000e+03	 2.90096592652605e-15	-1.44851013121569e-32		2.00000024999998e+03
2.76000000000000e+00    	-2.75999965500001e+00 	 -2.00000000000000e+01   -1.70000000000000e+01 	-2.00000000000000e+03	 1.18895579185223e-14	-2.14173127539636e-32		2.00000024999998e+03
2.88000000000000e+00    	-2.87999964000000e+00 	 -2.00000000000000e+01   -1.70000000000000e+01 	-2.00000000000000e+03	 -1.92380334231472e-15	-2.67019370620803e-32		2.00000024999998e+03
3.00000000000000e+00    	-2.99999962499999e+00 	 -2.00000000000000e+01   -1.70000000000000e+01 	-2.00000000000000e+03	 -1.53202848047393e-14	-3.64783218321964e-32		2.00000024999998e+03
3.12000000000000e+00    	-3.11999960999997e+00 	 -2.00000000000000e+01   -1.70000000000000e+01 	-2.00000000000000e+03	 1.51040802377281e-16	-4.66866986729309e-32		2.00000024999998e+03
3.24000000000000e+00    	-3.23999959499996e+00 	 -2.00000000000000e+01   -1.70000000000000e+01 	-2.00000000000000e+03	 1.90218419747796e-14	-5.95401594410944e-32		2.00000024999998e+03
3.36000000000000e+00    	-3.35999957999994e+00 	 -2.00000000000000e+01   -1.70000000000000e+01 	-2.00000000000000e+03	 2.57332626602392e-15	-7.79497387335668e-32		2.00000024999998e+03
3.48000000000000e+00    	-3.47999956499993e+00 	 -2.00000000000000e+01   -1.70000000000000e+01 	-2.00000000000000e+03	 -2.28302525003761e-14	-9.38182015512564e-32		2.00000024999998e+03
3.60000000000000e+00    	-3.59999954999991e+00 	 -2.00000000000000e+01   -1.70000000000000e+01 	-2.00000000000000e+03	 -6.38400760226817e-15	-1.24971359058211e-31		2.00000024999998e+03
3.72000000000000e+00    	-3.71999953499990e+00 	 -2.00000000000000e+01   -1.70000000000000e+01 	-2.00000000000000e+03	 2.65379560522173e-14	-1.43544383922402e-31		2.00000024999998e+03
3.84000000000000e+00    	-3.83999951999988e+00 	 -2.00000000000000e+01   -1.70000000000000e+01 	-2.00000000000000e+03	 1.13824832378688e-14	-1.93277783879973e-31		2.00000024999998e+03
3.96000000000000e+00    	-3.95999950499987e+00 	 -2.00000000000000e+01   -1.70000000000000e+01 	-2.00000000000000e+03	 -2.98996107295885e-14	-2.14230330511168e-31		2.00000024999998e+03
4.08000000000000e+00    	-4.07999948999986e+00 	 -2.00000000000000e+01   -1.70000000000000e+01 	-2.00000000000000e+03	 -1.76281794635313e-14	-2.89492723436605e-31		2.00000024999998e+03
4.20000000000000e+00    	-4.19999947499984e+00 	 -2.00000000000000e+01   -1.70000000000000e+01 	-2.00000000000000e+03	 3.26376693288962e-14	-3.12965130808752e-31		2.00000024999998e+03
4.32000000000000e+00    	-4.31999945999983e+00 	 -2.00000000000000e+01   -1.70000000000000e+01 	-2.00000000000000e+03	 2.51281972668900e-14	-4.21367396375734e-31		2.00000024999998e+03
4.44000000000000e+00    	-4.43999944499981e+00 	 -2.00000000000000e+01   -1.70000000000000e+01 	-2.00000000000000e+03	 -3.44525963761803e-14	-4.48727604721997e-31		2.00000024999998e+03
4.56000000000000e+00    	-4.55999942999980e+00 	 -2.00000000000000e+01   -1.70000000000000e+01 	-2.00000000000000e+03	 -3.38310838761706e-14	-5.97813971788959e-31		2.00000024999998e+03
4.68000000000000e+00    	-4.67999941499978e+00 	 -2.00000000000000e+01   -1.70000000000000e+01 	-2.00000000000000e+03	 3.50324237171975e-14	-6.32689895236438e-31		2.00000024999998e+03
4.80000000000000e+00    	-4.79999939999977e+00 	 -2.00000000000000e+01   -1.70000000000000e+01 	-2.00000000000000e+03	 4.36200127050681e-14	-8.28959618915892e-31		2.00000024999998e+03
4.92000000000000e+00    	-4.91999938499975e+00 	 -2.00000000000000e+01   -1.70000000000000e+01 	-2.00000000000000e+03	 -3.40663397488259e-14	-8.78474631925730e-31		2.00000024999998e+03
5.04000000000000e+00    	-5.03999936999974e+00 	 -2.00000000000000e+01   -1.70000000000000e+01 	-2.00000000000000e+03	 -5.43107534915746e-14	-1.12625930093754e-30		2.00000024999998e+03
5.16000000000000e+00    	-5.15999935499973e+00 	 -2.00000000000000e+01   -1.70000000000000e+01 	-2.00000000000000e+03	 3.12568586984916e-14	-1.20233804447995e-30		2.00000024999998e+03
5.28000000000000e+00    	-5.27999933999971e+00 	 -2.00000000000000e+01   -1.70000000000000e+01 	-2.00000000000000e+03	 6.56496602292649e-14	-1.50268728668715e-30		2.00000024999998e+03
5.40000000000000e+00    	-5.39999932499970e+00 	 -2.00000000000000e+01   -1.70000000000000e+01 	-2.00000000000000e+03	 -2.63351387540146e-14	-1.62323799300146e-30		2.00000024999998e+03
5.52000000000000e+00    	-5.51999930999968e+00 	 -2.00000000000000e+01   -1.70000000000000e+01 	-2.00000000000000e+03	 -7.73168967080533e-14	-1.97303959176165e-30		2.00000024999998e+03
5.64000000000000e+00    	-5.63999929499967e+00 	 -2.00000000000000e+01   -1.70000000000000e+01 	-2.00000000000000e+03	 1.90738986968715e-14	-2.16277661880415e-30		2.00000024999998e+03
5.76000000000000e+00    	-5.75999927999965e+00 	 -2.00000000000000e+01   -1.70000000000000e+01 	-2.00000000000000e+03	 8.89299463558213e-14	-2.55434956984583e-30		2.00000024999998e+03
5.88000000000000e+00    	-5.87999926499964e+00 	 -2.00000000000000e+01   -1.70000000000000e+01 	-2.00000000000000e+03	 -9.30243807814302e-15	-2.84499514034252e-30		2.00000024999998e+03
6.00000000000000e+00    	-5.99999924999962e+00 	 -2.00000000000000e+01   -1.70000000000000e+01 	-2.00000000000000e+03	 -1.00052432309235e-13	-3.26641858271232e-30		2.00000024999998e+03
6.12000000000000e+00    	-6.11999923499961e+00 	 -2.00000000000000e+01   -1.70000000000000e+01 	-2.00000000000000e+03	 -3.08181777930169e-15	-3.69605068660419e-30		2.00000024999998e+03
6.24000000000000e+00    	-6.23999921999960e+00 	 -2.00000000000000e+01   -1.70000000000000e+01 	-2.00000000000000e+03	 1.10203093900674e-13	-4.13242830826538e-30		2.00000024999998e+03
6.36000000000000e+00    	-6.35999920499958e+00 	 -2.00000000000000e+01   -1.70000000000000e+01 	-2.00000000000000e+03	 1.81007346138577e-14	-4.74378787854317e-30		2.00000024999998e+03
6.48000000000000e+00    	-6.47999918999957e+00 	 -2.00000000000000e+01   -1.70000000000000e+01 	-2.00000000000000e+03	 -1.18869744954192e-13	-5.17959072803805e-30		2.00000024999998e+03
6.60000000000000e+00    	-6.59999917499955e+00 	 -2.00000000000000e+01   -1.70000000000000e+01 	-2.00000000000000e+03	 -3.56873815294431e-14	-6.01728448970502e-30		2.00000024999998e+03
6.72000000000000e+00    	-6.71999915999954e+00 	 -2.00000000000000e+01   -1.70000000000000e+01 	-2.00000000000000e+03	 1.25522866113103e-13	-6.43976564525431e-30		2.00000024999998e+03
6.84000000000000e+00    	-6.83999914499952e+00 	 -2.00000000000000e+01   -1.70000000000000e+01 	-2.00000000000000e+03	 5.56778446206969e-14	-7.54641703005333e-30		2.00000024999998e+03
6.96000000000000e+00    	-6.95999912999951e+00 	 -2.00000000000000e+01   -1.70000000000000e+01 	-2.00000000000000e+03	 -1.29633475616915e-13	-7.94996181792282e-30		2.00000024999998e+03
7.08000000000000e+00    	-7.07999911499949e+00 	 -2.00000000000000e+01   -1.70000000000000e+01 	-2.00000000000000e+03	 -7.78083611900770e-14	-9.36155950101005e-30		2.00000024999998e+03
7.20000000000000e+00    	-7.19999909999948e+00 	 -2.00000000000000e+01   -1.70000000000000e+01 	-2.00000000000000e+03	 1.30689768803693e-13	-9.75263913593707e-30		2.00000024999998e+03
7.32000000000000e+00    	-7.31999908499947e+00 	 -2.00000000000000e+01   -1.70000000000000e+01 	-2.00000000000000e+03	 1.01713035727214e-13	-1.14934677302404e-29		2.00000024999998e+03
7.44000000000000e+00    	-7.43999906999945e+00 	 -2.00000000000000e+01   -1.70000000000000e+01 	-2.00000000000000e+03	 -1.28217033316491e-13	-1.18957187547206e-29		2.00000024999998e+03
7.56000000000000e+00    	-7.55999905499944e+00 	 -2.00000000000000e+01   -1.70000000000000e+01 	-2.00000000000000e+03	 -1.26927386129307e-13	-1.39734562765689e-29		2.00000024999998e+03
7.68000000000000e+00    	-7.67999903999942e+00 	 -2.00000000000000e+01   -1.70000000000000e+01 	-2.00000000000000e+03	 1.21795222110832e-13	-1.44322516595998e-29		2.00000024999998e+03
7.80000000000000e+00    	-7.79999902499941e+00 	 -2.00000000000000e+01   -1.70000000000000e+01 	-2.00000000000000e+03	 1.52892789466513e-13	-1.68338833337037e-29		2.00000024999998e+03
7.92000000000000e+00    	-7.91999900999939e+00 	 -2.00000000000000e+01   -1.70000000000000e+01 	-2.00000000000000e+03	 -1.11078616205661e-13	-1.74196884436679e-29		2.00000024999998e+03
8.04000000000000e+00    	-8.03999899499938e+00 	 -2.00000000000000e+01   -1.70000000000000e+01 	-2.00000000000000e+03	 -1.78966868555958e-13	-2.01089938500202e-29		2.00000024999998e+03
8.16000000000000e+00    	-8.15999897999937e+00 	 -2.00000000000000e+01   -1.70000000000000e+01 	-2.00000000000000e+03	 9.58119202771564e-14	-2.09187825799337e-29		2.00000024999998e+03
8.28000000000000e+00    	-8.27999896499935e+00 	 -2.00000000000000e+01   -1.70000000000000e+01 	-2.00000000000000e+03	 2.04434672327358e-13	-2.38360589788462e-29		2.00000024999998e+03
8.40000000000000e+00    	-8.39999894999934e+00 	 -2.00000000000000e+01   -1.70000000000000e+01 	-2.00000000000000e+03	 -7.58472218981212e-14	-2.49921431795007e-29		2.00000024999998e+03
8.52000000000000e+00    	-8.51999893499932e+00 	 -2.00000000000000e+01   -1.70000000000000e+01 	-2.00000000000000e+03	 -2.28525472393138e-13	-2.80567684883202e-29		2.00000024999998e+03
8.64000000000000e+00    	-8.63999891999931e+00 	 -2.00000000000000e+01   -1.70000000000000e+01 	-2.00000000000000e+03	 5.11561949264724e-14	-2.97025781193403e-29		2.00000024999998e+03
8.76000000000000e+00    	-8.75999890499929e+00 	 -2.00000000000000e+01   -1.70000000000000e+01 	-2.00000000000000e+03	 2.50429814140875e-13	-3.28187246040103e-29		2.00000024999998e+03
8.88000000000000e+00    	-8.87999888999928e+00 	 -2.00000000000000e+01   -1.70000000000000e+01 	-2.00000000000000e+03	 -2.18420533209450e-14	-3.51113225165274e-29		2.00000024999998e+03
9.00000000000000e+00    	-8.99999887499926e+00 	 -2.00000000000000e+01   -1.70000000000000e+01 	-2.00000000000000e+03	 -2.69321440938085e-13	-3.81769002219467e-29		2.00000024999998e+03
9.12000000000000e+00    	-9.11999885999925e+00 	 -2.00000000000000e+01   -1.70000000000000e+01 	-2.00000000000000e+03	 -1.18542521877876e-14	-4.12763860210182e-29		2.00000024999998e+03
9.24000000000000e+00    	-9.23999884499923e+00 	 -2.00000000000000e+01   -1.70000000000000e+01 	-2.00000000000000e+03	 2.84378543188822e-13	-4.41948530596105e-29		2.00000024999998e+03
9.36000000000000e+00    	-9.35999882999922e+00 	 -2.00000000000000e+01   -1.70000000000000e+01 	-2.00000000000000e+03	 4.95489426480514e-14	-4.82511538889892e-29		2.00000024999998e+03
9.48000000000000e+00    	-9.47999881499921e+00 	 -2.00000000000000e+01   -1.70000000000000e+01 	-2.00000000000000e+03	 -2.94808787456626e-13	-5.09455111148612e-29		2.00000024999998e+03
9.60000000000000e+00    	-9.59999879999919e+00 	 -2.00000000000000e+01   -1.70000000000000e+01 	-2.00000000000000e+03	 -9.07167566313585e-14	-5.60835046117174e-29		2.00000024999998e+03
9.72000000000000e+00    	-9.71999878499918e+00 	 -2.00000000000000e+01   -1.70000000000000e+01 	-2.00000000000000e+03	 2.99872442558763e-13	-5.85113402546836e-29		2.00000024999998e+03
9.84000000000000e+00    	-9.83999876999916e+00 	 -2.00000000000000e+01   -1.70000000000000e+01 	-2.00000000000000e+03	 1.34693880384363e-13	-6.48155422901881e-29		2.00000024999998e+03
9.96000000000000e+00    	-9.95999875499915e+00 	 -2.00000000000000e+01   -1.70000000000000e+01 	-2.00000000000000e+03	 -2.98907956111359e-13	-6.69837421199441e-29		2.00000024999998e+03
1.00800000000000e+01    	-1.00799987399991e+01 	 -2.00000000000000e+01   -1.70000000000000e+01 	-2.00000000000000e+03	 -1.80687573728434e-13	-7.44841432080618e-29		2.00000024999998e+03
1.02000000000000e+01    	-1.01999987249991e+01 	 -2.00000000000000e+01   -1.70000000000000e+01 	-2.00000000000000e+03	 2.91354233436665e-13	-7.64616080217679e-29		2.00000024999998e+03
1.03200000000000e+01    	-1.03199987099991e+01 	 -2.00000000000000e+01   -1.70000000000000e+01 	-2.00000000000000e+03	 2.27787404662301e-13	-8.51222919319802e-29		2.00000024999998e+03
1.04400000000000e+01    	-1.04399986949991e+01 	 -2.00000000000000e+01   -1.70000000000000e+01 	-2.00000000000000e+03	 -2.76773946672764e-13	-8.70489923717115e-29		2.00000024999998e+03
1.05600000000000e+01    	-1.05599986799991e+01 	 -2.00000000000000e+01   -1.70000000000000e+01 	-2.00000000000000e+03	 -2.74982962735811e-13	-9.67612574036519e-29		2.00000024999998e+03
1.06800000000000e+01    	-1.06799986649991e+01 	 -2.00000000000000e+01   -1.70000000000000e+01 	-2.00000000000000e+03	 2.54872141213694e-13	-9.88520216575817e-29		2.00000024999998e+03
1.08000000000000e+01    	-1.07999986499990e+01 	 -2.00000000000000e+01   -1.70000000000000e+01 	-2.00000000000000e+03	 3.21182722768628e-13	-1.09433406587726e-28		2.00000024999998e+03
1.09200000000000e+01    	-1.09199986349990e+01 	 -2.00000000000000e+01   -1.70000000000000e+01 	-2.00000000000000e+03	 -2.25514523731555e-13	-1.11975161923242e-28		2.00000024999998e+03
1.10400000000000e+01    	-1.10399986199990e+01 	 -2.00000000000000e+01   -1.70000000000000e+01 	-2.00000000000000e+03	 -3.65238694486231e-13	-1.23175519333950e-28		2.00000024999998e+03
1.11600000000000e+01    	-1.11599986049990e+01 	 -2.00000000000000e+01   -1.70000000000000e+01 	-2.00000000000000e+03	 1.88739795670427e-13	-1.26517167007901e-28		2.00000024999998e+03
1.12800000000000e+01    	-1.12799985899990e+01 	 -2.00000000000000e+01   -1.70000000000000e+01 	-2.00000000000000e+03	 4.05971308926671e-13	-1.38032236115925e-28		2.00000024999998e+03
1.14000000000000e+01    	-1.13999985749990e+01 	 -2.00000000000000e+01   -1.70000000000000e+01 	-2.00000000000000e+03	 -1.44770551564080e-13	-1.42566964256965e-28		2.00000024999998e+03
1.15200000000000e+01    	-1.15199985599990e+01 	 -2.00000000000000e+01   -1.70000000000000e+01 	-2.00000000000000e+03	 -4.42198976832448e-13	-1.54059352529619e-28		2.00000024999998e+03
1.16400000000000e+01    	-1.16399985449989e+01 	 -2.00000000000000e+01   -1.70000000000000e+01 	-2.00000000000000e+03	 9.40172763726985e-14	-1.60199941687458e-28		2.00000024999998e+03
1.17600000000000e+01    	-1.17599985299989e+01 	 -2.00000000000000e+01   -1.70000000000000e+01 	-2.00000000000000e+03	 4.72766595979818e-13	-1.71326517727292e-28		2.00000024999998e+03
1.18800000000000e+01    	-1.18799985149989e+01 	 -2.00000000000000e+01   -1.70000000000000e+01 	-2.00000000000000e+03	 -3.70801625251030e-14	-1.79474926539792e-28		2.00000024999998e+03
1.20000000000000e+01    	-1.19999984999989e+01 	 -2.00000000000000e+01   -1.70000000000000e+01 	-2.00000000000000e+03	 -4.96577300641936e-13	-1.89919010714194e-28		2.00000024999998e+03
1.21200000000000e+01    	-1.21199984849989e+01 	 -2.00000000000000e+01   -1.70000000000000e+01 	-2.00000000000000e+03	 -2.52564918852887e-14	-2.00432326844048e-28		2.00000024999998e+03
1.22400000000000e+01    	-1.22399984699989e+01 	 -2.00000000000000e+01   -1.70000000000000e+01 	-2.00000000000000e+03	 5.12621624602168e-13	-2.09938227720669e-28		2.00000024999998e+03
1.23600000000000e+01    	-1.23599984549989e+01 	 -2.00000000000000e+01   -1.70000000000000e+01 	-2.00000000000000e+03	 9.20323358027278e-14	-2.23093612149280e-28		2.00000024999998e+03
1.24800000000000e+01    	-1.24799984399988e+01 	 -2.00000000000000e+01   -1.70000000000000e+01 	-2.00000000000000e+03	 -5.20008305494465e-13	-2.31500661810184e-28		2.00000024999998e+03
1.26000000000000e+01    	-1.25999984249988e+01 	 -2.00000000000000e+01   -1.70000000000000e+01 	-2.00000000000000e+03	 -1.62126446642693e-13	-2.47462452410330e-28		2.00000024999998e+03
1.27200000000000e+01    	-1.27199984099988e+01 	 -2.00000000000000e+01   -1.70000000000000e+01 	-2.00000000000000e+03	 5.17990879143892e-13	-2.54735242881480e-28		2.00000024999998e+03
1.28400000000000e+01    	-1.28399983949988e+01 	 -2.00000000000000e+01   -1.70000000000000e+01 	-2.00000000000000e+03	 2.34275005349125e-13	-2.73527439257489e-28		2.00000024999998e+03
1.29600000000000e+01    	-1.29599983799988e+01 	 -2.00000000000000e+01   -1.70000000000000e+01 	-2.00000000000000e+03	 -5.05994313019959e-13	-2.79779052378270e-28		2.00000024999998e+03
1.30800000000000e+01    	-1.30799983649988e+01 	 -2.00000000000000e+01   -1.70000000000000e+01 	-2.00000000000000e+03	 -3.07095876597885e-13	-3.01266431773900e-28		2.00000024999998e+03
1.32000000000000e+01    	-1.31999983499988e+01 	 -2.00000000000000e+01   -1.70000000000000e+01 	-2.00000000000000e+03	 4.83635893086491e-13	-3.06771619061861e-28		2.00000024999998e+03
1.33200000000000e+01    	-1.33199983349987e+01 	 -2.00000000000000e+01   -1.70000000000000e+01 	-2.00000000000000e+03	 3.79114600941233e-13	-3.30652132301424e-28		2.00000024999998e+03
1.34400000000000e+01    	-1.34399983199987e+01 	 -2.00000000000000e+01   -1.70000000000000e+01 	-2.00000000000000e+03	 -4.50744722017920e-13	-3.35848088175759e-28		2.00000024999998e+03
1.35600000000000e+01    	-1.35599983049987e+01 	 -2.00000000000000e+01   -1.70000000000000e+01 	-2.00000000000000e+03	 -4.48796267766500e-13	-3.61658626427370e-28		2.00000024999998e+03
1.36800000000000e+01    	-1.36799982899987e+01 	 -2.00000000000000e+01   -1.70000000000000e+01 	-2.00000000000000e+03	 4.07374192932702e-13	-3.67131804190842e-28		2.00000024999998e+03
1.38000000000000e+01    	-1.37999982749987e+01 	 -2.00000000000000e+01   -1.70000000000000e+01 	-2.00000000000000e+03	 5.14577555566734e-13	-3.94268222240948e-28		2.00000024999998e+03
1.39200000000000e+01    	-1.39199982599987e+01 	 -2.00000000000000e+01   -1.70000000000000e+01 	-2.00000000000000e+03	 -3.53811984096109e-13	-4.00726806192398e-28		2.00000024999998e+03
1.40400000000000e+01    	-1.40399982449987e+01 	 -2.00000000000000e+01   -1.70000000000000e+01 	-2.00000000000000e+03	 -5.74903216833157e-13	-4.28478103796141e-28		2.00000024999998e+03
1.41600000000000e+01    	-1.41599982299986e+01 	 -2.00000000000000e+01   -1.70000000000000e+01 	-2.00000000000000e+03	 2.90582159369069e-13	-4.36710981927395e-28		2.00000024999998e+03
1.42800000000000e+01    	-1.42799982149986e+01 	 -2.00000000000000e+01   -1.70000000000000e+01 	-2.00000000000000e+03	 6.28261136913739e-13	-4.64306030027274e-28		2.00000024999998e+03
1.44000000000000e+01    	-1.43999981999986e+01 	 -2.00000000000000e+01   -1.70000000000000e+01 	-2.00000000000000e+03	 -2.18444168189276e-13	-4.75130407322838e-28		2.00000024999998e+03
1.45200000000000e+01    	-1.45199981849986e+01 	 -2.00000000000000e+01   -1.70000000000000e+01 	-2.00000000000000e+03	 -6.73220126213516e-13	-5.01794564189459e-28		2.00000024999998e+03
1.46400000000000e+01    	-1.46399981699986e+01 	 -2.00000000000000e+01   -1.70000000000000e+01 	-2.00000000000000e+03	 1.38383599641853e-13	-5.15995603412473e-28		2.00000024999998e+03
1.47600000000000e+01    	-1.47599981549986e+01 	 -2.00000000000000e+01   -1.70000000000000e+01 	-2.00000000000000e+03	 7.08464500167904e-13	-5.41013201527424e-28		2.00000024999998e+03
1.48800000000000e+01    	-1.48799981399986e+01 	 -2.00000000000000e+01   -1.70000000000000e+01 	-2.00000000000000e+03	 -5.15997687094003e-14	-5.59280033381020e-28		2.00000024999998e+03
1.50000000000000e+01    	-1.49999981249985e+01 	 -2.00000000000000e+01   -1.70000000000000e+01 	-2.00000000000000e+03	 -7.32829577153138e-13	-5.82058076870230e-28		2.00000024999998e+03
1.51200000000000e+01    	-1.51199981099985e+01 	 -2.00000000000000e+01   -1.70000000000000e+01 	-2.00000000000000e+03	 -4.05147193185623e-14	-6.04921318576125e-28		2.00000024999998e+03
1.52400000000000e+01    	-1.52399980949985e+01 	 -2.00000000000000e+01   -1.70000000000000e+01 	-2.00000000000000e+03	 7.45332166729973e-13	-6.25048989476137e-28		2.00000024999998e+03
1.53600000000000e+01    	-1.53599980799985e+01 	 -2.00000000000000e+01   -1.70000000000000e+01 	-2.00000000000000e+03	 1.36397057332342e-13	-6.52825092344725e-28		2.00000024999998e+03
1.54800000000000e+01    	-1.54799980649985e+01 	 -2.00000000000000e+01   -1.70000000000000e+01 	-2.00000000000000e+03	 -7.45200243743150e-13	-6.70123799902120e-28		2.00000024999998e+03
1.56000000000000e+01    	-1.55999980499985e+01 	 -2.00000000000000e+01   -1.70000000000000e+01 	-2.00000000000000e+03	 -2.34344549283148e-13	-7.02871548793450e-28		2.00000024999998e+03
1.57200000000000e+01    	-1.57199980349985e+01 	 -2.00000000000000e+01   -1.70000000000000e+01 	-2.00000000000000e+03	 7.31895992365157e-13	-7.17430442762307e-28		2.00000024999998e+03
1.58400000000000e+01    	-1.58399980199984e+01 	 -2.00000000000000e+01   -1.70000000000000e+01 	-2.00000000000000e+03	 3.32546511956664e-13	-7.54924118256368e-28		2.00000024999998e+03
1.59600000000000e+01    	-1.59599980049984e+01 	 -2.00000000000000e+01   -1.70000000000000e+01 	-2.00000000000000e+03	 -7.05136571313984e-13	-7.67117031359964e-28		2.00000024999998e+03
1.60800000000000e+01    	-1.60799979899985e+01 	 -2.00000000000000e+01   -1.70000000000000e+01 	-2.00000000000000e+03	 -4.29122093835070e-13	-8.08839878588471e-28		2.00000024999998e+03
1.62000000000000e+01    	-1.61999979749987e+01 	 -2.00000000000000e+01   -1.70000000000000e+01 	-2.00000000000000e+03	 6.64906980526156e-13	-8.19320782399703e-28		2.00000024999998e+03
1.63200000000000e+01    	-1.63199979599989e+01 	 -2.00000000000000e+01   -1.70000000000000e+01 	-2.00000000000000e+03	 5.22158162247392e-13	-8.64480730247627e-28		2.00000024999998e+03
1.64400000000000e+01    	-1.64399979449990e+01 	 -2.00000000000000e+01   -1.70000000000000e+01 	-2.00000000000000e+03	 -6.11469612541878e-13	-8.74156540950864e-28		2.00000024999998e+03
1.65600000000000e+01    	-1.65599979299992e+01 	 -2.00000000000000e+01   -1.70000000000000e+01 	-2.00000000000000e+03	 -6.09751409744991e-13	-9.21724636756855e-28		2.00000024999998e+03
1.66800000000000e+01    	-1.66799979149993e+01 	 -2.00000000000000e+01   -1.70000000000000e+01 	-2.00000000000000e+03	 5.45365131052916e-13	-9.31705927817175e-28		2.00000024999998e+03
1.68000000000000e+01    	-1.67999978999995e+01 	 -2.00000000000000e+01   -1.70000000000000e+01 	-2.00000000000000e+03	 6.90048694740891e-13	-9.80475796210420e-28		2.00000024999998e+03
1.69200000000000e+01    	-1.69199978849997e+01 	 -2.00000000000000e+01   -1.70000000000000e+01 	-2.00000000000000e+03	 -4.67409545726310e-13	-9.92007935269052e-28		2.00000024999998e+03
1.70400000000000e+01    	-1.70399978699998e+01 	 -2.00000000000000e+01   -1.70000000000000e+01 	-2.00000000000000e+03	 -7.61289676496642e-13	-1.04067300714561e-27		2.00000024999998e+03
1.71600000000000e+01    	-1.71599978550000e+01 	 -2.00000000000000e+01   -1.70000000000000e+01 	-2.00000000000000e+03	 3.78682427919515e-13	-1.05505198219727e-27		2.00000024999998e+03
1.72800000000000e+01    	-1.72799978400002e+01 	 -2.00000000000000e+01   -1.70000000000000e+01 	-2.00000000000000e+03	 8.21845716688902e-13	-1.10229526271922e-27		2.00000024999998e+03
1.74000000000000e+01    	-1.73999978250003e+01 	 -2.00000000000000e+01   -1.70000000000000e+01 	-2.00000000000000e+03	 -2.80511447290444e-13	-1.12077398190823e-27		2.00000024999998e+03
1.75200000000000e+01    	-1.75199978100005e+01 	 -2.00000000000000e+01   -1.70000000000000e+01 	-2.00000000000000e+03	 -8.70259114670624e-13	-1.16536410532613e-27		2.00000024999998e+03
1.76400000000000e+01    	-1.76399977950006e+01 	 -2.00000000000000e+01   -1.70000000000000e+01 	-2.00000000000000e+03	 1.74448485361569e-13	-1.18905610397771e-27		2.00000024999998e+03
1.77600000000000e+01    	-1.77599977800008e+01 	 -2.00000000000000e+01   -1.70000000000000e+01 	-2.00000000000000e+03	 9.05276705810658e-13	-1.22994225412036e-27		2.00000024999998e+03
1.78800000000000e+01    	-1.78799977650010e+01 	 -2.00000000000000e+01   -1.70000000000000e+01 	-2.00000000000000e+03	 -6.22428099392267e-14	-1.25973024465882e-27		2.00000024999998e+03
1.80000000000000e+01    	-1.79999977500011e+01 	 -2.00000000000000e+01   -1.70000000000000e+01 	-2.00000000000000e+03	 -9.25881996321852e-13	-1.29612853791105e-27		2.00000024999998e+03
1.81200000000000e+01    	-1.81199977350013e+01 	 -2.00000000000000e+01   -1.70000000000000e+01 	-2.00000000000000e+03	 -5.41931452331213e-14	-1.33258533956337e-27		2.00000024999998e+03
1.82400000000000e+01    	-1.82399977200015e+01 	 -2.00000000000000e+01   -1.70000000000000e+01 	-2.00000000000000e+03	 9.31320017099132e-13	-1.36404930293717e-27		2.00000024999998e+03
1.83600000000000e+01    	-1.83599977050016e+01 	 -2.00000000000000e+01   -1.70000000000000e+01 	-2.00000000000000e+03	 1.72819646633511e-13	-1.40737788455333e-27		2.00000024999998e+03
1.84800000000000e+01    	-1.84799976900018e+01 	 -2.00000000000000e+01   -1.70000000000000e+01 	-2.00000000000000e+03	 -9.21119266377909e-13	-1.43384689017726e-27		2.00000024999998e+03
1.86000000000000e+01    	-1.85999976750020e+01 	 -2.00000000000000e+01   -1.70000000000000e+01 	-2.00000000000000e+03	 -2.91511393892906e-13	-1.48384521788611e-27		2.00000024999998e+03
1.87200000000000e+01    	-1.87199976600021e+01 	 -2.00000000000000e+01   -1.70000000000000e+01 	-2.00000000000000e+03	 8.95105158644507e-13	-1.50566598384526e-27		2.00000024999998e+03
1.88400000000000e+01    	-1.88399976450023e+01 	 -2.00000000000000e+01   -1.70000000000000e+01 	-2.00000000000000e+03	 4.08099172666818e-13	-1.56172038198532e-27		2.00000024999998e+03
1.89600000000000e+01    	-1.89599976300024e+01 	 -2.00000000000000e+01   -1.70000000000000e+01 	-2.00000000000000e+03	 -8.53409617202747e-13	-1.57963884244093e-27		2.00000024999998e+03
1.90800000000000e+01    	-1.90799976150026e+01 	 -2.00000000000000e+01   -1.70000000000000e+01 	-2.00000000000000e+03	 -5.20415492766273e-13	-1.64074771081772e-27		2.00000024999998e+03
1.92000000000000e+01    	-1.91999976000028e+01 	 -2.00000000000000e+01   -1.70000000000000e+01 	-2.00000000000000e+03	 7.96471521365867e-13	-1.65587061507961e-27		2.00000024999998e+03
1.93200000000000e+01    	-1.93199975850029e+01 	 -2.00000000000000e+01   -1.70000000000000e+01 	-2.00000000000000e+03	 6.26338155687716e-13	-1.72069770741913e-27		2.00000024999998e+03
1.94400000000000e+01    	-1.94399975700031e+01 	 -2.00000000000000e+01   -1.70000000000000e+01 	-2.00000000000000e+03	 -7.25032957672869e-13	-1.73442585504100e-27		2.00000024999998e+03
1.95600000000000e+01    	-1.95599975550033e+01 	 -2.00000000000000e+01   -1.70000000000000e+01 	-2.00000000000000e+03	 -7.23835757616085e-13	-1.80138027756259e-27		2.00000024999998e+03
1.96800000000000e+01    	-1.96799975400034e+01 	 -2.00000000000000e+01   -1.70000000000000e+01 	-2.00000000000000e+03	 6.40126308513094e-13	-1.81531746803302e-27		2.00000024999998e+03
1.98000000000000e+01    	-1.97999975250036e+01 	 -2.00000000000000e+01   -1.70000000000000e+01 	-2.00000000000000e+03	 8.11009064437823e-13	-1.88265502830627e-27		2.00000024999998e+03
1.99200000000000e+01    	-1.99199975100037e+01 	 -2.00000000000000e+01   -1.70000000000000e+01 	-2.00000000000000e+03	 -5.43057452022636e-13	-1.89849892241639e-27		2.00000024999998e+03
2.00400000000000e+01    	-2.00399974950039e+01 	 -2.00000000000000e+01   -1.70000000000000e+01 	-2.00000000000000e+03	 -8.86132309379014e-13	-1.96443798632670e-27		2.00000024999998e+03
2.01600000000000e+01    	-2.01599974800041e+01 	 -2.00000000000000e+01   -1.70000000000000e+01 	-2.00000000000000e+03	 4.35380424658328e-13	-1.98386061406112e-27		2.00000024999998e+03
2.02800000000000e+01    	-2.02799974650042e+01 	 -2.00000000000000e+01   -1.70000000000000e+01 	-2.00000000000000e+03	 9.47688445589030e-13	-2.04670396140635e-27		2.00000024999998e+03
2.04000000000000e+01    	-2.03999974500044e+01 	 -2.00000000000000e+01   -1.70000000000000e+01 	-2.00000000000000e+03	 -3.18869123525088e-13	-2.07123060610998e-27		2.00000024999998e+03
2.05200000000000e+01    	-2.05199974350046e+01 	 -2.00000000000000e+01   -1.70000000000000e+01 	-2.00000000000000e+03	 -9.94402549043912e-13	-2.12948447829728e-27		2.00000024999998e+03
2.06400000000000e+01    	-2.06399974200047e+01 	 -2.00000000000000e+01   -1.70000000000000e+01 	-2.00000000000000e+03	 1.95481680227351e-13	-2.16038002886165e-27		2.00000024999998e+03
2.07600000000000e+01    	-2.07599974050049e+01 	 -2.00000000000000e+01   -1.70000000000000e+01 	-2.00000000000000e+03	 1.02526759421538e-12	-2.21286124007240e-27		2.00000024999998e+03
2.08800000000000e+01    	-2.08799973900051e+01 	 -2.00000000000000e+01   -1.70000000000000e+01 	-2.00000000000000e+03	 -6.73233333758218e-14	-2.25103260934802e-27		2.00000024999998e+03
2.10000000000000e+01    	-2.09999973750052e+01 	 -2.00000000000000e+01   -1.70000000000000e+01 	-2.00000000000000e+03	 -1.03956702853113e-12	-2.29695570095950e-27		2.00000024999998e+03
2.11200000000000e+01    	-2.11199973600054e+01 	 -2.00000000000000e+01   -1.70000000000000e+01 	-2.00000000000000e+03	 -6.33963554364414e-14	-2.34287795419294e-27		2.00000024999998e+03
2.12400000000000e+01    	-2.12399973450055e+01 	 -2.00000000000000e+01   -1.70000000000000e+01 	-2.000000000000