0.00000000000000e+00    	0.00000000000000e+00 	 -2.00000000000000e+01  	-1.85000000000000e+01    -2.00000000000000e+03	 0.00000000000000e+00	0.00000000000000e+00		2.00000024999998e+03
1.20000000000000e-01    	-1.19999985000003e-01 	 -2.00000000000000e+01   -1.85000000000000e+01 	-2.00000000000000e+03	 7.89832841647062e-17	3.80742988798819e-38		2.00000024999998e+03
2.40000000000000e-01    	-2.39999970000005e-01 	 -2.00000000000000e+01   -1.85000000000000e+01 	-2.00000000000000e+03	 7.99140584439830e-16	-3.22646856388337e-35		2.00000024999998e+03
3.60000000000000e-01    	-3.59999955000007e-01 	 -2.00000000000000e+01   -1.85000000000000e+01 	-2.00000000000000e+03	 -2.79219401257420e-15	-1.61988534364876e-35		2.00000024999998e+03
4.80000000000000e-01    	-4.79999940000009e-01 	 -2.00000000000000e+01   -1.85000000000000e+01 	-2.00000000000000e+03	 -1.34193527371166e-14	-5.12800156396741e-33		2.00000024999998e+03
6.00000000000000e-01    	-5.99999925000016e-01 	 -2.00000000000000e+01   -1.85000000000000e+01 	-2.00000000000000e+03	 2.36258656854937e-15	-1.81985169713578e-32		2.00000024999998e+03
7.20000000000000e-01    	-7.19999910000024e-01 	 -2.00000000000000e+01   -1.85000000000000e+01 	-2.00000000000000e+03	 4.71394661018370e-14	-7.15113494060407e-32		2.00000024999998e+03
8.40000000000000e-01    	-8.39999895000031e-01 	 -2.00000000000000e+01   -1.85000000000000e+01 	-2.00000000000000e+03	 1.17118716589615e-14	-2.45807566437646e-31		2.00000024999998e+03
9.60000000000000e-01    	-9.59999880000039e-01 	 -2.00000000000000e+01   -1.85000000000000e+01 	-2.00000000000000e+03	 -1.07462210385426e-13	-4.85949612519678e-31		2.00000024999998e+03
1.08000000000000e+00    	-1.07999986500005e+00 	 -2.00000000000000e+01   -1.85000000000000e+01 	-2.00000000000000e+03	 -5.36266961717094e-14	-1.51428260758859e-30		2.00000024999998e+03
1.20000000000000e+00    	-1.19999985000005e+00 	 -2.00000000000000e+01   -1.85000000000000e+01 	-2.00000000000000e+03	 1.94724748128241e-13	-2.22052866424980e-30		2.00000024999998e+03
1.32000000000000e+00    	-1.31999983500006e+00 	 -2.00000000000000e+01   -1.85000000000000e+01 	-2.00000000000000e+03	 1.39549607544016e-13	-6.17248852003795e-30		2.00000024999998e+03
1.44000000000000e+00    	-1.43999982000007e+00 	 -2.00000000000000e+01   -1.85000000000000e+01 	-2.00000000000000e+03	 -3.03578631009716e-13	-7.83712526307108e-30		2.00000024999998e+03
1.56000000000000e+00    	-1.55999980500008e+00 	 -2.00000000000000e+01   -1.85000000000000e+01 	-2.00000000000000e+03	 -2.86201925893797e-13	-1.93874035936929e-29		2.00000024999998e+03
1.68000000000000e+00    	-1.67999979000009e+00 	 -2.00000000000000e+01   -1.85000000000000e+01 	-2.00000000000000e+03	 4.22392293102714e-13	-2.30338112174609e-29		2.00000024999998e+03
1.80000000000000e+00    	-1.79999977500009e+00 	 -2.00000000000000e+01   -1.85000000000000e+01 	-2.00000000000000e+03	 5.08851102339643e-13	-5.08114923268102e-29		2.00000024999998e+03
1.92000000000000e+00    	-1.91999976000010e+00 	 -2.00000000000000e+01   -1.85000000000000e+01 	-2.00000000000000e+03	 -5.33580098275698e-13	-5.89984445210539e-29		2.00000024999998e+03
2.04000000000000e+00    	-2.03999974500010e+00 	 -2.00000000000000e+01   -1.85000000000000e+01 	-2.00000000000000e+03	 -8.19796208981266e-13	-1.16568740459120e-28		2.00000024999998e+03
2.16000000000000e+00    	-2.15999973000009e+00 	 -2.00000000000000e+01   -1.85000000000000e+01 	-2.00000000000000e+03	 6.13871509603651e-13	-1.35681574798007e-28		2.00000024999998e+03
2.28000000000000e+00    	-2.27999971500007e+00 	 -2.00000000000000e+01   -1.85000000000000e+01 	-2.00000000000000e+03	 1.22645663610392e-12	-2.41528841997344e-28		2.00000024999998e+03
2.40000000000000e+00    	-2.39999970000006e+00 	 -2.00000000000000e+01   -1.85000000000000e+01 	-2.00000000000000e+03	 -6.35484973006177e-13	-2.85955942419210e-28		2.00000024999998e+03
2.52000000000000e+00    	-2.51999968500004e+00 	 -2.00000000000000e+01   -1.85000000000000e+01 	-2.00000000000000e+03	 -1.73013997463906e-12	-4.61969746015076e-28		2.00000024999998e+03
2.64000000000000e+00    	-2.63999967000003e+00 	 -2.00000000000000e+01   -1.85000000000000e+01 	-2.00000000000000e+03	 5.67182186048965e-13	-5.60534692933258e-28		2.00000024999998e+03
2.76000000000000e+00    	-2.75999965500001e+00 	 -2.00000000000000e+01   -1.85000000000000e+01 	-2.00000000000000e+03	 2.32458623168276e-12	-8.28792741540785e-28		2.00000024999998e+03
2.88000000000000e+00    	-2.87999964000000e+00 	 -2.00000000000000e+01   -1.85000000000000e+01 	-2.00000000000000e+03	 -3.76132299674768e-13	-1.03329357311811e-27		2.00000024999998e+03
3.00000000000000e+00    	-2.99999962499999e+00 	 -2.00000000000000e+01   -1.85000000000000e+01 	-2.00000000000000e+03	 -2.99534460125510e-12	-1.41161352525508e-27		2.00000024999998e+03
3.12000000000000e+00    	-3.11999960999997e+00 	 -2.00000000000000e+01   -1.85000000000000e+01 	-2.00000000000000e+03	 2.95307337778702e-14	-1.80665041553666e-27		2.00000024999998e+03
3.24000000000000e+00    	-3.23999959499996e+00 	 -2.00000000000000e+01   -1.85000000000000e+01 	-2.00000000000000e+03	 3.71905433817118e-12	-2.30404498182564e-27		2.00000024999998e+03
3.36000000000000e+00    	-3.35999957999994e+00 	 -2.00000000000000e+01   -1.85000000000000e+01 	-2.00000000000000e+03	 5.03123736695687e-13	-3.01644647998264e-27		2.00000024999998e+03
3.48000000000000e+00    	-3.47999956499993e+00 	 -2.00000000000000e+01   -1.85000000000000e+01 	-2.00000000000000e+03	 -4.46365550274482e-12	-3.63051356457882e-27		2.00000024999998e+03
3.60000000000000e+00    	-3.59999954999991e+00 	 -2.00000000000000e+01   -1.85000000000000e+01 	-2.00000000000000e+03	 -1.24816887868234e-12	-4.83605746798296e-27		2.00000024999998e+03
3.72000000000000e+00    	-3.71999953499990e+00 	 -2.00000000000000e+01   -1.85000000000000e+01 	-2.00000000000000e+03	 5.18856694914470e-12	-5.55478387277199e-27		2.00000024999998e+03
3.84000000000000e+00    	-3.83999951999988e+00 	 -2.00000000000000e+01   -1.85000000000000e+01 	-2.00000000000000e+03	 2.22544555469880e-12	-7.47933348226263e-27		2.00000024999998e+03
3.96000000000000e+00    	-3.95999950499987e+00 	 -2.00000000000000e+01   -1.85000000000000e+01 	-2.00000000000000e+03	 -5.84582066978266e-12	-8.29014101746638e-27		2.00000024999998e+03
4.08000000000000e+00    	-4.07999948999986e+00 	 -2.00000000000000e+01   -1.85000000000000e+01 	-2.00000000000000e+03	 -3.44657249254991e-12	-1.12025943996513e-26		2.00000024999998e+03
4.20000000000000e+00    	-4.19999947499984e+00 	 -2.00000000000000e+01   -1.85000000000000e+01 	-2.00000000000000e+03	 6.38115203913285e-12	-1.21109138083466e-26		2.00000024999998e+03
4.32000000000000e+00    	-4.31999945999983e+00 	 -2.00000000000000e+01   -1.85000000000000e+01 	-2.00000000000000e+03	 4.91293804142388e-12	-1.63057916578968e-26		2.00000024999998e+03
4.44000000000000e+00    	-4.43999944499981e+00 	 -2.00000000000000e+01   -1.85000000000000e+01 	-2.00000000000000e+03	 -6.73599739625526e-12	-1.73645585697369e-26		2.00000024999998e+03
4.56000000000000e+00    	-4.55999942999980e+00 	 -2.00000000000000e+01   -1.85000000000000e+01 	-2.00000000000000e+03	 -6.61448241561074e-12	-2.31338023729735e-26		2.00000024999998e+03
4.68000000000000e+00    	-4.67999941499978e+00 	 -2.00000000000000e+01   -1.85000000000000e+01 	-2.00000000000000e+03	 6.84936230544011e-12	-2.44834073649654e-26		2.00000024999998e+03
4.80000000000000e+00    	-4.79999939999977e+00 	 -2.00000000000000e+01   -1.85000000000000e+01 	-2.00000000000000e+03	 8.52836427181732e-12	-3.20785209181185e-26		2.00000024999998e+03
4.92000000000000e+00    	-4.91999938499975e+00 	 -2.00000000000000e+01   -1.85000000000000e+01 	-2.00000000000000e+03	 -6.66047845400379e-12	-3.39946195366185e-26		2.00000024999998e+03
5.04000000000000e+00    	-5.03999936999974e+00 	 -2.00000000000000e+01   -1.85000000000000e+01 	-2.00000000000000e+03	 -1.06185638409777e-11	-4.35832237420674e-26		2.00000024999998e+03
5.16000000000000e+00    	-5.15999935499973e+00 	 -2.00000000000000e+01   -1.85000000000000e+01 	-2.00000000000000e+03	 6.11118292825455e-12	-4.65272677105074e-26		2.00000024999998e+03
5.28000000000000e+00    	-5.27999933999971e+00 	 -2.00000000000000e+01   -1.85000000000000e+01 	-2.00000000000000e+03	 1.28354895387538e-11	-5.81499803602318e-26		2.00000024999998e+03
5.40000000000000e+00    	-5.39999932499970e+00 	 -2.00000000000000e+01   -1.85000000000000e+01 	-2.00000000000000e+03	 -5.14891313676749e-12	-6.28149703862298e-26		2.00000024999998e+03
5.52000000000000e+00    	-5.51999930999968e+00 	 -2.00000000000000e+01   -1.85000000000000e+01 	-2.00000000000000e+03	 -1.51166086069512e-11	-7.63513570170947e-26		2.00000024999998e+03
5.64000000000000e+00    	-5.63999929499967e+00 	 -2.00000000000000e+01   -1.85000000000000e+01 	-2.00000000000000e+03	 3.72923220519287e-12	-8.36936726764319e-26		2.00000024999998e+03
5.76000000000000e+00    	-5.75999927999965e+00 	 -2.00000000000000e+01   -1.85000000000000e+01 	-2.00000000000000e+03	 1.73871333400024e-11	-9.88464989593178e-26		2.00000024999998e+03
5.88000000000000e+00    	-5.87999926499964e+00 	 -2.00000000000000e+01   -1.85000000000000e+01 	-2.00000000000000e+03	 -1.81876564509141e-12	-1.10093705457904e-25		2.00000024999998e+03
6.00000000000000e+00    	-5.99999924999962e+00 	 -2.00000000000000e+01   -1.85000000000000e+01 	-2.00000000000000e+03	 -1.95617455406050e-11	-1.26401665945925e-25		2.00000024999998e+03
6.12000000000000e+00    	-6.11999923499961e+00 	 -2.00000000000000e+01   -1.85000000000000e+01 	-2.00000000000000e+03	 -6.02541425628563e-13	-1.43027279687900e-25		2.00000024999998e+03
6.24000000000000e+00    	-6.23999921999960e+00 	 -2.00000000000000e+01   -1.85000000000000e+01 	-2.00000000000000e+03	 2.15463515570467e-11	-1.59913926932508e-25		2.00000024999998e+03
6.36000000000000e+00    	-6.35999920499958e+00 	 -2.00000000000000e+01   -1.85000000000000e+01 	-2.00000000000000e+03	 3.53896408555001e-12	-1.83571907751038e-25		2.00000024999998e+03
6.48000000000000e+00    	-6.47999918999957e+00 	 -2.00000000000000e+01   -1.85000000000000e+01 	-2.00000000000000e+03	 -2.32408113386354e-11	-2.00436312849540e-25		2.00000024999998e+03
6.60000000000000e+00    	-6.59999917499955e+00 	 -2.00000000000000e+01   -1.85000000000000e+01 	-2.00000000000000e+03	 -6.97741634438027e-12	-2.32852821740231e-25		2.00000024999998e+03
6.72000000000000e+00    	-6.71999915999954e+00 	 -2.00000000000000e+01   -1.85000000000000e+01 	-2.00000000000000e+03	 2.45415959388458e-11	-2.49201712900361e-25		2.00000024999998e+03
6.84000000000000e+00    	-6.83999914499952e+00 	 -2.00000000000000e+01   -1.85000000000000e+01 	-2.00000000000000e+03	 1.08858505843529e-11	-2.92026162712242e-25		2.00000024999998e+03
6.96000000000000e+00    	-6.95999912999951e+00 	 -2.00000000000000e+01   -1.85000000000000e+01 	-2.00000000000000e+03	 -2.53452815192405e-11	-3.07642267072065e-25		2.00000024999998e+03
7.08000000000000e+00    	-7.07999911499949e+00 	 -2.00000000000000e+01   -1.85000000000000e+01 	-2.00000000000000e+03	 -1.52126972568491e-11	-3.62267323313164e-25		2.00000024999998e+03
7.20000000000000e+00    	-7.19999909999948e+00 	 -2.00000000000000e+01   -1.85000000000000e+01 	-2.00000000000000e+03	 2.55518026208182e-11	-3.77401059581359e-25		2.00000024999998e+03
7.32000000000000e+00    	-7.31999908499947e+00 	 -2.00000000000000e+01   -1.85000000000000e+01 	-2.00000000000000e+03	 1.98864183222318e-11	-4.44766471843842e-25		2.00000024999998e+03
7.44000000000000e+00    	-7.43999906999945e+00 	 -2.00000000000000e+01   -1.85000000000000e+01 	-2.00000000000000e+03	 -2.50683458844507e-11	-4.60332511019544e-25		2.00000024999998e+03
7.56000000000000e+00    	-7.55999905499944e+00 	 -2.00000000000000e+01   -1.85000000000000e+01 	-2.00000000000000e+03	 -2.48162005889231e-11	-5.40735398007136e-25		2.00000024999998e+03
7.68000000000000e+00    	-7.67999903999942e+00 	 -2.00000000000000e+01   -1.85000000000000e+01 	-2.00000000000000e+03	 2.38127858364284e-11	-5.58489552679882e-25		2.00000024999998e+03
7.80000000000000e+00    	-7.79999902499941e+00 	 -2.00000000000000e+01   -1.85000000000000e+01 	-2.00000000000000e+03	 2.98928249269675e-11	-6.51426277385618e-25		2.00000024999998e+03
7.92000000000000e+00    	-7.91999900999939e+00 	 -2.00000000000000e+01   -1.85000000000000e+01 	-2.00000000000000e+03	 -2.17175292500821e-11	-6.74095368913264e-25		2.00000024999998e+03
8.04000000000000e+00    	-8.03999899499938e+00 	 -2.00000000000000e+01   -1.85000000000000e+01 	-2.00000000000000e+03	 -3.49906969984520e-11	-7.78164297922984e-25		2.00000024999998e+03
8.16000000000000e+00    	-8.15999897999937e+00 	 -2.00000000000000e+01   -1.85000000000000e+01 	-2.00000000000000e+03	 1.87326620748776e-11	-8.09500956692635e-25		2.00000024999998e+03
8.28000000000000e+00    	-8.27999896499935e+00 	 -2.00000000000000e+01   -1.85000000000000e+01 	-2.00000000000000e+03	 3.99700331860459e-11	-9.22391753603626e-25		2.00000024999998e+03
8.40000000000000e+00    	-8.39999894999934e+00 	 -2.00000000000000e+01   -1.85000000000000e+01 	-2.00000000000000e+03	 -1.48292652211306e-11	-9.67129121223900e-25		2.00000024999998e+03
8.52000000000000e+00    	-8.51999893499932e+00 	 -2.00000000000000e+01   -1.85000000000000e+01 	-2.00000000000000e+03	 -4.46801445734420e-11	-1.08572192699136e-24		2.00000024999998e+03
8.64000000000000e+00    	-8.63999891999931e+00 	 -2.00000000000000e+01   -1.85000000000000e+01 	-2.00000000000000e+03	 1.00018005048026e-11	-1.14941035942064e-24		2.00000024999998e+03
8.76000000000000e+00    	-8.75999890499929e+00 	 -2.00000000000000e+01   -1.85000000000000e+01 	-2.00000000000000e+03	 4.89627706887105e-11	-1.26999689694478e-24		2.00000024999998e+03
8.88000000000000e+00    	-8.87999888999928e+00 	 -2.00000000000000e+01   -1.85000000000000e+01 	-2.00000000000000e+03	 -4.27044779709196e-12	-1.35871430659339e-24		2.00000024999998e+03
9.00000000000000e+00    	-8.99999887499926e+00 	 -2.00000000000000e+01   -1.85000000000000e+01 	-2.00000000000000e+03	 -5.26563660139389e-11	-1.47734396756291e-24		2.00000024999998e+03
9.12000000000000e+00    	-9.11999885999925e+00 	 -2.00000000000000e+01   -1.85000000000000e+01 	-2.00000000000000e+03	 -2.31768343377167e-12	-1.59728578109896e-24		2.00000024999998e+03
9.24000000000000e+00    	-9.23999884499923e+00 	 -2.00000000000000e+01   -1.85000000000000e+01 	-2.00000000000000e+03	 5.56002544933056e-11	-1.71022265258223e-24		2.00000024999998e+03
9.36000000000000e+00    	-9.35999882999922e+00 	 -2.00000000000000e+01   -1.85000000000000e+01 	-2.00000000000000e+03	 9.68755866815383e-12	-1.86719064961877e-24		2.00000024999998e+03
9.48000000000000e+00    	-9.47999881499921e+00 	 -2.00000000000000e+01   -1.85000000000000e+01 	-2.00000000000000e+03	 -5.76395231006148e-11	-1.97145507053719e-24		2.00000024999998e+03
9.60000000000000e+00    	-9.59999879999919e+00 	 -2.00000000000000e+01   -1.85000000000000e+01 	-2.00000000000000e+03	 -1.77364814481161e-11	-2.17028168175573e-24		2.00000024999998e+03
9.72000000000000e+00    	-9.71999878499918e+00 	 -2.00000000000000e+01   -1.85000000000000e+01 	-2.00000000000000e+03	 5.86295433362771e-11	-2.26423242999664e-24		2.00000024999998e+03
9.84000000000000e+00    	-9.83999876999916e+00 	 -2.00000000000000e+01   -1.85000000000000e+01 	-2.00000000000000e+03	 2.63346662659033e-11	-2.50818819364704e-24		2.00000024999998e+03
9.96000000000000e+00    	-9.95999875499915e+00 	 -2.00000000000000e+01   -1.85000000000000e+01 	-2.00000000000000e+03	 -5.84409718240608e-11	-2.59209173008763e-24		2.00000024999998e+03
1.00800000000000e+01    	-1.00799987399991e+01 	 -2.00000000000000e+01   -1.85000000000000e+01 	-2.00000000000000e+03	 -3.53271205711478e-11	-2.88233719887672e-24		2.00000024999998e+03
1.02000000000000e+01    	-1.01999987249991e+01 	 -2.00000000000000e+01   -1.85000000000000e+01 	-2.00000000000000e+03	 5.69641061703606e-11	-2.95885980015164e-24		2.00000024999998e+03
1.03200000000000e+01    	-1.03199987099991e+01 	 -2.00000000000000e+01   -1.85000000000000e+01 	-2.00000000000000e+03	 4.45358413035550e-11	-3.29400511198516e-24		2.00000024999998e+03
1.04400000000000e+01    	-1.04399986949991e+01 	 -2.00000000000000e+01   -1.85000000000000e+01 	-2.00000000000000e+03	 -5.41134422434413e-11	-3.36856326771257e-24		2.00000024999998e+03
1.05600000000000e+01    	-1.05599986799991e+01 	 -2.00000000000000e+01   -1.85000000000000e+01 	-2.00000000000000e+03	 -5.37632781221562e-11	-3.74440195741481e-24		2.00000024999998e+03
1.06800000000000e+01    	-1.06799986649991e+01 	 -2.00000000000000e+01   -1.85000000000000e+01 	-2.00000000000000e+03	 4.98313120105053e-11	-3.82530894410524e-24		2.00000024999998e+03
1.08000000000000e+01    	-1.07999986499990e+01 	 -2.00000000000000e+01   -1.85000000000000e+01 	-2.00000000000000e+03	 6.27960215441828e-11	-4.23478025016020e-24		2.00000024999998e+03
1.09200000000000e+01    	-1.09199986349990e+01 	 -2.00000000000000e+01   -1.85000000000000e+01 	-2.00000000000000e+03	 -4.40914591192825e-11	-4.33313938592328e-24		2.00000024999998e+03
1.10400000000000e+01    	-1.10399986199990e+01 	 -2.00000000000000e+01   -1.85000000000000e+01 	-2.00000000000000e+03	 -7.14096223172275e-11	-4.76656327207071e-24		2.00000024999998e+03
1.11600000000000e+01    	-1.11599986049990e+01 	 -2.00000000000000e+01   -1.85000000000000e+01 	-2.00000000000000e+03	 3.69014502803835e-11	-4.89587610271258e-24		2.00000024999998e+03
1.12800000000000e+01    	-1.12799985899990e+01 	 -2.00000000000000e+01   -1.85000000000000e+01 	-2.00000000000000e+03	 7.93734570836304e-11	-5.34147849012249e-24		2.00000024999998e+03
1.14000000000000e+01    	-1.13999985749990e+01 	 -2.00000000000000e+01   -1.85000000000000e+01 	-2.00000000000000e+03	 -2.83048060512587e-11	-5.51696034498120e-24		2.00000024999998e+03
1.15200000000000e+01    	-1.15199985599990e+01 	 -2.00000000000000e+01   -1.85000000000000e+01 	-2.00000000000000e+03	 -8.64565074877628e-11	-5.96168504470253e-24		2.00000024999998e+03
1.16400000000000e+01    	-1.16399985449989e+01 	 -2.00000000000000e+01   -1.85000000000000e+01 	-2.00000000000000e+03	 1.83817823752568e-11	-6.19930942742808e-24		2.00000024999998e+03
1.17600000000000e+01    	-1.17599985299989e+01 	 -2.00000000000000e+01   -1.85000000000000e+01 	-2.00000000000000e+03	 9.24329337848753e-11	-6.62987817178698e-24		2.00000024999998e+03
1.18800000000000e+01    	-1.18799985149989e+01 	 -2.00000000000000e+01   -1.85000000000000e+01 	-2.00000000000000e+03	 -7.24972584053209e-12	-6.94519980697471e-24		2.00000024999998e+03
1.20000000000000e+01    	-1.19999984999989e+01 	 -2.00000000000000e+01   -1.85000000000000e+01 	-2.00000000000000e+03	 -9.70882823355558e-11	-7.34935794087430e-24		2.00000024999998e+03
1.21200000000000e+01    	-1.21199984849989e+01 	 -2.00000000000000e+01   -1.85000000000000e+01 	-2.00000000000000e+03	 -4.93802155635135e-12	-7.75619516634902e-24		2.00000024999998e+03
1.22400000000000e+01    	-1.22399984699989e+01 	 -2.00000000000000e+01   -1.85000000000000e+01 	-2.00000000000000e+03	 1.00225187410597e-10	-8.12404811498242e-24		2.00000024999998e+03
1.23600000000000e+01    	-1.23599984549989e+01 	 -2.00000000000000e+01   -1.85000000000000e+01 	-2.00000000000000e+03	 1.79936968340379e-11	-8.63312631969763e-24		2.00000024999998e+03
1.24800000000000e+01    	-1.24799984399988e+01 	 -2.00000000000000e+01   -1.85000000000000e+01 	-2.00000000000000e+03	 -1.01669393899833e-10	-8.95845666420787e-24		2.00000024999998e+03
1.26000000000000e+01    	-1.25999984249988e+01 	 -2.00000000000000e+01   -1.85000000000000e+01 	-2.00000000000000e+03	 -3.16981428779728e-11	-9.57613528446087e-24		2.00000024999998e+03
1.27200000000000e+01    	-1.27199984099988e+01 	 -2.00000000000000e+01   -1.85000000000000e+01 	-2.00000000000000e+03	 1.01274956903090e-10	-9.85757283092056e-24		2.00000024999998e+03
1.28400000000000e+01    	-1.28399983949988e+01 	 -2.00000000000000e+01   -1.85000000000000e+01 	-2.00000000000000e+03	 4.58042641781980e-11	-1.05847805872327e-23		2.00000024999998e+03
1.29600000000000e+01    	-1.29599983799988e+01 	 -2.00000000000000e+01   -1.85000000000000e+01 	-2.00000000000000e+03	 -9.89294489682894e-11	-1.08267013004868e-23		2.00000024999998e+03
1.30800000000000e+01    	-1.30799983649988e+01 	 -2.00000000000000e+01   -1.85000000000000e+01 	-2.00000000000000e+03	 -6.00418326264155e-11	-1.16582054337276e-23		2.00000024999998e+03
1.32000000000000e+01    	-1.31999983499988e+01 	 -2.00000000000000e+01   -1.85000000000000e+01 	-2.00000000000000e+03	 9.45580437826895e-11	-1.18712414629203e-23		2.00000024999998e+03
1.33200000000000e+01    	-1.33199983349987e+01 	 -2.00000000000000e+01   -1.85000000000000e+01 	-2.00000000000000e+03	 7.41225693686201e-11	-1.27953534775593e-23		2.00000024999998e+03
1.34400000000000e+01    	-1.34399983199987e+01 	 -2.00000000000000e+01   -1.85000000000000e+01 	-2.00000000000000e+03	 -8.81273283655239e-11	-1.29964230778162e-23		2.00000024999998e+03
1.35600000000000e+01    	-1.35599983049987e+01 	 -2.00000000000000e+01   -1.85000000000000e+01 	-2.00000000000000e+03	 -8.77463764447750e-11	-1.39952219002425e-23		2.00000024999998e+03
1.36800000000000e+01    	-1.36799982899987e+01 	 -2.00000000000000e+01   -1.85000000000000e+01 	-2.00000000000000e+03	 7.96477418692734e-11	-1.42070192464193e-23		2.00000024999998e+03
1.38000000000000e+01    	-1.37999982749987e+01 	 -2.00000000000000e+01   -1.85000000000000e+01 	-2.00000000000000e+03	 1.00607601140487e-10	-1.52571260721312e-23		2.00000024999998e+03
1.39200000000000e+01    	-1.39199982599987e+01 	 -2.00000000000000e+01   -1.85000000000000e+01 	-2.00000000000000e+03	 -6.91755296934028e-11	-1.55070560031681e-23		2.00000024999998e+03
1.40400000000000e+01    	-1.40399982449987e+01 	 -2.00000000000000e+01   -1.85000000000000e+01 	-2.00000000000000e+03	 -1.12402169328646e-10	-1.65809570236434e-23		2.00000024999998e+03
1.41600000000000e+01    	-1.41599982299986e+01 	 -2.00000000000000e+01   -1.85000000000000e+01 	-2.00000000000000e+03	 5.68131541535009e-11	-1.68995473956270e-23		2.00000024999998e+03
1.42800000000000e+01    	-1.42799982149986e+01 	 -2.00000000000000e+01   -1.85000000000000e+01 	-2.00000000000000e+03	 1.22834440000150e-10	-1.79674019780566e-23		2.00000024999998e+03
1.44000000000000e+01    	-1.43999981999986e+01 	 -2.00000000000000e+01   -1.85000000000000e+01 	-2.00000000000000e+03	 -4.27090989626378e-11	-1.83862764389809e-23		2.00000024999998e+03
1.45200000000000e+01    	-1.45199981849986e+01 	 -2.00000000000000e+01   -1.85000000000000e+01 	-2.00000000000000e+03	 -1.31624594203766e-10	-1.94181080195450e-23		2.00000024999998e+03
1.46400000000000e+01    	-1.46399981699986e+01 	 -2.00000000000000e+01   -1.85000000000000e+01 	-2.00000000000000e+03	 2.70560615140292e-11	-1.99676502691063e-23		2.00000024999998e+03
1.47600000000000e+01    	-1.47599981549986e+01 	 -2.00000000000000e+01   -1.85000000000000e+01 	-2.00000000000000e+03	 1.38515395947624e-10	-2.09357644282750e-23		2.00000024999998e+03
1.48800000000000e+01    	-1.48799981399986e+01 	 -2.00000000000000e+01   -1.85000000000000e+01 	-2.00000000000000e+03	 -1.00885258074247e-11	-2.16426419822018e-23		2.00000024999998e+03
1.50000000000000e+01    	-1.49999981249985e+01 	 -2.00000000000000e+01   -1.85000000000000e+01 	-2.00000000000000e+03	 -1.43279132571130e-10	-2.25240913651018e-23		2.00000024999998e+03
1.51200000000000e+01    	-1.51199981099985e+01 	 -2.00000000000000e+01   -1.85000000000000e+01 	-2.00000000000000e+03	 -7.92123301419790e-12	-2.34088376911987e-23		2.00000024999998e+03
1.52400000000000e+01    	-1.52399980949985e+01 	 -2.00000000000000e+01   -1.85000000000000e+01 	-2.00000000000000e+03	 1.45723575652182e-10	-2.41877247410208e-23		2.00000024999998e+03
1.53600000000000e+01    	-1.53599980799985e+01 	 -2.00000000000000e+01   -1.85000000000000e+01 	-2.00000000000000e+03	 2.66676628087967e-11	-2.52625856589254e-23		2.00000024999998e+03
1.54800000000000e+01    	-1.54799980649985e+01 	 -2.00000000000000e+01   -1.85000000000000e+01 	-2.00000000000000e+03	 -1.45697782737010e-10	-2.59319993909985e-23		2.00000024999998e+03
1.56000000000000e+01    	-1.55999980499985e+01 	 -2.00000000000000e+01   -1.85000000000000e+01 	-2.00000000000000e+03	 -4.58178610564532e-11	-2.71992497176255e-23		2.00000024999998e+03
1.57200000000000e+01    	-1.57199980349985e+01 	 -2.00000000000000e+01   -1.85000000000000e+01 	-2.00000000000000e+03	 1.43096602795076e-10	-2.77626399890786e-23		2.00000024999998e+03
1.58400000000000e+01    	-1.58399980199984e+01 	 -2.00000000000000e+01   -1.85000000000000e+01 	-2.00000000000000e+03	 6.50178121328054e-11	-2.92135449863646e-23		2.00000024999998e+03
1.59600000000000e+01    	-1.59599980049984e+01 	 -2.00000000000000e+01   -1.85000000000000e+01 	-2.00000000000000e+03	 -1.37864736129415e-10	-2.96853781240970e-23		2.00000024999998e+03
1.60800000000000e+01    	-1.60799979899985e+01 	 -2.00000000000000e+01   -1.85000000000000e+01 	-2.00000000000000e+03	 -8.38997814616694e-11	-3.12999407602523e-23		2.00000024999998e+03
1.62000000000000e+01    	-1.61999979749987e+01 	 -2.00000000000000e+01   -1.85000000000000e+01 	-2.00000000000000e+03	 1.29999250003482e-10	-3.17055237156550e-23		2.00000024999998e+03
1.63200000000000e+01    	-1.63199979599989e+01 	 -2.00000000000000e+01   -1.85000000000000e+01 	-2.00000000000000e+03	 1.02089723019064e-10	-3.34530929562355e-23		2.00000024999998e+03
1.64400000000000e+01    	-1.64399979449990e+01 	 -2.00000000000000e+01   -1.85000000000000e+01 	-2.00000000000000e+03	 -1.19551446079662e-10	-3.38275209608824e-23		2.00000024999998e+03
1.65600000000000e+01    	-1.65599979299992e+01 	 -2.00000000000000e+01   -1.85000000000000e+01 	-2.00000000000000e+03	 -1.19215511758786e-10	-3.56682790889359e-23		2.00000024999998e+03
1.66800000000000e+01    	-1.66799979149993e+01 	 -2.00000000000000e+01   -1.85000000000000e+01 	-2.00000000000000e+03	 1.06627032188514e-10	-3.60545283666596e-23		2.00000024999998e+03
1.68000000000000e+01    	-1.67999978999995e+01 	 -2.00000000000000e+01   -1.85000000000000e+01 	-2.00000000000000e+03	 1.34914830810186e-10	-3.79417918807407e-23		2.00000024999998e+03
1.69200000000000e+01    	-1.69199978849997e+01 	 -2.00000000000000e+01   -1.85000000000000e+01 	-2.00000000000000e+03	 -9.13855504130898e-11	-3.83880548296003e-23		2.00000024999998e+03
1.70400000000000e+01    	-1.70399978699998e+01 	 -2.00000000000000e+01   -1.85000000000000e+01 	-2.00000000000000e+03	 -1.48843507255168e-10	-4.02712629986733e-23		2.00000024999998e+03
1.71600000000000e+01    	-1.71599978550000e+01 	 -2.00000000000000e+01   -1.85000000000000e+01 	-2.00000000000000e+03	 7.40380730851694e-11	-4.08276908890678e-23		2.00000024999998e+03
1.72800000000000e+01    	-1.72799978400002e+01 	 -2.00000000000000e+01   -1.85000000000000e+01 	-2.00000000000000e+03	 1.60683117965745e-10	-4.26558795340660e-23		2.00000024999998e+03
1.74000000000000e+01    	-1.73999978250003e+01 	 -2.00000000000000e+01   -1.85000000000000e+01 	-2.00000000000000e+03	 -5.48441794614524e-11	-4.33709565613643e-23		2.00000024999998e+03
1.75200000000000e+01    	-1.75199978100005e+01 	 -2.00000000000000e+01   -1.85000000000000e+01 	-2.00000000000000e+03	 -1.70148660683861e-10	-4.50964751200043e-23		2.00000024999998e+03
1.76400000000000e+01    	-1.76399977950006e+01 	 -2.00000000000000e+01   -1.85000000000000e+01 	-2.00000000000000e+03	 3.41072855684291e-11	-4.60132921241071e-23		2.00000024999998e+03
1.77600000000000e+01    	-1.77599977800008e+01 	 -2.00000000000000e+01   -1.85000000000000e+01 	-2.00000000000000e+03	 1.76995122998831e-10	-4.75954768200607e-23		2.00000024999998e+03
1.78800000000000e+01    	-1.78799977650010e+01 	 -2.00000000000000e+01   -1.85000000000000e+01 	-2.00000000000000e+03	 -1.21693994005081e-11	-4.87481924117399e-23		2.00000024999998e+03
1.80000000000000e+01    	-1.79999977500011e+01 	 -2.00000000000000e+01   -1.85000000000000e+01 	-2.00000000000000e+03	 -1.81023765186404e-10	-5.01567090449173e-23		2.00000024999998e+03
1.81200000000000e+01    	-1.81199977350013e+01 	 -2.00000000000000e+01   -1.85000000000000e+01 	-2.00000000000000e+03	 -1.05955696690996e-11	-5.15674897967482e-23		2.00000024999998e+03
1.82400000000000e+01    	-1.82399977200015e+01 	 -2.00000000000000e+01   -1.85000000000000e+01 	-2.00000000000000e+03	 1.82086979505481e-10	-5.27850610562186e-23		2.00000024999998e+03
1.83600000000000e+01    	-1.83599977050016e+01 	 -2.00000000000000e+01   -1.85000000000000e+01 	-2.00000000000000e+03	 3.37888232583226e-11	-5.44617613200313e-23		2.00000024999998e+03
1.84800000000000e+01    	-1.84799976900018e+01 	 -2.00000000000000e+01   -1.85000000000000e+01 	-2.00000000000000e+03	 -1.80092580315714e-10	-5.54860410692660e-23		2.00000024999998e+03
1.86000000000000e+01    	-1.85999976750020e+01 	 -2.00000000000000e+01   -1.85000000000000e+01 	-2.00000000000000e+03	 -5.69948333879112e-11	-5.74208426744116e-23		2.00000024999998e+03
1.87200000000000e+01    	-1.87199976600021e+01 	 -2.00000000000000e+01   -1.85000000000000e+01 	-2.00000000000000e+03	 1.75006433540453e-10	-5.82652479763072e-23		2.00000024999998e+03
1.88400000000000e+01    	-1.88399976450023e+01 	 -2.00000000000000e+01   -1.85000000000000e+01 	-2.00000000000000e+03	 7.97894862402349e-11	-6.04344033154300e-23		2.00000024999998e+03
1.89600000000000e+01    	-1.89599976300024e+01 	 -2.00000000000000e+01   -1.85000000000000e+01 	-2.00000000000000e+03	 -1.66854332156845e-10	-6.11277998276717e-23		2.00000024999998e+03
1.90800000000000e+01    	-1.90799976150026e+01 	 -2.00000000000000e+01   -1.85000000000000e+01 	-2.00000000000000e+03	 -1.01749005095829e-10	-6.34925496511570e-23		2.00000024999998e+03
1.92000000000000e+01    	-1.91999976000028e+01 	 -2.00000000000000e+01   -1.85000000000000e+01 	-2.00000000000000e+03	 1.55722083628541e-10	-6.40777656129937e-23		2.00000024999998e+03
1.93200000000000e+01    	-1.93199975850029e+01 	 -2.00000000000000e+01   -1.85000000000000e+01 	-2.00000000000000e+03	 1.22458468436495e-10	-6.65864007626692e-23		2.00000024999998e+03
1.94400000000000e+01    	-1.94399975700031e+01 	 -2.00000000000000e+01   -1.85000000000000e+01 	-2.00000000000000e+03	 -1.41754776962477e-10	-6.71176433716048e-23		2.00000024999998e+03
1.95600000000000e+01    	-1.95599975550033e+01 	 -2.00000000000000e+01   -1.85000000000000e+01 	-2.00000000000000e+03	 -1.41520706462326e-10	-6.97086005116262e-23		2.00000024999998e+03
1.96800000000000e+01    	-1.96799975400034e+01 	 -2.00000000000000e+01   -1.85000000000000e+01 	-2.00000000000000e+03	 1.25154258342045e-10	-7.02479325198971e-23		2.00000024999998e+03
1.98000000000000e+01    	-1.97999975250036e+01 	 -2.00000000000000e+01   -1.85000000000000e+01 	-2.00000000000000e+03	 1.58564390524992e-10	-7.28537160665376e-23		2.00000024999998e+03
1.99200000000000e+01    	-1.99199975100037e+01 	 -2.00000000000000e+01   -1.85000000000000e+01 	-2.00000000000000e+03	 -1.06175846455815e-10	-7.34668324078385e-23		2.00000024999998e+03
2.00400000000000e+01    	-2.00399974950039e+01 	 -2.00000000000000e+01   -1.85000000000000e+01 	-2.00000000000000e+03	 -1.73252107433084e-10	-7.60184978843000e-23		2.00000024999998e+03
2.01600000000000e+01    	-2.01599974800041e+01 	 -2.00000000000000e+01   -1.85000000000000e+01 	-2.00000000000000e+03	 8.51233786521417e-11	-7.67701016486402e-23		2.00000024999998e+03
2.02800000000000e+01    	-2.02799974650042e+01 	 -2.00000000000000e+01   -1.85000000000000e+01 	-2.00000000000000e+03	 1.85287251858973e-10	-7.92019711708432e-23		2.00000024999998e+03
2.04000000000000e+01    	-2.03999974500044e+01 	 -2.00000000000000e+01   -1.85000000000000e+01 	-2.00000000000000e+03	 -6.23436783213297e-11	-8.01510867456234e-23		2.00000024999998e+03
2.05200000000000e+01    	-2.05199974350046e+01 	 -2.00000000000000e+01   -1.85000000000000e+01 	-2.00000000000000e+03	 -1.94420557105543e-10	-8.24053558497874e-23		2.00000024999998e+03
2.06400000000000e+01    	-2.06399974200047e+01 	 -2.00000000000000e+01   -1.85000000000000e+01 	-2.00000000000000e+03	 3.82195894512441e-11	-8.36009310532597e-23		2.00000024999998e+03
2.07600000000000e+01    	-2.07599974050049e+01 	 -2.00000000000000e+01   -1.85000000000000e+01 	-2.00000000000000e+03	 2.00455134634626e-10	-8.56318136116090e-23		2.00000024999998e+03
2.08800000000000e+01    	-2.08799973900051e+01 	 -2.00000000000000e+01   -1.85000000000000e+01 	-2.00000000000000e+03	 -1.31627176476111e-11	-8.71089435463367e-23		2.00000024999998e+03
2.10000000000000e+01    	-2.09999973750052e+01 	 -2.00000000000000e+01   -1.85000000000000e+01 	-2.00000000000000e+03	 -2.03250887711321e-10	-8.88860444102007e-23		2.00000024999998e+03
2.11200000000000e+01    	-2.11199973600054e+01 	 -2.00000000000000e+01   -1.85000000000000e+01 	-2.00000000000000e+03	 -1.23949347819605e-11	-9.06631128310755e-23		2.00000024999998e+03
2.12400000000000e+01    	-2.12399973450055e+01 	 -2.00000000000000e+01   -1.85000000000000e+01 	-2.00000000000000e+03	 2.02727221418029e-10	-9.21737592808059e-23		2.00000024999998e+03
2.13600000000000e+01    	-2.13599973300057e+01 	 -2.00000000000000e+01   -1.85000000000000e+01 	-2.00000000000000e+03	 3.80092670936578e-11	-9.42507203579912e-23		2.00000024999998e+03
2.14800000000000e+01    	-2.14799973150059e+01 	 -2.00000000000000e+01   -1.85000000000000e+01 	-2.00000000000000e+03	 -1.98864971645137e-10	-9.55010716274203e-23		2.00000024999998e+03
2.16000000000000e+01    	-2.15999973000060e+01 	 -2.00000000000000e+01   -1.85000000000000e+01 	-2.00000000000000e+03	 -6.32331000888116e-11	-9.78590193722103e-23		2.00000024999998e+03
2.17200000000000e+01    	-2.17199972850062e+01 	 -2.00000000000000e+01   -1.85000000000000e+01 	-2.00000000000000e+03	 1.91706536455697e-10	-9.88738531645350e-23		2.00000024999998e+03
2.18400000000000e+01    	-2.18399972700064e+01 	 -2.00000000000000e+01   -1.85000000000000e+01 	-2.00000000000000e+03	 8.76247311055050e-11	-1.01475919749555e-22		2.00000024999998e+03
2.19600000000000e+01    	-2.19599972550065e+01 	 -2.00000000000000e+01   -1.85000000000000e+01 	-2.00000000000000e+03	 -1.81355195841725e-10	-1.02297103681912e-22		2.00000024999998e+03
2.20800000000000e+01    	-2.20799972400067e+01 	 -2.00000000000000e+01   -1.85000000000000e+01 	-2.00000000000000e+03	 -1.10756808573342e-10	-1.05090639498583e-22		2.00000024999998e+03
2.22000000000000e+01    	-2.21999972250069e+01 	 -2.00000000000000e+01   -1.85000000000000e+01 	-2.00000000000000e+03	 1.67972667253278e-10	-1.05774385462567e-22		2.00000024999998e+03
2.23200000000000e+01    	-2.23199972100070e+01 	 -2.00000000000000e+01   -1.85000000000000e+01 	-2.00000000000000e+03	 1.32224346028744e-10	-1.08694265381195e-22		2.00000024999998e+03
2.24400000000000e+01    	-2.24399971950072e+01 	 -2.00000000000000e+01   -1.85000000000000e+01 	-2.00000000000000e+03	 -1.51775945756570e-10	-1.09307362830650e-22		2.00000024999998e+03
2.25600000000000e+01    	-2.25599971800073e+01 	 -2.00000000000000e+01   -1.85000000000000e+01 	-2.00000000000000e+03	 -1.51652676987520e-10	-1.12280192641486e-22		2.00000024999998e+03
2.26800000000000e+01    	-2.26799971650075e+01 	 -2.00000000000000e+01   -1.85000000000000e+01 	-2.00000000000000e+03	 1.33032536200161e-10	-1.12895486942056e-22		2.00000024999998e+03
2.28000000000000e+01    	-2.27999971500077e+01 	 -2.00000000000000e+01   -1.85000000000000e+01 	-2.00000000000000e+03	 1.68704197199619e-10	-1.15844403881807e-22		2.00000024999998e+03
2.29200000000000e+01    	-2.29199971350078e+01 	 -2.00000000000000e+01   -1.85000000000000e+01 	-2.00000000000000e+03	 -1.12055181776942e-10	-1.16535844223799e-22		2.00000024999998e+03
2.30400000000000e+01    	-2.30399971200080e+01 	 -2.00000000000000e+01   -1.85000000000000e+01 	-2.00000000000000e+03	 -1.83084731363898e-10	-1.19385577875151e-22		2.00000024999998e+03
2.31600000000000e+01    	-2.31599971050082e+01 	 -2.00000000000000e+01   -1.85000000000000e+01 	-2.00000000000000e+03	 8.91952459162637e-11	-1.20223186897591e-22		2.00000024999998e+03
2.32800000000000e+01    	-2.32799970900083e+01 	 -2.00000000000000e+01   -1.85000000000000e+01 	-2.00000000000000e+03	 1.94548414577761e-10	-1.22905015512011e-22		2.00000024999998e+03
2.34000000000000e+01    	-2.33999970750085e+01 	 -2.00000000000000e+01   -1.85000000000000e+01 	-2.00000000000000e+03	 -6.48358941218700e-11	-1.23950135311400e-22		2.00000024999998e+03
2.35200000000000e+01    	-2.35199970600086e+01 	 -2.00000000000000e+01   -1.85000000000000e+01 	-2.00000000000000e+03	 -2.02901976203558e-10	-1.26406398768919e-22		2.00000024999998e+03
2.36400000000000e+01    	-2.36399970450088e+01 	 -2.00000000000000e+01   -1.85000000000000e+01 	-2.00000000000000e+03	 3.93842664378084e-11	-1.27707545696826e-22		2.00000024999998e+03
2.37600000000000e+01    	-2.37599970300090e+01 	 -2.00000000000000e+01   -1.85000000000000e+01 	-2.00000000000000e+03	 2.08007372472090e-10	-1.29895398115706e-22		2.00000024999998e+03
2.38800000000000e+01    	-2.38799970150091e+01 	 -2.00000000000000e+01   -1.85000000000000e+01 	-2.00000000000000e+03	 -1.32638115051389e-11	-1.31485006582720e-22		2.00000024999998e+03
2.40000000000000e+01    	-2.39999970000093e+01 	 -2.00000000000000e+01   -1.85000000000000e+01 	-2.00000000000000e+03	 -2.09783715418819e-10	-1.33379165077820e-22		2.00000024999998e+03
2.41200000000000e+01    	-2.41199969850095e+01 	 -2.00000000000000e+01   -1.85000000000000e+01 	-2.00000000000000e+03	 -1.30940128214476e-11	-1.35271437932084e-22		2.00000024999998e+03
2.42400000000000e+01    	-2.42399969700096e+01 	 -2.00000000000000e+01   -1.85000000000000e+01 	-2.00000000000000e+03	 2.08207506564194e-10	-1.36865746310196e-22		2.00000024999998e+03
2.43600000000000e+01    	-2.43599969550098e+01 	 -2.00000000000000e+01   -1.85000000000000e+01 	-2.00000000000000e+03	 3.92574974850702e-11	-1.39055739726494e-22		2.00000024999998e+03
2.44800000000000e+01    	-2.44799969400100e+01 	 -2.00000000000000e+01   -1.85000000000000e+01 	-2.00000000000000e+03	 -2.03312185439899e-10	-1.40363465613366e-22		2.00000024999998e+03
2.46000000000000e+01    	-2.45999969250101e+01 	 -2.00000000000000e+01   -1.85000000000000e+01 	-2.00000000000000e+03	 -6.48027005668345e-11	-1.42827455864556e-22		2.00000024999998e+03
2.47200000000000e+01    	-2.47199969100103e+01 	 -2.00000000000000e+01   -1.85000000000000e+01 	-2.00000000000000e+03	 1.95186062509771e-10	-1.43880318517760e-22		2.00000024999998e+03
2.48400000000000e+01    	-2.48399968950104e+01 	 -2.00000000000000e+01   -1.85000000000000e+01 	-2.00000000000000e+03	 8.93205681109796e-11	-1.46577397824752e-22		2.00000024999998e+03
2.49600000000000e+01    	-2.49599968800106e+01 	 -2.00000000000000e+01   -1.85000000000000e+01 	-2.00000000000000e+03	 -1.83969704600246e-10	-1.47423421595376e-22		2.00000024999998e+03
2.50800000000000e+01    	-2.50799968650108e+01 	 -2.00000000000000e+01   -1.85000000000000e+01 	-2.00000000000000e+03	 -1.12424010490433e-10	-1.50298198779385e-22		2.00000024999998e+03
2.52000000000000e+01    	-2.51999968500109e+01 	 -2.00000000000000e+01   -1.85000000000000e+01 	-2.00000000000000e+03	 1.69850777770318e-10	-1.50998547878796e-22		2.00000024999998e+03
2.53200000000000e+01    	-2.53199968350111e+01 	 -2.00000000000000e+01   -1.85000000000000e+01 	-2.00000000000000e+03	 1.33754547327922e-10	-1.53984661459864e-22		2.00000024999998e+03
2.54400000000000e+01    	-2.54399968200113e+01 	 -2.00000000000000e+01   -1.85000000000000e+01 	-2.00000000000000e+03	 -1.53043927539254e-10	-1.54609634213175e-22		2.00000024999998e+03
2.55600000000000e+01    	-2.55599968050114e+01 	 -2.00000000000000e+01   -1.85000000000000e+01 	-2.00000000000000e+03	 -1.52966552266086e-10	-1.57633450254885e-22		2.00000024999998e+03
2.56800000000000e+01    	-2.56799967900116e+01 	 -2.00000000000000e+01   -1.85000000000000e+01 	-2.00000000000000e+03	 1.33809203801453e-10	-1.58258046684500e-22		2.00000024999998e+03
2.58000000000000e+01    	-2.57999967750117e+01 	 -2.00000000000000e+01   -1.85000000000000e+01 	-2.00000000000000e+03	 1.69744220040513e-10	-1.61243236321309e-22		2.00000024999998e+03
2.59200000000000e+01    	-2.59199967600119e+01 	 -2.00000000000000e+01   -1.85000000000000e+01 	-2.00000000000000e+03	 -1.12450234795983e-10	-1.61942382904920e-22		2.00000024999998e+03
2.60400000000000e+01    	-2.60399967450121e+01 	 -2.00000000000000e+01   -1.85000000000000e+01 	-2.00000000000000e+03	 -1.83808793482061e-10	-1.64814795505254e-22		2.00000024999998e+03
2.61600000000000e+01    	-2.61599967300122e+01 	 -2.00000000000000e+01   -1.85000000000000e+01 	-2.00000000000000e+03	 8.93095883854924e-11	-1.65658501417052e-22		2.00000024999998e+03
2.62800000000000e+01    	-2.62799967150124e+01 	 -2.00000000000000e+01   -1.85000000000000e+01 	-2.00000000000000e+03	 1.94924247679174e-10	-1.68350940903177e-22		2.00000024999998e+03
2.64000000000000e+01    	-2.63999967000126e+01 	 -2.00000000000000e+01   -1.85000000000000e+01 	-2.00000000000000e+03	 -6.47636658888642e-11	-1.69399710037426e-22		2.00000024999998e+03
2.65200000000000e+01    	-2.65199966850127e+01 	 -2.00000000000000e+01   -1.85000000000000e+01 	-2.00000000000000e+03	 -2.02902790233201e-10	-1.71856297501557e-22		2.00000024999998e+03
2.66400000000000e+01    	-2.66399966700129e+01 	 -2.00000000000000e+01   -1.85000000000000e+01 	-2.00000000000000e+03	 3.92162194074550e-11	-1.73157115364358e-22		2.00000024999998e+03
2.67600000000000e+01    	-2.67599966550131e+01 	 -2.00000000000000e+01   -1.85000000000000e+01 	-2.00000000000000e+03	 2.07609025093963e-10	-1.75336925915818e-22		2.00000024999998e+03
2.68800000000000e+01    	-2.68799966400132e+01 	 -2.00000000000000e+01   -1.85000000000000e+01 	-2.00000000000000e+03	 -1.30916123775406e-11	-1.76920104657752e-22		2.00000024999998e+03
2.70000000000000e+01    	-2.69999966250134e+01 	 -2.00000000000000e+01   -1.85000000000000e+01 	-2.00000000000000e+03	 -2.08963647120151e-10	-1.78799824661691e-22		2.00000024999998e+03
2.71200000000000e+01    	-2.71199966100135e+01 	 -2.00000000000000e+01   -1.85000000000000e+01 	-2.00000000000000e+03	 -1.31730347584421e-11	-1.80676940827137e-22		2.00000024999998e+03
2.72400000000000e+01    	-2.72399965950137e+01 	 -2.00000000000000e+01   -1.85000000000000e+01 	-2.00000000000000e+03	 2.06945555470825e-10	-1.82252342097973e-22		2.00000024999998e+03
2.73600000000000e+01    	-2.73599965800139e+01 	 -2.00000000000000e+01   -1.85000000000000e+01 	-2.00000000000000e+03	 3.91356506277909e-11	-1.84415420760185e-22		2.00000024999998e+03
2.74800000000000e+01    	-2.74799965650140e+01 	 -2.00000000000000e+01   -1.85000000000000e+01 	-2.00000000000000e+03	 -2.01593301130742e-10	-1.85701542471759e-22		2.00000024999998e+03
2.76000000000000e+01    	-2.75999965500142e+01 	 -2.00000000000000e+01   -1.85000000000000e+01 	-2.00000000000000e+03	 -6.43577934417167e-11	-1.88123563176818e-22		2.00000024999998e+03
2.77200000000000e+01    	-2.77199965350144e+01 	 -2.00000000000000e+01   -1.85000000000000e+01 	-2.00000000000000e+03	 1.93004811006580e-10	-1.89153572229577e-22		2.00000024999998e+03
2.78400000000000e+01    	-2.78399965200145e+01 	 -2.00000000000000e+01   -1.85000000000000e+01 	-2.00000000000000e+03	 8.84128164207239e-11	-1.91790266829904e-22		2.00000024999998e+03
2.79600000000000e+01    	-2.79599965050147e+01 	 -2.00000000000000e+01   -1.85000000000000e+01 	-2.00000000000000e+03	 -1.81336362865591e-10	-1.92613073736859e-22		2.00000024999998e+03
2.80800000000000e+01    	-2.80799964900148e+01 	 -2.00000000000000e+01   -1.85000000000000e+01 	-2.00000000000000e+03	 -1.10894424227424e-10	-1.95405903233497e-22		2.00000024999998e+03
2.82000000000000e+01    	-2.81999964750150e+01 	 -2.00000000000000e+01   -1.85000000000000e+01 	-2.00000000000000e+03	 1.66799815502067e-10	-1.96082693560181e-22		2.00000024999998e+03
2.83200000000000e+01    	-2.83199964600152e+01 	 -2.00000000000000e+01   -1.85000000000000e+01 	-2.00000000000000e+03	 1.31424424575096e-10	-1.98962790659060e-22		2.00000024999998e+03
2.84400000000000e+01    	-2.84399964450153e+01 	 -2.00000000000000e+01   -1.85000000000000e+01 	-2.00000000000000e+03	 -1.49659131597380e-10	-1.99562720429755e-22		2.00000024999998e+03
2.85600000000000e+01    	-2.85599964300155e+01 	 -2.00000000000000e+01   -1.85000000000000e+01 	-2.00000000000000e+03	 -1.49660485293255e-10	-2.02455525576727e-22		2.00000024999998e+03
2.86800000000000e+01    	-2.86799964150157e+01 	 -2.00000000000000e+01   -1.85000000000000e+01 	-2.00000000000000e+03	 1.30225260339249e-10	-2.03050886592629e-22		2.00000024999998e+03
2.88000000000000e+01    	-2.87999964000158e+01 	 -2.00000000000000e+01   -1.85000000000000e+01 	-2.00000000000000e+03	 1.65302715596958e-10	-2.05881138451067e-22		2.00000024999998e+03
2.89200000000000e+01    	-2.89199963850160e+01 	 -2.00000000000000e+01   -1.85000000000000e+01 	-2.00000000000000e+03	 -1.08850477695717e-10	-2.06542343403586e-22		2.00000024999998e+03
2.90400000000000e+01    	-2.90399963700162e+01 	 -2.00000000000000e+01   -1.85000000000000e+01 	-2.00000000000000e+03	 -1.78099906426924e-10	-2.09239072591803e-22		2.00000024999998e+03
2.91600000000000e+01    	-2.91599963550163e+01 	 -2.00000000000000e+01   -1.85000000000000e+01 	-2.00000000000000e+03	 8.59213079232387e-11	-2.10029821488354e-22		2.00000024999998e+03
2.92800000000000e+01    	-2.92799963400165e+01 	 -2.00000000000000e+01   -1.85000000000000e+01 	-2.00000000000000e+03	 1.87854282538071e-10	-2.12530981560430e-22		2.00000024999998e+03
2.94000000000000e+01    	-2.93999963250166e+01 	 -2.00000000000000e+01   -1.85000000000000e+01 	-2.00000000000000e+03	 -6.18511752535317e-11	-2.13503956670550e-22		2.00000024999998e+03
2.95200000000000e+01    	-2.95199963100168e+01 	 -2.00000000000000e+01   -1.85000000000000e+01 	-2.00000000000000e+03	 -1.94425643562015e-10	-2.15760369486436e-22		2.00000024999998e+03
2.96400000000000e+01    	-2.96399962950170e+01 	 -2.00000000000000e+01   -1.85000000000000e+01 	-2.00000000000000e+03	 3.70719535328583e-11	-2.16953766677005e-22		2.00000024999998e+03
2.97600000000000e+01    	-2.97599962800171e+01 	 -2.00000000000000e+01   -1.85000000000000e+01 	-2.00000000000000e+03	 1.97733796362166e-10	-2.18932098073022e-22		2.00000024999998e+03
2.98800000000000e+01    	-2.98799962650173e+01 	 -2.00000000000000e+01   -1.85000000000000e+01 	-2.00000000000000e+03	 -1.20255989024754e-11	-2.20367233797504e-22		2.00000024999998e+03
3.00000000000000e+01    	-2.99999962500175e+01 	 -2.00000000000000e+01   -1.85000000000000e+01 	-2.00000000000000e+03	 -1.97760211491286e-10	-2.22051804601151e-22		2.00000024999998e+03
3.01200000000000e+01    	-3.01199962350176e+01 	 -2.00000000000000e+01   -1.85000000000000e+01 	-2.00000000000000e+03	 -1.28449395810166e-11	-2.23731959980166e-22		2.00000024999998e+03
3.02400000000000e+01    	-3.02399962200178e+01 	 -2.00000000000000e+01   -1.85000000000000e+01 	-2.00000000000000e+03	 1.94547866103270e-10	-2.25125273987312e-22		2.00000024999998e+03
3.03600000000000e+01    	-3.03599962050179e+01 	 -2.00000000000000e+01   -1.85000000000000e+01 	-2.00000000000000e+03	 3.71043289091181e-11	-2.27035835279704e-22		2.00000024999998e+03
3.04800000000000e+01    	-3.04799961900181e+01 	 -2.00000000000000e+01   -1.85000000000000e+01 	-2.00000000000000e+03	 -1.88200269002750e-10	-2.28157816302341e-22		2.00000024999998e+03
3.06000000000000e+01    	-3.05999961750183e+01 	 -2.00000000000000e+01   -1.85000000000000e+01 	-2.00000000000000e+03	 -6.03337785698723e-11	-2.30267680790675e-22		2.00000024999998e+03
3.07200000000000e+01    	-3.07199961600184e+01 	 -2.00000000000000e+01   -1.85000000000000e+01 	-2.00000000000000e+03	 1.78878694222155e-10	-2.31153697430162e-22		2.00000024999998e+03
3.08400000000000e+01    	-3.08399961450186e+01 	 -2.00000000000000e+01   -1.85000000000000e+01 	-2.00000000000000e+03	 8.21390851647970e-11	-2.33417808864773e-22		2.00000024999998e+03
3.09600000000000e+01    	-3.09599961300188e+01 	 -2.00000000000000e+01   -1.85000000000000e+01 	-2.00000000000000e+03	 -1.66798682312698e-10	-2.34115665591740e-22		2.00000024999998e+03
3.10800000000000e+01    	-3.10799961150189e+01 	 -2.00000000000000e+01   -1.85000000000000e+01 	-2.00000000000000e+03	 -1.02158606506714e-10	-2.36478471370591e-22		2.00000024999998e+03
3.12000000000000e+01    	-3.11999961000191e+01 	 -2.00000000000000e+01   -1.85000000000000e+01 	-2.00000000000000e+03	 1.52224897032016e-10	-2.37044610718381e-22		2.00000024999998e+03
3.13200000000000e+01    	-3.13199960850193e+01 	 -2.00000000000000e+01   -1.85000000000000e+01 	-2.00000000000000e+03	 1.20069989161607e-10	-2.39444155940012e-22		2.00000024999998e+03
3.14400000000000e+01    	-3.14399960700194e+01 	 -2.00000000000000e+01   -1.85000000000000e+01 	-2.00000000000000e+03	 -1.35465454091877e-10	-2.39939377321620e-22		2.00000024999998e+03
3.15600000000000e+01    	-3.15599960550196e+01 	 -2.00000000000000e+01   -1.85000000000000e+01 	-2.00000000000000e+03	 -1.35596493249128e-10	-2.42311722120862e-22		2.00000024999998e+03
3.16800000000000e+01    	-3.16799960400197e+01 	 -2.00000000000000e+01   -1.85000000000000e+01 	-2.00000000000000e+03	 1.16864861815518e-10	-2.42796746310725e-22		2.00000024999998e+03
3.18000000000000e+01    	-3.17999960250199e+01 	 -2.00000000000000e+01   -1.85000000000000e+01 	-2.00000000000000e+03	 1.48511779301537e-10	-2.45080363982718e-22		2.00000024999998e+03
3.19200000000000e+01    	-3.19199960100201e+01 	 -2.00000000000000e+01   -1.85000000000000e+01 	-2.00000000000000e+03	 -9.67967358816325e-11	-2.45611577804838e-22		2.00000024999998e+03
3.20400000000000e+01    	-3.20399959950202e+01 	 -2.00000000000000e+01   -1.85000000000000e+01 	-2.00000000000000e+03	 -1.58644049061486e-10	-2.47751416373583e-22		2.00000024999998e+03
3.21600000000000e+01    	-3.21599959800204e+01 	 -2.00000000000000e+01   -1.85000000000000e+01 	-2.00000000000000e+03	 7.56554657078931e-11	-2.48377105979992e-22		2.00000024999998e+03
3.22800000000000e+01    	-3.22799959650206e+01 	 -2.00000000000000e+01   -1.85000000000000e+01 	-2.00000000000000e+03	 1.65878459023170e-10	-2.50328018767377e-22		2.00000024999998e+03
3.24000000000000e+01    	-3.23999959500207e+01 	 -2.00000000000000e+01   -1.85000000000000e+01 	-2.00000000000000e+03	 -5.38480236026519e-11	-2.51085351831465e-22		2.00000024999998e+03
3.25200000000000e+01    	-3.25199959350209e+01 	 -2.00000000000000e+01   -1.85000000000000e+01 	-2.00000000000000e+03	 -1.70158757101415e-10	-2.52814674560104e-22		2.00000024999998e+03
3.26400000000000e+01    	-3.26399959200210e+01 	 -2.00000000000000e+01   -1.85000000000000e+01 	-2.00000000000000e+03	 3.17851137351479e-11	-2.53727626178570e-22		2.00000024999998e+03
3.27600000000000e+01    	-3.27599959050212e+01 	 -2.00000000000000e+01   -1.85000000000000e+01 	-2.00000000000000e+03	 1.71487122688262e-10	-2.55216739438975e-22		2.00000024999998e+03
3.28800000000000e+01    	-3.28799958900214e+01 	 -2.00000000000000e+01   -1.85000000000000e+01 	-2.00000000000000e+03	 -9.87286164939176e-12	-2.56295072995331e-22		2.00000024999998e+03
3.30000000000000e+01    	-3.29999958750215e+01 	 -2.00000000000000e+01   -1.85000000000000e+01 	-2.00000000000000e+03	 -1.69923223272077e-10	-2.57539885750319e-22		2.00000024999998e+03
3.31200000000000e+01    	-3.31199958600217e+01 	 -2.00000000000000e+01   -1.85000000000000e+01 	-2.00000000000000e+03	 -1.14957591133682e-11	-2.58779218565322e-22		2.00000024999998e+03
3.32400000000000e+01    	-3.32399958450219e+01 	 -2.00000000000000e+01   -1.85000000000000e+01 	-2.00000000000000e+03	 1.65581530366364e-10	-2.59789583014531e-22		2.00000024999998e+03
3.33600000000000e+01    	-3.33599958300220e+01 	 -2.00000000000000e+01   -1.85000000000000e+01 	-2.00000000000000e+03	 3.19485730391008e-11	-2.61172475370110e-22		2.00000024999998e+03
3.34800000000000e+01    	-3.34799958150222e+01 	 -2.00000000000000e+01   -1.85000000000000e+01 	-2.00000000000000e+03	 -1.58627968490310e-10	-2.61970636144703e-22		2.00000024999998e+03
3.36000000000000e+01    	-3.35999958000223e+01 	 -2.00000000000000e+01   -1.85000000000000e+01 	-2.00000000000000e+03	 -5.11417448725839e-11	-2.63468573013321e-22		2.00000024999998e+03
3.37200000000000e+01    	-3.37199957850225e+01 	 -2.00000000000000e+01   -1.85000000000000e+01 	-2.00000000000000e+03	 1.49274997041421e-10	-2.64086814173908e-22		2.00000024999998e+03
3.38400000000000e+01    	-3.38399957700227e+01 	 -2.00000000000000e+01   -1.85000000000000e+01 	-2.00000000000000e+03	 6.87660569792999e-11	-2.65662877831386e-22		2.00000024999998e+03
3.39600000000000e+01    	-3.39599957550228e+01 	 -2.00000000000000e+01   -1.85000000000000e+01 	-2.00000000000000e+03	 -1.37776250972742e-10	-2.66140593351599e-22		2.00000024999998e+03
3.40800000000000e+01    	-3.40799957400230e+01 	 -2.00000000000000e+01   -1.85000000000000e+01 	-2.00000000000000e+03	 -8.45527827720490e-11	-2.67752590849841e-22		2.00000024999998e+03
3.42000000000000e+01    	-3.41999957250232e+01 	 -2.00000000000000e+01   -1.85000000000000e+01 	-2.00000000000000e+03	 1.24419886056759e-10	-2.68133030192359e-22		2.00000024999998e+03
3.43200000000000e+01    	-3.43199957100233e+01 	 -2.00000000000000e+01   -1.85000000000000e+01 	-2.00000000000000e+03	 9.82780396613553e-11	-2.69736807237377e-22		2.00000024999998e+03
3.44400000000000e+01    	-3.44399956950235e+01 	 -2.00000000000000e+01   -1.85000000000000e+01 	-2.00000000000000e+03	 -1.09521793231501e-10	-2.70063764423962e-22		2.00000024999998e+03
3.45600000000000e+01    	-3.45599956800237e+01 	 -2.00000000000000e+01   -1.85000000000000e+01 	-2.00000000000000e+03	 -1.09766532937227e-10	-2.71616448260610e-22		2.00000024999998e+03
3.46800000000000e+01    	-3.46799956650238e+01 	 -2.00000000000000e+01   -1.85000000000000e+01 	-2.00000000000000e+03	 9.34178581099008e-11	-2.71931147305355e-22		2.00000024999998e+03
3.48000000000000e+01    	-3.47999956500240e+01 	 -2.00000000000000e+01   -1.85000000000000e+01 	-2.00000000000000e+03	 1.18893629082252e-10	-2.73394071584321e-22		2.00000024999998e+03
3.49200000000000e+01    	-3.49199956350241e+01 	 -2.00000000000000e+01   -1.85000000000000e+01 	-2.00000000000000e+03	 -7.64564514649762e-11	-2.73732472926671e-22		2.00000024999998e+03
3.50400000000000e+01    	-3.50399956200243e+01 	 -2.00000000000000e+01   -1.85000000000000e+01 	-2.00000000000000e+03	 -1.25586728055337e-10	-2.75073588702856e-22		2.00000024999998e+03
3.51600000000000e+01    	-3.51599956050245e+01 	 -2.00000000000000e+01   -1.85000000000000e+01 	-2.00000000000000e+03	 5.89903386531567e-11	-2.75464292298162e-22		2.00000024999998e+03
3.52800000000000e+01    	-3.52799955900246e+01 	 -2.00000000000000e+01   -1.85000000000000e+01 	-2.00000000000000e+03	 1.29824932724842e-10	-2.76659912001024e-22		2.00000024999998e+03
3.54000000000000e+01    	-3.53999955750248e+01 	 -2.00000000000000e+01   -1.85000000000000e+01 	-2.00000000000000e+03	 -4.13691960337731e-11	-2.77122773798276e-22		2.00000024999998e+03
3.55200000000000e+01    	-3.55199955600250e+01 	 -2.00000000000000e+01   -1.85000000000000e+01 	-2.00000000000000e+03	 -1.31638044647295e-10	-2.78158568618171e-22		2.00000024999998e+03
3.56400000000000e+01    	-3.56399955450251e+01 	 -2.00000000000000e+01   -1.85000000000000e+01 	-2.00000000000000e+03	 2.39319150134308e-11	-2.78704083678452e-22		2.00000024999998e+03
3.57600000000000e+01    	-3.57599955300253e+01 	 -2.00000000000000e+01   -1.85000000000000e+01 	-2.00000000000000e+03	 1.31103942453425e-10	-2.79575309769613e-22		2.00000024999998e+03
3.58800000000000e+01    	-3.58799955150254e+01 	 -2.00000000000000e+01   -1.85000000000000e+01 	-2.00000000000000e+03	 -6.99986517022944e-12	-2.80204747876922e-22		2.00000024999998e+03
3.60000000000000e+01    	-3.59999955000256e+01 	 -2.00000000000000e+01   -1.85000000000000e+01 	-2.00000000000000e+03	 -1.28345427053102e-10	-2.80915749480715e-22		2.00000024999998e+03
3.61200000000000e+01    	-3.61199954850258e+01 	 -2.00000000000000e+01   -1.85000000000000e+01 	-2.00000000000000e+03	 -9.12972823411600e-12	-2.81621973558380e-22		2.00000024999998e+03
3.62400000000000e+01    	-3.62399954700259e+01 	 -2.00000000000000e+01   -1.85000000000000e+01 	-2.00000000000000e+03	 1.23525640472747e-10	-2.82185056624159e-22		2.00000024999998e+03
3.63600000000000e+01    	-3.63599954550261e+01 	 -2.00000000000000e+01   -1.85000000000000e+01 	-2.00000000000000e+03	 2.41891541607188e-11	-2.82953900302772e-22		2.00000024999998e+03
3.64800000000000e+01    	-3.64799954400263e+01 	 -2.00000000000000e+01   -1.85000000000000e+01 	-2.00000000000000e+03	 -1.16843187363053e-10	-2.83387721280995e-22		2.00000024999998e+03
3.66000000000000e+01    	-3.65999954250264e+01 	 -2.00000000000000e+01   -1.85000000000000e+01 	-2.00000000000000e+03	 -3.79452180336162e-11	-2.84199772249513e-22		2.00000024999998e+03
3.67200000000000e+01    	-3.67199954100266e+01 	 -2.00000000000000e+01   -1.85000000000000e+01 	-2.00000000000000e+03	 1.08526103995893e-10	-2.84527406978144e-22		2.00000024999998e+03
3.68400000000000e+01    	-3.68399953950268e+01 	 -2.00000000000000e+01   -1.85000000000000e+01 	-2.00000000000000e+03	 5.02027841519295e-11	-2.85360016534277e-22		2.00000024999998e+03
3.69600000000000e+01    	-3.69599953800269e+01 	 -2.00000000000000e+01   -1.85000000000000e+01 	-2.00000000000000e+03	 -9.88258340715935e-11	-2.85606892149237e-22		2.00000024999998e+03
3.70800000000000e+01    	-3.70799953650271e+01 	 -2.00000000000000e+01   -1.85000000000000e+01 	-2.00000000000000e+03	 -6.08077937356851e-11	-2.86436235107512e-22		2.00000024999998e+03
3.72000000000000e+01    	-3.71999953500272e+01 	 -2.00000000000000e+01   -1.85000000000000e+01 	-2.00000000000000e+03	 8.80103780324017e-11	-2.86628097989780e-22		2.00000024999998e+03
3.73200000000000e+01    	-3.73199953350274e+01 	 -2.00000000000000e+01   -1.85000000000000e+01 	-2.00000000000000e+03	 6.96487201055632e-11	-2.87431111502985e-22		2.00000024999998e+03
3.74400000000000e+01    	-3.74399953200276e+01 	 -2.00000000000000e+01   -1.85000000000000e+01 	-2.00000000000000e+03	 -7.63577882223596e-11	-2.87592189684840e-22		2.00000024999998e+03
3.75600000000000e+01    	-3.75599953050277e+01 	 -2.00000000000000e+01   -1.85000000000000e+01 	-2.00000000000000e+03	 -7.66574517696154e-11	-2.88348252558980e-22		2.00000024999998e+03
3.76800000000000e+01    	-3.76799952900279e+01 	 -2.00000000000000e+01   -1.85000000000000e+01 	-2.00000000000000e+03	 6.41491805418744e-11	-2.88499737266933e-22		2.00000024999998e+03
3.78000000000000e+01    	-3.77999952750281e+01 	 -2.00000000000000e+01   -1.85000000000000e+01 	-2.00000000000000e+03	 8.18086203864551e-11	-2.89191978343922e-22		2.00000024999998e+03
3.79200000000000e+01    	-3.79199952600282e+01 	 -2.00000000000000e+01   -1.85000000000000e+01 	-2.00000000000000e+03	 -5.16624298602748e-11	-2.89350912924452e-22		2.00000024999998e+03
3.80400000000000e+01    	-3.80399952450284e+01 	 -2.00000000000000e+01   -1.85000000000000e+01 	-2.00000000000000e+03	 -8.51184185274714e-11	-2.89967086182389e-22		2.00000024999998e+03
3.81600000000000e+01    	-3.81599952300285e+01 	 -2.00000000000000e+01   -1.85000000000000e+01 	-2.00000000000000e+03	 3.91657060082189e-11	-2.90145707105733e-22		2.00000024999998e+03
3.82800000000000e+01    	-3.82799952150287e+01 	 -2.00000000000000e+01   -1.85000000000000e+01 	-2.00000000000000e+03	 8.66419756141023e-11	-2.90678606160674e-22		2.00000024999998e+03
3.84000000000000e+01    	-3.83999952000289e+01 	 -2.00000000000000e+01   -1.85000000000000e+01 	-2.00000000000000e+03	 -2.69119955496505e-11	-2.90884138490748e-22		2.00000024999998e+03
3.85200000000000e+01    	-3.85199951850290e+01 	 -2.00000000000000e+01   -1.85000000000000e+01 	-2.00000000000000e+03	 -8.64703842853104e-11	-2.91331571639390e-22		2.00000024999998e+03
3.86400000000000e+01    	-3.86399951700292e+01 	 -2.00000000000000e+01   -1.85000000000000e+01 	-2.00000000000000e+03	 1.51337365831521e-11	-2.91566443792871e-22		2.00000024999998e+03
3.87600000000000e+01    	-3.87599951550294e+01 	 -2.00000000000000e+01   -1.85000000000000e+01 	-2.00000000000000e+03	 8.47264876266241e-11	-2.91930818811879e-22		2.00000024999998e+03
3.88800000000000e+01    	-3.88799951400295e+01 	 -2.00000000000000e+01   -1.85000000000000e+01 	-2.00000000000000e+03	 -4.03867561493881e-12	-2.92193228192831e-22		2.00000024999998e+03
3.90000000000000e+01    	-3.89999951250297e+01 	 -2.00000000000000e+01   -1.85000000000000e+01 	-2.00000000000000e+03	 -8.15605552496514e-11	-2.92480829971997e-22		2.00000024999998e+03
3.91200000000000e+01    	-3.91199951100299e+01 	 -2.00000000000000e+01   -1.85000000000000e+01 	-2.00000000000000e+03	 -6.19396789920687e-12	-2.92765571234763e-22		2.00000024999998e+03
3.92400000000000e+01    	-3.92399950950300e+01 	 -2.00000000000000e+01   -1.85000000000000e+01 	-2.00000000000000e+03	 7.71449872075198e-11	-2.92985626433449e-22		2.00000024999998e+03
3.93600000000000e+01    	-3.93599950800302e+01 	 -2.00000000000000e+01   -1.85000000000000e+01 	-2.00000000000000e+03	 1.54159662224638e-11	-2.93285078890435e-22		2.00000024999998e+03
3.94800000000000e+01    	-3.94799950650303e+01 	 -2.00000000000000e+01   -1.85000000000000e+01 	-2.00000000000000e+03	 -7.16691944591562e-11	-2.93448714170773e-22		2.00000024999998e+03
3.96000000000000e+01    	-3.95999950500305e+01 	 -2.00000000000000e+01   -1.85000000000000e+01 	-2.00000000000000e+03	 -2.35121404825530e-11	-2.93753886855330e-22		2.00000024999998e+03
3.97200000000000e+01    	-3.97199950350307e+01 	 -2.00000000000000e+01   -1.85000000000000e+01 	-2.00000000000000e+03	 6.53338073350330e-11	-2.93873079234709e-22		2.00000024999998e+03
3.98400000000000e+01    	-3.98399950200308e+01 	 -2.00000000000000e+01   -1.85000000000000e+01 	-2.00000000000000e+03	 3.04009975897495e-11	-2.94174615702059e-22		2.00000024999998e+03
3.99600000000000e+01    	-3.99599950050310e+01 	 -2.00000000000000e+01   -1.85000000000000e+01 	-2.00000000000000e+03	 -5.83453647340930e-11	-2.94261225839321e-22		2.00000024999998e+03
4.00800000000000e+01    	-4.00799949900312e+01 	 -2.00000000000000e+01   -1.85000000000000e+01 	-2.00000000000000e+03	 -3.60349607474730e-11	-2.94550290713944e-22		2.00000024999998e+03
4.02000000000000e+01    	-4.01999949750313e+01 	 -2.00000000000000e+01   -1.85000000000000e+01 	-2.00000000000000e+03	 5.09106311137185e-11	-2.94615248058240e-22		2.00000024999998e+03
4.03200000000000e+01    	-4.03199949600315e+01 	 -2.00000000000000e+01   -1.85000000000000e+01 	-2.00000000000000e+03	 4.03992301424867e-11	-2.94884233571047e-22		2.00000024999998e+03
4.04400000000000e+01    	-4.04399949450316e+01 	 -2.00000000000000e+01   -1.85000000000000e+01 	-2.00000000000000e+03	 -4.32316814798924e-11	-2.94936922265841e-22		2.00000024999998e+03
4.05600000000000e+01    	-4.05599949300318e+01 	 -2.00000000000000e+01   -1.85000000000000e+01 	-2.00000000000000e+03	 -4.35103343188580e-11	-2.95179941610757e-22		2.00000024999998e+03
4.06800000000000e+01    	-4.06799949150320e+01 	 -2.00000000000000e+01   -1.85000000000000e+01 	-2.00000000000000e+03	 3.55008812839110e-11	-2.95227809823838e-22		2.00000024999998e+03
4.08000000000000e+01    	-4.07999949000321e+01 	 -2.00000000000000e+01   -1.85000000000000e+01 	-2.00000000000000e+03	 4.54134516440531e-11	-2.95440963494861e-22		2.00000024999998e+03
4.09200000000000e+01    	-4.09199948850323e+01 	 -2.00000000000000e+01   -1.85000000000000e+01 	-2.00000000000000e+03	 -2.78968743504220e-11	-2.95489356730743e-22		2.00000024999998e+03
4.10400000000000e+01    	-4.10399948700325e+01 	 -2.00000000000000e+01   -1.85000000000000e+01 	-2.00000000000000e+03	 -4.61796002000069e-11	-2.95670784784560e-22		2.00000024999998e+03
4.11600000000000e+01    	-4.11599948550326e+01 	 -2.00000000000000e+01   -1.85000000000000e+01 	-2.00000000000000e+03	 2.05806726254789e-11	-2.95722982767909e-22		2.00000024999998e+03
4.12800000000000e+01    	-4.12799948400328e+01 	 -2.00000000000000e+01   -1.85000000000000e+01 	-2.00000000000000e+03	 4.59018073691291e-11	-2.95872729618546e-22		2.00000024999998e+03
4.14000000000000e+01    	-4.13999948250330e+01 	 -2.00000000000000e+01   -1.85000000000000e+01 	-2.00000000000000e+03	 -1.36929227669590e-11	-2.95930150662322e-22		2.00000024999998e+03
4.15200000000000e+01    	-4.15199948100331e+01 	 -2.00000000000000e+01   -1.85000000000000e+01 	-2.00000000000000e+03	 -4.46913825498634e-11	-2.96049886286428e-22		2.00000024999998e+03
4.16400000000000e+01    	-4.16399947950333e+01 	 -2.00000000000000e+01   -1.85000000000000e+01 	-2.00000000000000e+03	 7.35140145730545e-12	-2.96112413411278e-22		2.00000024999998e+03
4.17600000000000e+01    	-4.17599947800334e+01 	 -2.00000000000000e+01   -1.85000000000000e+01 	-2.00000000000000e+03	 4.26734220235720e-11	-2.96205058048425e-22		2.00000024999998e+03
4.18800000000000e+01    	-4.18799947650336e+01 	 -2.00000000000000e+01   -1.85000000000000e+01 	-2.00000000000000e+03	 -1.64977001787064e-12	-2.96271435917555e-22		2.00000024999998e+03
4.20000000000000e+01    	-4.19999947500338e+01 	 -2.00000000000000e+01   -1.85000000000000e+01 	-2.00000000000000e+03	 -3.99826794367335e-11	-2.96340740395878e-22		2.00000024999998e+03
4.21200000000000e+01    	-4.21199947350339e+01 	 -2.00000000000000e+01   -1.85000000000000e+01 	-2.00000000000000e+03	 -3.34340544390218e-12	-2.96408994710993e-22		2.00000024999998e+03
4.22400000000000e+01    	-4.22399947200341e+01 	 -2.00000000000000e+01   -1.85000000000000e+01 	-2.00000000000000e+03	 3.67589330813346e-11	-2.96459121552549e-22		2.00000024999998e+03
4.23600000000000e+01    	-4.23599947050343e+01 	 -2.00000000000000e+01   -1.85000000000000e+01 	-2.00000000000000e+03	 7.58438328259425e-12	-2.96526956831134e-22		2.00000024999998e+03
4.24800000000000e+01    	-4.24799946900344e+01 	 -2.00000000000000e+01   -1.85000000000000e+01 	-2.00000000000000e+03	 -3.31429778135429e-11	-2.96562102342080e-22		2.00000024999998e+03
4.26000000000000e+01    	-4.25999946750346e+01 	 -2.00000000000000e+01   -1.85000000000000e+01 	-2.00000000000000e+03	 -1.10537627664683e-11	-2.96627245187698e-22		2.00000024999998e+03
4.27200000000000e+01    	-4.27199946600348e+01 	 -2.00000000000000e+01   -1.85000000000000e+01 	-2.00000000000000e+03	 2.92723596930509e-11	-2.96651329812784e-22		2.00000024999998e+03
4.28400000000000e+01    	-4.28399946450349e+01 	 -2.00000000000000e+01   -1.85000000000000e+01 	-2.00000000000000e+03	 1.37548439641177e-11	-2.96711794031319e-22		2.00000024999998e+03
4.29600000000000e+01    	-4.29599946300351e+01 	 -2.00000000000000e+01   -1.85000000000000e+01 	-2.00000000000000e+03	 -2.52779611292419e-11	-2.96728238549854e-22		2.00000024999998e+03
4.30800000000000e+01    	-4.30799946150352e+01 	 -2.00000000000000e+01   -1.85000000000000e+01 	-2.00000000000000e+03	 -1.57119062679023e-11	-2.96782502395119e-22		2.00000024999998e+03
4.32000000000000e+01    	-4.31999946000354e+01 	 -2.00000000000000e+01   -1.85000000000000e+01 	-2.00000000000000e+03	 2.12805283306576e-11	-2.96794094381399e-22		2.00000024999998e+03
4.33200000000000e+01    	-4.33199945850356e+01 	 -2.00000000000000e+01   -1.85000000000000e+01 	-2.00000000000000e+03	 1.69674942239304e-11	-2.96841188998782e-22		2.00000024999998e+03
4.34400000000000e+01    	-4.34399945700357e+01 	 -2.00000000000000e+01   -1.85000000000000e+01 	-2.00000000000000e+03	 -1.73882172236862e-11	-2.96850035051787e-22		2.00000024999998e+03
4.35600000000000e+01    	-4.35599945550359e+01 	 -2.00000000000000e+01   -1.85000000000000e+01 	-2.00000000000000e+03	 -1.75798124657867e-11	-2.96889554455844e-22		2.00000024999998e+03
4.36800000000000e+01    	-4.36799945400361e+01 	 -2.00000000000000e+01   -1.85000000000000e+01 	-2.00000000000000e+03	 1.36942137291785e-11	-2.96897104936057e-22		2.00000024999998e+03
4.38000000000000e+01    	-4.37999945250362e+01 	 -2.00000000000000e+01   -1.85000000000000e+01 	-2.00000000000000e+03	 1.76193384696844e-11	-2.96929152285478e-22		2.00000024999998e+03
4.39200000000000e+01    	-4.39199945100364e+01 	 -2.00000000000000e+01   -1.85000000000000e+01 	-2.00000000000000e+03	 -1.02754655321052e-11	-2.96936280739293e-22		2.00000024999998e+03
4.40400000000000e+01    	-4.40399944950365e+01 	 -2.00000000000000e+01   -1.85000000000000e+01 	-2.00000000000000e+03	 -1.71657679270461e-11	-2.96961371324395e-22		2.00000024999998e+03
4.41600000000000e+01    	-4.41599944800367e+01 	 -2.00000000000000e+01   -1.85000000000000e+01 	-2.00000000000000e+03	 7.19154032658709e-12	-2.96968488282036e-22		2.00000024999998e+03
4.42800000000000e+01    	-4.42799944650369e+01 	 -2.00000000000000e+01   -1.85000000000000e+01 	-2.00000000000000e+03	 1.63044071172079e-11	-2.96987428613283e-22		2.00000024999998e+03
4.44000000000000e+01    	-4.43999944500370e+01 	 -2.00000000000000e+01   -1.85000000000000e+01 	-2.00000000000000e+03	 -4.48460618277507e-12	-2.96994609913132e-22		2.00000024999998e+03
4.45200000000000e+01    	-4.45199944350372e+01 	 -2.00000000000000e+01   -1.85000000000000e+01 	-2.00000000000000e+03	 -1.51231253476211e-11	-2.97008372394549e-22		2.00000024999998e+03
4.46400000000000e+01    	-4.46399944200374e+01 	 -2.00000000000000e+01   -1.85000000000000e+01 	-2.00000000000000e+03	 2.17950824757178e-12	-2.97015484965697e-22		2.00000024999998e+03
4.47600000000000e+01    	-4.47599944050375e+01 	 -2.00000000000000e+01   -1.85000000000000e+01 	-2.00000000000000e+03	 1.37089728881019e-11	-2.97025092677409e-22		2.00000024999998e+03
4.48800000000000e+01    	-4.48799943900377e+01 	 -2.00000000000000e+01   -1.85000000000000e+01 	-2.00000000000000e+03	 -2.84898642647466e-13	-2.97031904447951e-22		2.00000024999998e+03
4.50000000000000e+01    	-4.49999943750379e+01 	 -2.00000000000000e+01   -1.85000000000000e+01 	-2.00000000000000e+03	 -1.21455616696451e-11	-2.97038337353706e-22		2.00000024999998e+03
4.51200000000000e+01    	-4.51199943600380e+01 	 -2.00000000000000e+01   -1.85000000000000e+01 	-2.00000000000000e+03	 -1.20564182444824e-12	-2.97044603222983e-22		2.00000024999998e+03
4.52400000000000e+01    	-4.52399943450382e+01 	 -2.00000000000000e+01   -1.85000000000000e+01 	-2.00000000000000e+03	 1.05102921324845e-11	-2.97048731077246e-22		2.00000024999998e+03
4.53600000000000e+01    	-4.53599943300383e+01 	 -2.00000000000000e+01   -1.85000000000000e+01 	-2.00000000000000e+03	 2.31156458807806e-12	-2.97054251148851e-22		2.00000024999998e+03
4.54800000000000e+01    	-4.54799943150385e+01 	 -2.00000000000000e+01   -1.85000000000000e+01 	-2.00000000000000e+03	 -8.87249599360902e-12	-2.97056794749743e-22		2.00000024999998e+03
4.56000000000000e+01    	-4.55999943000387e+01 	 -2.00000000000000e+01   -1.85000000000000e+01 	-2.00000000000000e+03	 -3.06348435490135e-12	-2.97061445845488e-22		2.00000024999998e+03
4.57200000000000e+01    	-4.57199942850388e+01 	 -2.00000000000000e+01   -1.85000000000000e+01 	-2.00000000000000e+03	 7.29154631348584e-12	-2.97062963746223e-22		2.00000024999998e+03
4.58400000000000e+01    	-4.58399942700390e+01 	 -2.00000000000000e+01   -1.85000000000000e+01 	-2.00000000000000e+03	 3.50057474502566e-12	-2.97066707795684e-22		2.00000024999998e+03
4.59600000000000e+01    	-4.59599942550392e+01 	 -2.00000000000000e+01   -1.85000000000000e+01 	-2.00000000000000e+03	 -5.81596921497954e-12	-2.97067603598684e-22		2.00000024999998e+03
4.60800000000000e+01    	-4.60799942400393e+01 	 -2.00000000000000e+01   -1.85000000000000e+01 	-2.00000000000000e+03	 -3.66832944538861e-12	-2.97070479091634e-22		2.00000024999998e+03
4.62000000000000e+01    	-4.61999942250395e+01 	 -2.00000000000000e+01   -1.85000000000000e+01 	-2.00000000000000e+03	 4.48257100252757e-12	-2.97071022644988e-22		2.00000024999998e+03
4.63200000000000e+01    	-4.63199942100396e+01 	 -2.00000000000000e+01   -1.85000000000000e+01 	-2.00000000000000e+03	 3.61578981889154e-12	-2.97073125458657e-22		2.00000024999998e+03
4.64400000000000e+01    	-4.64399941950398e+01 	 -2.00000000000000e+01   -1.85000000000000e+01 	-2.00000000000000e+03	 -3.31657645540866e-12	-2.97073481457379e-22		2.00000024999998e+03
4.65600000000000e+01    	-4.65599941800400e+01 	 -2.00000000000000e+01   -1.85000000000000e+01 	-2.00000000000000e+03	 -3.39333914344984e-12	-2.97074941566368e-22		2.00000024999998e+03
4.66800000000000e+01    	-4.66799941650401e+01 	 -2.00000000000000e+01   -1.85000000000000e+01 	-2.00000000000000e+03	 2.33175381401150e-12	-2.97075199638068e-22		2.00000024999998e+03
4.68000000000000e+01    	-4.67999941500403e+01 	 -2.00000000000000e+01   -1.85000000000000e+01 	-2.00000000000000e+03	 3.05015660423669e-12	-2.97076158547738e-22		2.00000024999998e+03
4.69200000000000e+01    	-4.69199941350405e+01 	 -2.00000000000000e+01   -1.85000000000000e+01 	-2.00000000000000e+03	 -1.53148564177519e-12	-2.97076360472832e-22		2.00000024999998e+03
4.70400000000000e+01    	-4.70399941200406e+01 	 -2.00000000000000e+01   -1.85000000000000e+01 	-2.00000000000000e+03	 -2.63241659904565e-12	-2.97076953044065e-22		2.00000024999998e+03
4.71600000000000e+01    	-4.71599941050408e+01 	 -2.00000000000000e+01   -1.85000000000000e+01 	-2.00000000000000e+03	 9.09727367009844e-13	-2.97077114411359e-22		2.00000024999998e+03
4.72800000000000e+01    	-4.72799940900410e+01 	 -2.00000000000000e+01   -1.85000000000000e+01 	-2.00000000000000e+03	 2.18130559247084e-12	-2.97077456640174e-22		2.00000024999998e+03
4.74000000000000e+01    	-4.73999940750411e+01 	 -2.00000000000000e+01   -1.85000000000000e+01 	-2.00000000000000e+03	 -4.52782999003654e-13	-2.97077581914817e-22		2.00000024999998e+03
4.75200000000000e+01    	-4.75199940600413e+01 	 -2.00000000000000e+01   -1.85000000000000e+01 	-2.00000000000000e+03	 -1.73191564599349e-12	-2.97077765010942e-22		2.00000024999998e+03
4.76400000000000e+01    	-4.76399940450414e+01 	 -2.00000000000000e+01   -1.85000000000000e+01 	-2.00000000000000e+03	 1.40815185469528e-13	-2.97077856382898e-22		2.00000024999998e+03
4.77600000000000e+01    	-4.77599940300416e+01 	 -2.00000000000000e+01   -1.85000000000000e+01 	-2.00000000000000e+03	 1.31205579637206e-12	-2.97077946092751e-22		2.00000024999998e+03
4.78800000000000e+01    	-4.78799940150418e+01 	 -2.00000000000000e+01   -1.85000000000000e+01 	-2.00000000000000e+03	 4.99996144082045e-14	-2.97078007333835e-22		2.00000024999998e+03
4.80000000000000e+01    	-4.79999940000419e+01 	 -2.00000000000000e+01   -1.85000000000000e+01 	-2.00000000000000e+03	 -9.42005790569580e-13	-2.97078047001558e-22		2.00000024999998e+03
4.81200000000000e+01    	-4.81199939850421e+01 	 -2.00000000000000e+01   -1.85000000000000e+01 	-2.00000000000000e+03	 -1.45765799445663e-13	-2.97078084034060e-22		2.00000024999998e+03
4.82400000000000e+01    	-4.82399939700423e+01 	 -2.00000000000000e+01   -1.85000000000000e+01 	-2.00000000000000e+03	 6.34216378407961e-13	-2.97078099573427e-22		2.00000024999998e+03
4.83600000000000e+01    	-4.83599939550424e+01 	 -2.00000000000000e+01   -1.85000000000000e+01 	-2.00000000000000e+03	 1.72707428275517e-13	-2.97078119359459e-22		2.00000024999998e+03
4.84800000000000e+01    	-4.84799939400426e+01 	 -2.00000000000000e+01   -1.85000000000000e+01 	-2.00000000000000e+03	 -3.93942642911905e-13	-2.97078124638393e-22		2.00000024999998e+03
4.86000000000000e+01    	-4.85999939250427e+01 	 -2.00000000000000e+01   -1.85000000000000e+01 	-2.00000000000000e+03	 -1.55643878249718e-13	-2.97078133713017e-22		2.00000024999998e+03
4.87200000000000e+01    	-4.87199939100429e+01 	 -2.00000000000000e+01   -1.85000000000000e+01 	-2.00000000000000e+03	 2.19776831984936e-13	-2.97078135237271e-22		2.00000024999998e+03
4.88400000000000e+01    	-4.88399938950431e+01 	 -2.00000000000000e+01   -1.85000000000000e+01 	-2.00000000000000e+03	 1.16187125008291e-13	-2.97078138651279e-22		2.00000024999998e+03
4.89600000000000e+01    	-4.89599938800432e+01 	 -2.00000000000000e+01   -1.85000000000000e+01 	-2.00000000000000e+03	 -1.05031082945763e-13	-2.97078139023753e-22		2.00000024999998e+03
4.90800000000000e+01    	-4.90799938650434e+01 	 -2.00000000000000e+01   -1.85000000000000e+01 	-2.00000000000000e+03	 -7.17367980219114e-14	-2.97078139998875e-22		2.00000024999998e+03
4.92000000000000e+01    	-4.91999938500436e+01 	 -2.00000000000000e+01   -1.85000000000000e+01 	-2.00000000000000e+03	 3.89033902267766e-14	-2.97078140077510e-22		2.00000024999998e+03
4.93200000000000e+01    	-4.93199938350437e+01 	 -2.00000000000000e+01   -1.85000000000000e+01 	-2.00000000000000e+03	 3.43346545898879e-14	-2.97078140259275e-22		2.00000024999998e+03
4.94400000000000e+01    	-4.94399938200439e+01 	 -2.00000000000000e+01   -1.85000000000000e+01 	-2.00000000000000e+03	 -8.34832019468223e-15	-2.97078140272983e-22		2.00000024999998e+03
4.95600000000000e+01    	-4.95599938050441e+01 	 -2.00000000000000e+01   -1.85000000000000e+01 	-2.00000000000000e+03	 -1.04256775434705e-14	-2.97078140288347e-22		2.00000024999998e+03
4.96800000000000e+01    	-4.96799937900442e+01 	 -2.00000000000000e+01   -1.85000000000000e+01 	-2.00000000000000e+03	 -4.37704546247953e-16	-2.97078140289634e-22		2.00000024999998e+03
4.98000000000000e+01    	-4.97999937750444e+01 	 -2.00000000000000e+01   -1.85000000000000e+01 	-2.00000000000000e+03	 5.53596060598638e-16	-2.97078140289723e-22		2.00000024999998e+03
4.99200000000000e+01    	-4.99199937600445e+01 	 -2.00000000000000e+01   -1.85000000000000e+01 	-2.00000000000000e+03	 1.22375949811476e-17	-2.97078140289730e-22		2.00000024999998e+03
5.00400000000000e+01    	-5.00399937450447e+01 	 -2.00000000000000e+01   -1.85000000000000e+01 	-2.00000000000000e+03	 -1.15153060017177e-22	-2.97078140289730e-22		2.00000024999998e+03
5.01600000000000e+01    	-5.01599937300449e+01 	 -2.00000000000000e+01   -1.85000000000000e+01 	-2.00000000000000e+03	 -1.15153060017177e-22	-2.97078140289730e-22		2.00000024999998e+03
5.02800000000000e+01    	-5.02799937150450e+01 	 -2.00000000000000e+01   -1.85000000000000e+01 	-2.00000000000000e+03	 -1.15153060017177e-22	-2.97078140289730e-22		2.00000024999998e+03
5.04000000000000e+01    	-5.03999937000452e+01 	 -2.00000000000000e+01   -1.85000000000000e+01 	-2.00000000000000e+03	 -1.15153060017177e-22	-2.97078140289730e-22		2.00000024999998e+03
5.05200000000000e+01    	-5.05199936850454e+01 	 -2.00000000000000e+01   -1.85000000000000e+01 	-2.00000000000000e+03	 -1.15153060017177e-22	-2.97078140289730e-22		2.00000024999998e+03
5.06400000000000e+01    	-5.06399936700455e+01 	 -2.00000000000000e+01   -1.85000000000000e+01 	-2.00000000000000e+03	 -1.15153060017177e-22	-2.97078140289730e-22		2.00000024999998e+03
5.07600000000000e+01    	-5.07599936550457e+01 	 -2.00000000000000e+01   -1.85000000000000e+01 	-2.00000000000000e+03	 -1.15153060017177e-22	-2.97078140289730e-22		2.00000024999998e+03
5.08800000000000e+01    	-5.08799936400458e+01 	 -2.00000000000000e+01   -1.85000000000000e+01 	-2.00000000000000e+03	 -1.15153060017177e-22	-2.97078140289730e-22		2.00000024999998e+03
5.10000000000000e+01    	-5.09999936250460e+01 	 -2.00000000000000e+01   -1.85000000000000e+01 	-2.00000000000000e+03	 -1.15153060017177e-22	-2.97078140289730e-22		2.00000024999998e+03
5.11200000000000e+01    	-5.11199936100462e+01 	 -2.00000000000000e+01   -1.85000000000000e+01 	-2.00000000000000e+03	 -1.15153060017177e-22	-2.97078140289730e-22		2.00000024999998e+03
5.12400000000000e+01    	-5.12399935950463e+01 	 -2.00000000000000e+01   -1.85000000000000e+01 	-2.00000000000000e+03	 -1.15153060017177e-22	-2.97078140289730e-22		2.00000024999998e+03
5.13600000000000e+01    	-5.13599935800465e+01 	 -2.00000000000000e+01   -1.85000000000000e+01 	-2.00000000000000e+03	 -1.15153060017177e-22	-2.97078140289730e-22		2.00000024999998e+03
5.14800000000000e+01    	-5.14799935650467e+01 	 -2.00000000000000e+01   -1.85000000000000e+01 	-2.00000000000000e+03	 -1.15153060017177e-22	-2.97078140289730e-22		2.00000024999998e+03
5.16000000000000e+01    	-5.15999935500468e+01 	 -2.00000000000000e+01   -1.85000000000000e+01 	-2.00000000000000e+03	 -1.15153060017177e-22	-2.97078140289730e-22		2.00000024999998e+03
5.17200000000000e+01    	-5.17199935350470e+01 	 -2.00000000000000e+01   -1.85000000000000e+01 	-2.00000000000000e+03	 -1.15153060017177e-22	-2.97078140289730e-22		2.00000024999998e+03
5.18400000000000e+01    	-5.18399935200472e+01 	 -2.00000000000000e+01   -1.85000000000000e+01 	-2.00000000000000e+03	 -1.15153060017177e-22	-2.97078140289730e-22		2.00000024999998e+03
5.19600000000000e+01    	-5.19599935050473e+01 	 -2.00000000000000e+01   -1.85000000000000e+01 	-2.00000000000000e+03	 -1.15153060017177e-22	-2.97078140289730e-22		2.00000024999998e+03
5.20800000000000e+01    	-5.20799934900475e+01 	 -2.00000000000000e+01   -1.85000000000000e+01 	-2.00000000000000e+03	 -1.15153060017177e-22	-2.97078140289730e-22		2.00000024999998e+03
5.22000000000000e+01    	-5.21999934750476e+01 	 -2.00000000000000e+01   -1.85000000000000e+01 	-2.00000000000000e+03	 -1.15153060017177e-22	-2.97078140289730e-22		2.00000024999998e+03
5.23200000000000e+01    	-5.23199934600478e+01 	 -2.00000000000000e+01   -1.85000000000000e+01 	-2.00000000000000e+03	 -1.15153060017177e-22	-2.97078140289730e-22		2.00000024999998e+03
5.24400000000000e+01    	-5.24399934450480e+01 	 -2.00000000000000e+01   -1.85000000000000e+01 	-2.00000000000000e+03	 -1.15153060017177e-22	-2.97078140289730e-22		2.00000024999998e+03
5.25600000000000e+01    	-5.25599934300481e+01 	 -2.00000000000000e+01   -1.85000000000000e+01 	-2.00000000000000e+03	 -1.15153060017177e-22	-2.97078140289730e-22		2.00000024999998e+03
5.26800000000000e+01    	-5.26799934150483e+01 	 -2.00000000000000e+01   -1.85000000000000e+01 	-2.00000000000000e+03	 -1.15153060017177e-22	-2.97078140289730e-22		2.00000024999998e+03
5.28000000000000e+01    	-5.27999934000485e+01 	 -2.00000000000000e+01   -1.85000000000000e+01 	-2.00000000000000e+03	 -1.15153060017177e-22	-2.97078140289730e-22		2.00000024999998e+03
5.29200000000000e+01    	-5.29199933850486e+01 	 -2.00000000000000e+01   -1.85000000000000e+01 	-2.00000000000000e+03	 -1.15153060017177e-22	-2.97078140289730e-22		2.00000024999998e+03
5.30400000000000e+01    	-5.30399933700488e+01 	 -2.00000000000000e+01   -1.85000000000000e+01 	-2.00000000000000e+03	 -1.15153060017177e-22	-2.97078140289730e-22		2.00000024999998e+03
5.31600000000000e+01    	-5.31599933550489e+01 	 -2.00000000000000e+01   -1.85000000000000e+01 	-2.00000000000000e+03	 -1.15153060017177e-22	-2.97078140289730e-22		2.0000