0.00000000000000e+00    	0.00000000000000e+00 	 -2.00000000000000e+01  	-1.85000000000000e+01    -2.00000000000000e+03	 0.00000000000000e+00	0.00000000000000e+00		2.00000024999998e+03
1.00000000000000e-01    	-9.99999875000022e-02 	 -2.00000000000000e+01   -1.85000000000000e+01 	-2.00000000000000e+03	 3.03186894585771e-12	0.00000000000000e+00		2.00000024999998e+03
2.00000000000000e-01    	-1.99999975000004e-01 	 -2.00000000000000e+01   -1.85000000000000e+01 	-2.00000000000000e+03	 9.51596250675165e-11	0.00000000000000e+00		2.00000024999998e+03
3.00000000000000e-01    	-2.99999962500007e-01 	 -2.00000000000000e+01   -1.85000000000000e+01 	-2.00000000000000e+03	 7.01904319944325e-10	0.00000000000000e+00		2.00000024999998e+03
4.00000000000000e-01    	-3.99999950000012e-01 	 -2.00000000000000e+01   -1.85000000000000e+01 	-2.00000000000000e+03	 2.84453975972038e-09	0.00000000000000e+00		2.00000024999998e+03
5.00000000000000e-01    	-4.99999937500016e-01 	 -1.99999999999997e+01   -1.85000000000000e+01 	-2.00000000000000e+03	 8.26262378808977e-09	0.00000000000000e+00		2.00000024999998e+03
6.00000000000000e-01    	-5.99999925000016e-01 	 -1.99999999999991e+01   -1.85000000000000e+01 	-2.00000000000000e+03	 1.93588584646352e-08	0.00000000000000e+00		2.00000024999998e+03
7.00000000000000e-01    	-6.99999912500015e-01 	 -1.99999999999977e+01   -1.85000000000000e+01 	-2.00000000000000e+03	 3.89475192063531e-08	0.00000000000000e+00		2.00000024999998e+03
8.00000000000000e-01    	-7.99999900000014e-01 	 -1.99999999999950e+01   -1.85000000000000e+01 	-2.00000000000000e+03	 6.98126608089904e-08	0.00000000000000e+00		2.00000024999998e+03
9.00000000000000e-01    	-8.99999887500013e-01 	 -1.99999999999904e+01   -1.85000000000000e+01 	-2.00000000000000e+03	 1.14107842611175e-07	0.00000000000000e+00		2.00000024999998e+03
1.00000000000000e+00    	-9.99999875000012e-01 	 -1.99999999999833e+01   -1.85000000000000e+01 	-2.00000000000000e+03	 1.72652816454336e-07	0.00000000000000e+00		2.00000024999998e+03
1.10000000000000e+00    	-1.09999986250002e+00 	 -1.99999999999730e+01   -1.85000000000000e+01 	-2.00000000000000e+03	 2.44202194632969e-07	0.00000000000000e+00		2.00000024999998e+03
1.20000000000000e+00    	-1.19999985000003e+00 	 -1.99999999999588e+01   -1.85000000000000e+01 	-2.00000000000000e+03	 3.24774550906732e-07	0.00000000000000e+00		2.00000024999998e+03
1.30000000000000e+00    	-1.29999983750004e+00 	 -1.99999999999404e+01   -1.85000000000000e+01 	-2.00000000000000e+03	 4.07136142605410e-07	0.00000000000000e+00		2.00000024999998e+03
1.40000000000000e+00    	-1.39999982500005e+00 	 -1.99999999999182e+01   -1.85000000000000e+01 	-2.00000000000000e+03	 4.80530490288893e-07	0.00000000000000e+00		2.00000024999998e+03
1.50000000000000e+00    	-1.49999981250006e+00 	 -1.99999999998928e+01   -1.85000000000000e+01 	-2.00000000000000e+03	 5.30733096907975e-07	0.00000000000000e+00		2.00000024999998e+03
1.60000000000000e+00    	-1.59999980000007e+00 	 -1.99999999998658e+01   -1.85000000000000e+01 	-2.00000000000000e+03	 5.40490028843348e-07	0.00000000000000e+00		2.00000024999998e+03
1.70000000000000e+00    	-1.69999978750008e+00 	 -1.99999999998398e+01   -1.85000000000000e+01 	-2.00000000000000e+03	 4.90371023459025e-07	0.00000000000000e+00		2.00000024999998e+03
1.80000000000000e+00    	-1.79999977500009e+00 	 -1.99999999998181e+01   -1.85000000000000e+01 	-2.00000000000000e+03	 3.60033992683079e-07	0.00000000000000e+00		2.00000024999998e+03
1.90000000000000e+00    	-1.89999976250010e+00 	 -1.99999999998054e+01   -1.85000000000000e+01 	-2.00000000000000e+03	 1.29860569671294e-07	0.00000000000000e+00		2.00000024999998e+03
2.00000000000000e+00    	-1.99999975000011e+00 	 -1.99999999998071e+01   -1.85000000000000e+01 	-2.00000000000000e+03	 -2.17115589228603e-07	0.00000000000000e+00		2.00000024999998e+03
2.10000000000000e+00    	-2.09999973750010e+00 	 -1.99999999998293e+01   -1.85000000000000e+01 	-2.00000000000000e+03	 -6.93101741799707e-07	0.00000000000000e+00		2.00000024999998e+03
2.20000000000000e+00    	-2.19999972500009e+00 	 -1.99999999998786e+01   -1.85000000000000e+01 	-2.00000000000000e+03	 -1.30340474498438e-06	0.00000000000000e+00		2.00000024999998e+03
2.30000000000000e+00    	-2.29999971250008e+00 	 -1.99999999999618e+01   -1.85000000000000e+01 	-2.00000000000000e+03	 -2.04442253600978e-06	0.00000000000000e+00		2.00000024999998e+03
2.40000000000000e+00    	-2.39999970000007e+00 	 -2.00000000000850e+01   -1.85000000000000e+01 	-2.00000000000000e+03	 -2.90194763591646e-06	0.00000000000000e+00		2.00000024999998e+03
2.50000000000000e+00    	-2.49999968750005e+00 	 -2.00000000002535e+01   -1.85000000000000e+01 	-2.00000000000000e+03	 -3.84996190647900e-06	0.00000000000000e+00		2.00000024999998e+03
2.60000000000000e+00    	-2.59999967500004e+00 	 -2.00000000004709e+01   -1.85000000000000e+01 	-2.00000000000000e+03	 -4.85008854948658e-06	0.00000000000000e+00		2.00000024999998e+03
2.70000000000000e+00    	-2.69999966250003e+00 	 -2.00000000007386e+01   -1.85000000000000e+01 	-2.00000000000000e+03	 -5.85184062560312e-06	0.00000000000000e+00		2.00000024999998e+03
2.80000000000000e+00    	-2.79999965000002e+00 	 -2.00000000010551e+01   -1.85000000000000e+01 	-2.00000000000000e+03	 -6.79376588092872e-06	0.00000000000000e+00		2.00000024999998e+03
2.90000000000000e+00    	-2.89999963750001e+00 	 -2.00000000014158e+01   -1.85000000000000e+01 	-2.00000000000000e+03	 -7.60553701891591e-06	0.00000000000000e+00		2.00000024999998e+03
3.00000000000000e+00    	-2.99999962499999e+00 	 -2.00000000018122e+01   -1.85000000000000e+01 	-2.00000000000000e+03	 -8.21097722881092e-06	0.00000000000000e+00		2.00000024999998e+03
3.10000000000000e+00    	-3.09999961249998e+00 	 -2.00000000022321e+01   -1.85000000000000e+01 	-2.00000000000000e+03	 -8.53194602559026e-06	0.00000000000000e+00		2.00000024999998e+03
3.20000000000000e+00    	-3.19999959999997e+00 	 -2.00000000026594e+01   -1.85000000000000e+01 	-2.00000000000000e+03	 -8.49294410950542e-06	0.00000000000000e+00		2.00000024999998e+03
3.30000000000000e+00    	-3.29999958749996e+00 	 -2.00000000030743e+01   -1.85000000000000e+01 	-2.00000000000000e+03	 -8.02623224204328e-06	0.00000000000000e+00		2.00000024999998e+03
3.40000000000000e+00    	-3.39999957499994e+00 	 -2.00000000034540e+01   -1.85000000000000e+01 	-2.00000000000000e+03	 -7.07720241807033e-06	0.00000000000000e+00		2.00000024999998e+03
3.50000000000000e+00    	-3.49999956249993e+00 	 -2.00000000037733e+01   -1.85000000000000e+01 	-2.00000000000000e+03	 -5.60969412824275e-06	0.00000000000000e+00		2.00000024999998e+03
3.60000000000000e+00    	-3.59999954999992e+00 	 -2.00000000040061e+01   -1.85000000000000e+01 	-2.00000000000000e+03	 -3.61091807932297e-06	0.00000000000000e+00		2.00000024999998e+03
3.70000000000000e+00    	-3.69999953749991e+00 	 -2.00000000041258e+01   -1.85000000000000e+01 	-2.00000000000000e+03	 -1.09563754236342e-06	0.00000000000000e+00		2.00000024999998e+03
3.80000000000000e+00    	-3.79999952499990e+00 	 -2.00000000041078e+01   -1.85000000000000e+01 	-2.00000000000000e+03	 1.89073420467385e-06	0.00000000000000e+00		2.00000024999998e+03
3.90000000000000e+00    	-3.89999951249988e+00 	 -2.00000000039302e+01   -1.85000000000000e+01 	-2.00000000000000e+03	 5.27043190716757e-06	0.00000000000000e+00		2.00000024999998e+03
4.00000000000000e+00    	-3.99999949999987e+00 	 -2.00000000035760e+01   -1.85000000000000e+01 	-2.00000000000000e+03	 8.93329182835013e-06	0.00000000000000e+00		2.00000024999998e+03
4.10000000000000e+00    	-4.09999948749986e+00 	 -2.00000000030345e+01   -1.85000000000000e+01 	-2.00000000000000e+03	 1.27385488748918e-05	0.00000000000000e+00		2.00000024999998e+03
4.20000000000000e+00    	-4.19999947499985e+00 	 -2.00000000023026e+01   -1.85000000000000e+01 	-2.00000000000000e+03	 1.65185761149874e-05	0.00000000000000e+00		2.00000024999998e+03
4.30000000000000e+00    	-4.29999946249984e+00 	 -2.00000000013862e+01   -1.85000000000000e+01 	-2.00000000000000e+03	 2.00845623496900e-05	0.00000000000000e+00		2.00000024999998e+03
4.40000000000000e+00    	-4.39999944999982e+00 	 -2.00000000003010e+01   -1.85000000000000e+01 	-2.00000000000000e+03	 2.32340115741887e-05	0.00000000000000e+00		2.00000024999998e+03
4.50000000000000e+00    	-4.49999943749981e+00 	 -1.99999999990732e+01   -1.85000000000000e+01 	-2.00000000000000e+03	 2.57598334195559e-05	0.00000000000000e+00		2.00000024999998e+03
4.60000000000000e+00    	-4.59999942499980e+00 	 -1.99999999977388e+01   -1.85000000000000e+01 	-2.00000000000000e+03	 2.74606823791993e-05	0.00000000000000e+00		2.00000024999998e+03
4.70000000000000e+00    	-4.69999941249979e+00 	 -1.99999999963439e+01   -1.85000000000000e+01 	-2.00000000000000e+03	 2.81521024048450e-05	0.00000000000000e+00		2.00000024999998e+03
4.80000000000000e+00    	-4.79999939999978e+00 	 -1.99999999949431e+01   -1.85000000000000e+01 	-2.00000000000000e+03	 2.76779487788663e-05	0.00000000000000e+00		2.00000024999998e+03
4.90000000000000e+00    	-4.89999938749976e+00 	 -1.99999999935975e+01   -1.85000000000000e+01 	-2.00000000000000e+03	 2.59214970139277e-05	0.00000000000000e+00		2.00000024999998e+03
5.00000000000000e+00    	-4.99999937499975e+00 	 -1.99999999923734e+01   -1.85000000000000e+01 	-2.00000000000000e+03	 2.28156139957472e-05	0.00000000000000e+00		2.00000024999998e+03
5.10000000000000e+00    	-5.09999936249974e+00 	 -1.99999999913387e+01   -1.85000000000000e+01 	-2.00000000000000e+03	 1.83513635755552e-05	0.00000000000000e+00		2.00000024999998e+03
5.20000000000000e+00    	-5.19999934999973e+00 	 -1.99999999905600e+01   -1.85000000000000e+01 	-2.00000000000000e+03	 1.25844497462360e-05	0.00000000000000e+00		2.00000024999998e+03
5.30000000000000e+00    	-5.29999933749972e+00 	 -1.99999999900999e+01   -1.85000000000000e+01 	-2.00000000000000e+03	 5.63896609185667e-06	0.00000000000000e+00		2.00000024999998e+03
5.40000000000000e+00    	-5.39999932499970e+00 	 -1.99999999900126e+01   -1.85000000000000e+01 	-2.00000000000000e+03	 -2.29198074845361e-06	0.00000000000000e+00		2.00000024999998e+03
5.50000000000000e+00    	-5.49999931249969e+00 	 -1.99999999903412e+01   -1.85000000000000e+01 	-2.00000000000000e+03	 -1.09490763662546e-05	0.00000000000000e+00		2.00000024999998e+03
5.60000000000000e+00    	-5.59999929999968e+00 	 -1.99999999911143e+01   -1.85000000000000e+01 	-2.00000000000000e+03	 -2.00131802926067e-05	0.00000000000000e+00		2.00000024999998e+03
5.70000000000000e+00    	-5.69999928749967e+00 	 -1.99999999923432e+01   -1.85000000000000e+01 	-2.00000000000000e+03	 -2.91152576678474e-05	0.00000000000000e+00		2.00000024999998e+03
5.80000000000000e+00    	-5.79999927499966e+00 	 -1.99999999940197e+01   -1.85000000000000e+01 	-2.00000000000000e+03	 -3.78496491685332e-05	0.00000000000000e+00		2.00000024999998e+03
5.90000000000000e+00    	-5.89999926249964e+00 	 -1.99999999961149e+01   -1.85000000000000e+01 	-2.00000000000000e+03	 -4.57902801613196e-05	0.00000000000000e+00		2.00000024999999e+03
6.00000000000000e+00    	-5.99999924999963e+00 	 -1.99999999985784e+01   -1.85000000000000e+01 	-2.00000000000000e+03	 -5.25092303018380e-05	0.00000000000000e+00		2.00000024999999e+03
6.10000000000000e+00    	-6.09999923749962e+00 	 -2.00000000013386e+01   -1.85000000000000e+01 	-2.00000000000000e+03	 -5.75969224565598e-05	0.00000000000000e+00		2.00000024999999e+03
6.20000000000000e+00    	-6.19999922499961e+00 	 -2.00000000043047e+01   -1.85000000000000e+01 	-2.00000000000000e+03	 -6.06830543939377e-05	0.00000000000000e+00		2.00000024999999e+03
6.30000000000000e+00    	-6.29999921249960e+00 	 -2.00000000073684e+01   -1.85000000000000e+01 	-2.00000000000000e+03	 -6.14572968179926e-05	0.00000000000000e+00		2.00000024999999e+03
6.40000000000000e+00    	-6.39999919999958e+00 	 -2.00000000104079e+01   -1.85000000000000e+01 	-2.00000000000000e+03	 -5.96887243101155e-05	0.00000000000000e+00		2.00000024999999e+03
6.50000000000000e+00    	-6.49999918749957e+00 	 -2.00000000132925e+01   -1.85000000000000e+01 	-2.00000000000000e+03	 -5.52429371110969e-05	0.00000000000000e+00		2.00000024999999e+03
6.60000000000000e+00    	-6.59999917499956e+00 	 -2.00000000158871e+01   -1.85000000000000e+01 	-2.00000000000000e+03	 -4.80958747674713e-05	0.00000000000000e+00		2.00000024999999e+03
6.70000000000000e+00    	-6.69999916249955e+00 	 -2.00000000180586e+01   -1.85000000000000e+01 	-2.00000000000000e+03	 -3.83434183652200e-05	0.00000000000000e+00		2.00000024999998e+03
6.80000000000000e+00    	-6.79999914999954e+00 	 -2.00000000196817e+01   -1.85000000000000e+01 	-2.00000000000000e+03	 -2.62060246616596e-05	0.00000000000000e+00		2.00000024999998e+03
6.90000000000000e+00    	-6.89999913749952e+00 	 -2.00000000206451e+01   -1.85000000000000e+01 	-2.00000000000000e+03	 -1.20278285030913e-05	0.00000000000000e+00		2.00000024999998e+03
7.00000000000000e+00    	-6.99999912499951e+00 	 -2.00000000208581e+01   -1.85000000000000e+01 	-2.00000000000000e+03	 3.73011748435069e-06	0.00000000000000e+00		2.00000024999998e+03
7.10000000000000e+00    	-7.09999911249950e+00 	 -2.00000000202552e+01   -1.85000000000000e+01 	-2.00000000000000e+03	 2.05025341367855e-05	0.00000000000000e+00		2.00000024999998e+03
7.20000000000000e+00    	-7.19999909999949e+00 	 -2.00000000188017e+01   -1.85000000000000e+01 	-2.00000000000000e+03	 3.76383244298831e-05	0.00000000000000e+00		2.00000024999998e+03
7.30000000000000e+00    	-7.29999908749947e+00 	 -2.00000000164972e+01   -1.85000000000000e+01 	-2.00000000000000e+03	 5.44241983281381e-05	0.00000000000000e+00		2.00000024999999e+03
7.40000000000000e+00    	-7.39999907499946e+00 	 -2.00000000133776e+01   -1.85000000000000e+01 	-2.00000000000000e+03	 7.01127325098002e-05	0.00000000000000e+00		2.00000024999999e+03
7.50000000000000e+00    	-7.49999906249945e+00 	 -2.00000000095167e+01   -1.85000000000000e+01 	-2.00000000000000e+03	 8.39538254644645e-05	0.00000000000000e+00		2.00000024999999e+03
7.60000000000000e+00    	-7.59999904999944e+00 	 -2.00000000050250e+01   -1.85000000000000e+01 	-2.00000000000000e+03	 9.52282858337430e-05	0.00000000000000e+00		2.00000024999999e+03
7.70000000000000e+00    	-7.69999903749943e+00 	 -2.00000000000476e+01   -1.85000000000000e+01 	-2.00000000000000e+03	 1.03282117469016e-04	0.00000000000000e+00		2.00000024999999e+03
7.80000000000000e+00    	-7.79999902499941e+00 	 -1.99999999947598e+01   -1.85000000000000e+01 	-2.00000000000000e+03	 1.07559949469164e-04	0.00000000000000e+00		2.00000024999999e+03
7.90000000000000e+00    	-7.89999901249940e+00 	 -1.99999999893617e+01   -1.85000000000000e+01 	-2.00000000000000e+03	 1.07636011992983e-04	0.00000000000000e+00		2.00000024999999e+03
8.00000000000000e+00    	-7.99999899999939e+00 	 -1.99999999840708e+01   -1.85000000000000e+01 	-2.00000000000000e+03	 1.03241084640881e-04	0.00000000000000e+00		2.00000024999999e+03
8.10000000000000e+00    	-8.09999898749947e+00 	 -1.99999999791138e+01   -1.85000000000000e+01 	-2.00000000000000e+03	 9.42839460740625e-05	0.00000000000000e+00		2.00000024999999e+03
8.20000000000000e+00    	-8.19999897499954e+00 	 -1.99999999747169e+01   -1.85000000000000e+01 	-2.00000000000000e+03	 8.08660301546968e-05	0.00000000000000e+00		2.00000024999999e+03
8.30000000000000e+00    	-8.29999896249962e+00 	 -1.99999999710966e+01   -1.85000000000000e+01 	-2.00000000000000e+03	 6.32882405058451e-05	0.00000000000000e+00		2.00000024999999e+03
8.40000000000000e+00    	-8.39999894999970e+00 	 -1.99999999684492e+01   -1.85000000000000e+01 	-2.00000000000000e+03	 4.20491836163794e-05	0.00000000000000e+00		2.00000024999998e+03
8.50000000000000e+00    	-8.49999893749977e+00 	 -1.99999999669414e+01   -1.85000000000000e+01 	-2.00000000000000e+03	 1.78344388462624e-05	0.00000000000000e+00		2.00000024999998e+03
8.60000000000000e+00    	-8.59999892499985e+00 	 -1.99999999667013e+01   -1.85000000000000e+01 	-2.00000000000000e+03	 -8.50312269481905e-06	0.00000000000000e+00		2.00000024999998e+03
8.70000000000000e+00    	-8.69999891249993e+00 	 -1.99999999678106e+01   -1.85000000000000e+01 	-2.00000000000000e+03	 -3.59715462652603e-05	0.00000000000000e+00		2.00000024999998e+03
8.80000000000000e+00    	-8.79999890000000e+00 	 -1.99999999702990e+01   -1.85000000000000e+01 	-2.00000000000000e+03	 -6.34756922899816e-05	0.00000000000000e+00		2.00000024999999e+03
8.90000000000000e+00    	-8.89999888750008e+00 	 -1.99999999741395e+01   -1.85000000000000e+01 	-2.00000000000000e+03	 -8.98595966227774e-05	0.00000000000000e+00		2.00000024999999e+03
9.00000000000000e+00    	-8.99999887500016e+00 	 -1.99999999792468e+01   -1.85000000000000e+01 	-2.00000000000000e+03	 -1.13953708606312e-04	0.00000000000000e+00		2.00000024999999e+03
9.10000000000000e+00    	-9.09999886250023e+00 	 -1.99999999854778e+01   -1.85000000000000e+01 	-2.00000000000000e+03	 -1.34625125517556e-04	0.00000000000000e+00		2.00000024999999e+03
9.20000000000000e+00    	-9.19999885000031e+00 	 -1.99999999926348e+01   -1.85000000000000e+01 	-2.00000000000000e+03	 -1.50828717202860e-04	0.00000000000000e+00		2.00000024999999e+03
9.30000000000000e+00    	-9.29999883750039e+00 	 -2.00000000004710e+01   -1.85000000000000e+01 	-2.00000000000000e+03	 -1.61656896464988e-04	0.00000000000000e+00		2.00000024999999e+03
9.40000000000000e+00    	-9.39999882500046e+00 	 -2.00000000086987e+01   -1.85000000000000e+01 	-2.00000000000000e+03	 -1.66385749136323e-04	0.00000000000000e+00		2.00000024999999e+03
9.50000000000000e+00    	-9.49999881250054e+00 	 -2.00000000169994e+01   -1.85000000000000e+01 	-2.00000000000000e+03	 -1.64515298688438e-04	0.00000000000000e+00		2.00000024999999e+03
9.60000000000000e+00    	-9.59999880000062e+00 	 -2.00000000250360e+01   -1.85000000000000e+01 	-2.00000000000000e+03	 -1.55801845174369e-04	0.00000000000000e+00		2.00000024999999e+03
9.70000000000000e+00    	-9.69999878750069e+00 	 -2.00000000324660e+01   -1.85000000000000e+01 	-2.00000000000000e+03	 -1.40280583937159e-04	0.00000000000000e+00		2.00000024999999e+03
9.80000000000000e+00    	-9.79999877500077e+00 	 -2.00000000389558e+01   -1.85000000000000e+01 	-2.00000000000000e+03	 -1.18277067695317e-04	0.00000000000000e+00		2.00000024999999e+03
9.90000000000000e+00    	-9.89999876250085e+00 	 -2.00000000441957e+01   -1.85000000000000e+01 	-2.00000000000000e+03	 -9.04065137000068e-05	0.00000000000000e+00		2.00000024999999e+03
1.00000000000000e+01    	-9.99999875000093e+00 	 -2.00000000479134e+01   -1.85000000000000e+01 	-2.00000000000000e+03	 -5.75604587590309e-05	0.00000000000000e+00		2.00000024999999e+03
1.01000000000000e+01    	-1.00999987375010e+01 	 -2.00000000498878e+01   -1.85000000000000e+01 	-2.00000000000000e+03	 -2.08808086392068e-05	0.00000000000000e+00		2.00000024999998e+03
1.02000000000000e+01    	-1.01999987250011e+01 	 -2.00000000499601e+01   -1.85000000000000e+01 	-2.00000000000000e+03	 1.82781083394001e-05	0.00000000000000e+00		2.00000024999998e+03
1.03000000000000e+01    	-1.02999987125012e+01 	 -2.00000000480439e+01   -1.85000000000000e+01 	-2.00000000000000e+03	 5.83983157030378e-05	0.00000000000000e+00		2.00000024999999e+03
1.04000000000000e+01    	-1.03999987000012e+01 	 -2.00000000441313e+01   -1.85000000000000e+01 	-2.00000000000000e+03	 9.78560961393274e-05	0.00000000000000e+00		2.00000024999999e+03
1.05000000000000e+01    	-1.04999986875013e+01 	 -2.00000000382970e+01   -1.85000000000000e+01 	-2.00000000000000e+03	 1.34986865103232e-04	0.00000000000000e+00		2.00000024999999e+03
1.06000000000000e+01    	-1.05999986750014e+01 	 -2.00000000306987e+01   -1.85000000000000e+01 	-2.00000000000000e+03	 1.68154451632901e-04	0.00000000000000e+00		2.00000024999999e+03
1.07000000000000e+01    	-1.06999986625015e+01 	 -2.00000000215734e+01   -1.85000000000000e+01 	-2.00000000000000e+03	 1.95821934362772e-04	0.00000000000000e+00		2.00000024999999e+03
1.08000000000000e+01    	-1.07999986500015e+01 	 -2.00000000112311e+01   -1.85000000000000e+01 	-2.00000000000000e+03	 2.16621004141618e-04	0.00000000000000e+00		2.00000025000000e+03
1.09000000000000e+01    	-1.08999986375016e+01 	 -2.00000000000448e+01   -1.85000000000000e+01 	-2.00000000000000e+03	 2.29416776377776e-04	0.00000000000000e+00		2.00000025000000e+03
1.10000000000000e+01    	-1.09999986250017e+01 	 -1.99999999884371e+01   -1.85000000000000e+01 	-2.00000000000000e+03	 2.33365062895440e-04	0.00000000000000e+00		2.00000025000000e+03
1.11000000000000e+01    	-1.10999986125018e+01 	 -1.99999999768644e+01   -1.85000000000000e+01 	-2.00000000000000e+03	 2.27959335411029e-04	0.00000000000000e+00		2.00000025000000e+03
1.12000000000000e+01    	-1.11999986000018e+01 	 -1.99999999657995e+01   -1.85000000000000e+01 	-2.00000000000000e+03	 2.13064965422719e-04	0.00000000000000e+00		2.00000025000000e+03
1.13000000000000e+01    	-1.12999985875019e+01 	 -1.99999999557120e+01   -1.85000000000000e+01 	-2.00000000000000e+03	 1.88938796903208e-04	0.00000000000000e+00		2.00000024999999e+03
1.14000000000000e+01    	-1.13999985750020e+01 	 -1.99999999470489e+01   -1.85000000000000e+01 	-2.00000000000000e+03	 1.56232681651760e-04	0.00000000000000e+00		2.00000024999999e+03
1.15000000000000e+01    	-1.14999985625021e+01 	 -1.99999999402147e+01   -1.85000000000000e+01 	-2.00000000000000e+03	 1.15980260261833e-04	0.00000000000000e+00		2.00000024999999e+03
1.16000000000000e+01    	-1.15999985500022e+01 	 -1.99999999355537e+01   -1.85000000000000e+01 	-2.00000000000000e+03	 6.95669779669462e-05	0.00000000000000e+00		2.00000024999999e+03
1.17000000000000e+01    	-1.16999985375022e+01 	 -1.99999999333327e+01   -1.85000000000000e+01 	-2.00000000000000e+03	 1.86840544508940e-05	0.00000000000000e+00		2.00000024999998e+03
1.18000000000000e+01    	-1.17999985250023e+01 	 -1.99999999337276e+01   -1.85000000000000e+01 	-2.00000000000000e+03	 -3.47321515177562e-05	0.00000000000000e+00		2.00000024999998e+03
1.19000000000000e+01    	-1.18999985125024e+01 	 -1.99999999368130e+01   -1.85000000000000e+01 	-2.00000000000000e+03	 -8.85732602303263e-05	0.00000000000000e+00		2.00000024999999e+03
1.20000000000000e+01    	-1.19999985000025e+01 	 -1.99999999425554e+01   -1.85000000000000e+01 	-2.00000000000000e+03	 -1.40641739641904e-04	0.00000000000000e+00		2.00000024999999e+03
1.21000000000000e+01    	-1.20999984875025e+01 	 -1.99999999508110e+01   -1.85000000000000e+01 	-2.00000000000000e+03	 -1.88740282826789e-04	0.00000000000000e+00		2.00000024999999e+03
1.22000000000000e+01    	-1.21999984750026e+01 	 -1.99999999613280e+01   -1.85000000000000e+01 	-2.00000000000000e+03	 -2.30764069508462e-04	0.00000000000000e+00		2.00000025000000e+03
1.23000000000000e+01    	-1.22999984625027e+01 	 -1.99999999737539e+01   -1.85000000000000e+01 	-2.00000000000000e+03	 -2.64792050355432e-04	0.00000000000000e+00		2.00000025000000e+03
1.24000000000000e+01    	-1.23999984500028e+01 	 -1.99999999876462e+01   -1.85000000000000e+01 	-2.00000000000000e+03	 -2.89173317533871e-04	0.00000000000000e+00		2.00000025000001e+03
1.25000000000000e+01    	-1.24999984375028e+01 	 -2.00000000024885e+01   -1.85000000000000e+01 	-2.00000000000000e+03	 -3.02604718991150e-04	0.00000000000000e+00		2.00000025000001e+03
1.26000000000000e+01    	-1.25999984250029e+01 	 -2.00000000177091e+01   -1.85000000000000e+01 	-2.00000000000000e+03	 -3.04196137806330e-04	0.00000000000000e+00		2.00000025000001e+03
1.27000000000000e+01    	-1.26999984125030e+01 	 -2.00000000327034e+01   -1.85000000000000e+01 	-2.00000000000000e+03	 -2.93520284800107e-04	0.00000000000000e+00		2.00000025000001e+03
1.28000000000000e+01    	-1.27999984000031e+01 	 -2.00000000468575e+01   -1.85000000000000e+01 	-2.00000000000000e+03	 -2.70644428283558e-04	0.00000000000000e+00		2.00000025000000e+03
1.29000000000000e+01    	-1.28999983875032e+01 	 -2.00000000595738e+01   -1.85000000000000e+01 	-2.00000000000000e+03	 -2.36142188168572e-04	0.00000000000000e+00		2.00000025000000e+03
1.30000000000000e+01    	-1.29999983750032e+01 	 -2.00000000702956e+01   -1.85000000000000e+01 	-2.00000000000000e+03	 -1.91084325356262e-04	0.00000000000000e+00		2.00000024999999e+03
1.31000000000000e+01    	-1.30999983625033e+01 	 -2.00000000785317e+01   -1.85000000000000e+01 	-2.00000000000000e+03	 -1.37008329017343e-04	0.00000000000000e+00		2.00000024999999e+03
1.32000000000000e+01    	-1.31999983500034e+01 	 -2.00000000838785e+01   -1.85000000000000e+01 	-2.00000000000000e+03	 -7.58675077374760e-05	0.00000000000000e+00		2.00000024999999e+03
1.33000000000000e+01    	-1.32999983375035e+01 	 -2.00000000860389e+01   -1.85000000000000e+01 	-2.00000000000000e+03	 -9.96118714789636e-06	0.00000000000000e+00		2.00000024999998e+03
1.34000000000000e+01    	-1.33999983250035e+01 	 -2.00000000848377e+01   -1.85000000000000e+01 	-2.00000000000000e+03	 5.81515326600310e-05	0.00000000000000e+00		2.00000024999999e+03
1.35000000000000e+01    	-1.34999983125036e+01 	 -2.00000000802322e+01   -1.85000000000000e+01 	-2.00000000000000e+03	 1.25751239985463e-04	0.00000000000000e+00		2.00000024999999e+03
1.36000000000000e+01    	-1.35999983000037e+01 	 -2.00000000723173e+01   -1.85000000000000e+01 	-2.00000000000000e+03	 1.90067027406806e-04	0.00000000000000e+00		2.00000024999999e+03
1.37000000000000e+01    	-1.36999982875038e+01 	 -2.00000000613255e+01   -1.85000000000000e+01 	-2.00000000000000e+03	 2.48390296529564e-04	0.00000000000000e+00		2.00000025000000e+03
1.38000000000000e+01    	-1.37999982750038e+01 	 -2.00000000476206e+01   -1.85000000000000e+01 	-2.00000000000000e+03	 2.98188865934784e-04	0.00000000000000e+00		2.00000025000001e+03
1.39000000000000e+01    	-1.38999982625039e+01 	 -2.00000000316864e+01   -1.85000000000000e+01 	-2.00000000000000e+03	 3.37216568640709e-04	0.00000000000000e+00		2.00000025000001e+03
1.40000000000000e+01    	-1.39999982500040e+01 	 -2.00000000141097e+01   -1.85000000000000e+01 	-2.00000000000000e+03	 3.63613600951885e-04	0.00000000000000e+00		2.00000025000002e+03
1.41000000000000e+01    	-1.40999982375041e+01 	 -1.99999999955589e+01   -1.85000000000000e+01 	-2.00000000000000e+03	 3.75993164994210e-04	0.00000000000000e+00		2.00000025000002e+03
1.42000000000000e+01    	-1.41999982250041e+01 	 -1.99999999767584e+01   -1.85000000000000e+01 	-2.00000000000000e+03	 3.73510425140736e-04	0.00000000000000e+00		2.00000025000002e+03
1.43000000000000e+01    	-1.42999982125042e+01 	 -1.99999999584602e+01   -1.85000000000000e+01 	-2.00000000000000e+03	 3.55910457649368e-04	0.00000000000000e+00		2.00000025000002e+03
1.44000000000000e+01    	-1.43999982000043e+01 	 -1.99999999414137e+01   -1.85000000000000e+01 	-2.00000000000000e+03	 3.23552688736067e-04	0.00000000000000e+00		2.00000025000001e+03
1.45000000000000e+01    	-1.44999981875044e+01 	 -1.99999999263350e+01   -1.85000000000000e+01 	-2.00000000000000e+03	 2.77410257288786e-04	0.00000000000000e+00		2.00000025000000e+03
1.46000000000000e+01    	-1.45999981750045e+01 	 -1.99999999138767e+01   -1.85000000000000e+01 	-2.00000000000000e+03	 2.19043766612697e-04	0.00000000000000e+00		2.00000025000000e+03
1.47000000000000e+01    	-1.46999981625045e+01 	 -1.99999999045997e+01   -1.85000000000000e+01 	-2.00000000000000e+03	 1.50549962657600e-04	0.00000000000000e+00		2.00000024999999e+03
1.48000000000000e+01    	-1.47999981500046e+01 	 -1.99999998989481e+01   -1.85000000000000e+01 	-2.00000000000000e+03	 7.44869489732329e-05	0.00000000000000e+00		2.00000024999999e+03
1.49000000000000e+01    	-1.48999981375047e+01 	 -1.99999998972286e+01   -1.85000000000000e+01 	-2.00000000000000e+03	 -6.22142498631129e-06	0.00000000000000e+00		2.00000024999998e+03
1.50000000000000e+01    	-1.49999981250048e+01 	 -1.99999998995948e+01   -1.85000000000000e+01 	-2.00000000000000e+03	 -8.83984304329241e-05	0.00000000000000e+00		2.00000024999999e+03
1.51000000000000e+01    	-1.50999981125048e+01 	 -1.99999999060379e+01   -1.85000000000000e+01 	-2.00000000000000e+03	 -1.68740206954778e-04	0.00000000000000e+00		2.00000024999999e+03
1.52000000000000e+01    	-1.51999981000049e+01 	 -1.99999999163832e+01   -1.85000000000000e+01 	-2.00000000000000e+03	 -2.43949385806311e-04	0.00000000000000e+00		2.00000025000000e+03
1.53000000000000e+01    	-1.52999980875050e+01 	 -1.99999999302945e+01   -1.85000000000000e+01 	-2.00000000000000e+03	 -3.10871151710435e-04	0.00000000000000e+00		2.00000025000001e+03
1.54000000000000e+01    	-1.53999980750051e+01 	 -1.99999999472840e+01   -1.85000000000000e+01 	-2.00000000000000e+03	 -3.66626097268498e-04	0.00000000000000e+00		2.00000025000002e+03
1.55000000000000e+01    	-1.54999980625051e+01 	 -1.99999999667294e+01   -1.85000000000000e+01 	-2.00000000000000e+03	 -4.08734250865788e-04	0.00000000000000e+00		2.00000025000003e+03
1.56000000000000e+01    	-1.55999980500052e+01 	 -1.99999999878968e+01   -1.85000000000000e+01 	-2.00000000000000e+03	 -4.35224924563959e-04	0.00000000000000e+00		2.00000025000003e+03
1.57000000000000e+01    	-1.56999980375053e+01 	 -2.00000000099684e+01   -1.85000000000000e+01 	-2.00000000000000e+03	 -4.44727525835988e-04	0.00000000000000e+00		2.00000025000003e+03
1.58000000000000e+01    	-1.57999980250054e+01 	 -2.00000000320743e+01   -1.85000000000000e+01 	-2.00000000000000e+03	 -4.36539188992482e-04	0.00000000000000e+00		2.00000025000003e+03
1.59000000000000e+01    	-1.58999980125055e+01 	 -2.00000000533271e+01   -1.85000000000000e+01 	-2.00000000000000e+03	 -4.10665982160188e-04	0.00000000000000e+00		2.00000025000003e+03
1.60000000000000e+01    	-1.59999980000055e+01 	 -2.00000000728579e+01   -1.85000000000000e+01 	-2.00000000000000e+03	 -3.67835498564521e-04	0.00000000000000e+00		2.00000025000002e+03
1.61000000000000e+01    	-1.60999979875054e+01 	 -2.00000000898516e+01   -1.85000000000000e+01 	-2.00000000000000e+03	 -3.09479804424467e-04	0.00000000000000e+00		2.00000025000001e+03
1.62000000000000e+01    	-1.61999979750053e+01 	 -2.00000001035816e+01   -1.85000000000000e+01 	-2.00000000000000e+03	 -2.37688942265973e-04	0.00000000000000e+00		2.00000025000000e+03
1.63000000000000e+01    	-1.62999979625052e+01 	 -2.00000001134408e+01   -1.85000000000000e+01 	-2.00000000000000e+03	 -1.55136426858975e-04	0.00000000000000e+00		2.00000024999999e+03
1.64000000000000e+01    	-1.63999979500051e+01 	 -2.00000001189683e+01   -1.85000000000000e+01 	-2.00000000000000e+03	 -6.49793687508516e-05	0.00000000000000e+00		2.00000024999999e+03
1.65000000000000e+01    	-1.64999979375050e+01 	 -2.00000001198706e+01   -1.85000000000000e+01 	-2.00000000000000e+03	 2.92630338182553e-05	0.00000000000000e+00		2.00000024999998e+03
1.66000000000000e+01    	-1.65999979250049e+01 	 -2.00000001160363e+01   -1.85000000000000e+01 	-2.00000000000000e+03	 1.23847928533845e-04	0.00000000000000e+00		2.00000024999999e+03
1.67000000000000e+01    	-1.66999979125048e+01 	 -2.00000001075437e+01   -1.85000000000000e+01 	-2.00000000000000e+03	 2.14958680088539e-04	0.00000000000000e+00		2.00000025000000e+03
1.68000000000000e+01    	-1.67999979000047e+01 	 -2.00000000946607e+01   -1.85000000000000e+01 	-2.00000000000000e+03	 2.98860128119196e-04	0.00000000000000e+00		2.00000025000001e+03
1.69000000000000e+01    	-1.68999978875046e+01 	 -2.00000000778364e+01   -1.85000000000000e+01 	-2.00000000000000e+03	 3.72052865035978e-04	0.00000000000000e+00		2.00000025000002e+03
1.70000000000000e+01    	-1.69999978750045e+01 	 -2.00000000576861e+01   -1.85000000000000e+01 	-2.00000000000000e+03	 4.31420113811885e-04	0.00000000000000e+00		2.00000025000003e+03
1.71000000000000e+01    	-1.70999978625044e+01 	 -2.00000000349685e+01   -1.85000000000000e+01 	-2.00000000000000e+03	 4.74361001884805e-04	0.00000000000000e+00		2.00000025000004e+03
1.72000000000000e+01    	-1.71999978500043e+01 	 -2.00000000105570e+01   -1.85000000000000e+01 	-2.00000000000000e+03	 4.98904507196584e-04	0.00000000000000e+00		2.00000025000005e+03
1.73000000000000e+01    	-1.72999978375042e+01 	 -1.99999999854060e+01   -1.85000000000000e+01 	-2.00000000000000e+03	 5.03799079283151e-04	0.00000000000000e+00		2.00000025000005e+03
1.74000000000000e+01    	-1.73999978250041e+01 	 -1.99999999605129e+01   -1.85000000000000e+01 	-2.00000000000000e+03	 4.88573884761054e-04	0.00000000000000e+00		2.00000025000004e+03
1.75000000000000e+01    	-1.74999978125040e+01 	 -1.99999999368787e+01   -1.85000000000000e+01 	-2.00000000000000e+03	 4.53568755429622e-04	0.00000000000000e+00		2.00000025000004e+03
1.76000000000000e+01    	-1.75999978000039e+01 	 -1.99999999154670e+01   -1.85000000000000e+01 	-2.00000000000000e+03	 3.99931183274156e-04	0.00000000000000e+00		2.00000025000002e+03
1.77000000000000e+01    	-1.76999977875038e+01 	 -1.99999998971645e+01   -1.85000000000000e+01 	-2.00000000000000e+03	 3.29580058090590e-04	0.00000000000000e+00		2.00000025000001e+03
1.78000000000000e+01    	-1.77999977750037e+01 	 -1.99999998827442e+01   -1.85000000000000e+01 	-2.00000000000000e+03	 2.45137224457520e-04	0.00000000000000e+00		2.00000025000000e+03
1.79000000000000e+01    	-1.78999977625036e+01 	 -1.99999998728322e+01   -1.85000000000000e+01 	-2.00000000000000e+03	 1.49829287447381e-04	0.00000000000000e+00		2.00000024999999e+03
1.80000000000000e+01    	-1.79999977500035e+01 	 -1.99999998678807e+01   -1.85000000000000e+01 	-2.00000000000000e+03	 4.73633634988142e-05	0.00000000000000e+00		2.00000024999999e+03
1.81000000000000e+01    	-1.80999977375034e+01 	 -1.99999998681478e+01   -1.85000000000000e+01 	-2.00000000000000e+03	 -5.82183999505261e-05	0.00000000000000e+00		2.00000024999999e+03
1.82000000000000e+01    	-1.81999977250033e+01 	 -1.99999998736842e+01   -1.85000000000000e+01 	-2.00000000000000e+03	 -1.62699774274782e-04	0.00000000000000e+00		2.00000024999999e+03
1.83000000000000e+01    	-1.82999977125032e+01 	 -1.99999998843290e+01   -1.85000000000000e+01 	-2.00000000000000e+03	 -2.61860399265786e-04	0.00000000000000e+00		2.00000025000000e+03
1.84000000000000e+01    	-1.83999977000031e+01 	 -1.99999998997138e+01   -1.85000000000000e+01 	-2.00000000000000e+03	 -3.51647817673125e-04	0.00000000000000e+00		2.00000025000002e+03
1.85000000000000e+01    	-1.84999976875030e+01 	 -1.99999999192753e+01   -1.85000000000000e+01 	-2.00000000000000e+03	 -4.28344518642512e-04	0.00000000000000e+00		2.00000025000003e+03
1.86000000000000e+01    	-1.85999976750029e+01 	 -1.99999999422760e+01   -1.85000000000000e+01 	-2.00000000000000e+03	 -4.88723046550204e-04	0.00000000000000e+00		2.00000025000004e+03
1.87000000000000e+01    	-1.86999976625028e+01 	 -1.99999999678319e+01   -1.85000000000000e+01 	-2.00000000000000e+03	 -5.30182655302846e-04	0.00000000000000e+00		2.00000025000005e+03
1.88000000000000e+01    	-1.87999976500027e+01 	 -1.99999999949474e+01   -1.85000000000000e+01 	-2.00000000000000e+03	 -5.50861687805433e-04	0.00000000000000e+00		2.00000025000006e+03
1.89000000000000e+01    	-1.88999976375026e+01 	 -2.00000000225539e+01   -1.85000000000000e+01 	-2.00000000000000e+03	 -5.49720809353665e-04	0.00000000000000e+00		2.00000025000006e+03
1.90000000000000e+01    	-1.89999976250025e+01 	 -2.00000000495526e+01   -1.85000000000000e+01 	-2.00000000000000e+03	 -5.26593384563536e-04	0.00000000000000e+00		2.00000025000005e+03
1.91000000000000e+01    	-1.90999976125024e+01 	 -2.00000000748584e+01   -1.85000000000000e+01 	-2.00000000000000e+03	 -4.82200613486107e-04	0.00000000000000e+00		2.00000025000004e+03
1.92000000000000e+01    	-1.91999976000023e+01 	 -2.00000000974442e+01   -1.85000000000000e+01 	-2.00000000000000e+03	 -4.18130479626620e-04	0.00000000000000e+00		2.00000025000003e+03
1.93000000000000e+01    	-1.92999975875022e+01 	 -2.00000001163830e+01   -1.85000000000000e+01 	-2.00000000000000e+03	 -3.36781051537979e-04	0.00000000000000e+00		2.00000025000001e+03
1.94000000000000e+01    	-1.93999975750021e+01 	 -2.00000001308860e+01   -1.85000000000000e+01 	-2.00000000000000e+03	 -2.41270158582634e-04	0.00000000000000e+00		2.00000025000000e+03
1.95000000000000e+01    	-1.94999975625020e+01 	 -2.00000001403357e+01   -1.85000000000000e+01 	-2.00000000000000e+03	 -1.35314868505270e-04	0.00000000000000e+00		2.00000024999999e+03
1.96000000000000e+01    	-1.95999975500019e+01 	 -2.00000001443127e+01   -1.85000000000000e+01 	-2.00000000000000e+03	 -2.30854702106878e-05	0.00000000000000e+00		2.00000024999998e+03
1.97000000000000e+01    	-1.96999975375018e+01 	 -2.00000001426139e+01   -1.85000000000000e+01 	-2.00000000000000e+03	 9.09602445888781e-05	0.00000000000000e+00		2.00000024999999e+03
1.98000000000000e+01    	-1.97999975250017e+01 	 -2.00000001352626e+01   -1.85000000000000e+01 	-2.00000000000000e+03	 2.02255749358041e-04	0.00000000000000e+00		2.00000024999999e+03
1.99000000000000e+01    	-1.98999975125016e+01 	 -2.00000001225092e+01   -1.85000000000000e+01 	-2.00000000000000e+03	 3.06310360843886e-04	0.00000000000000e+00		2.00000025000001e+03
2.00000000000000e+01    	-1.99999975000015e+01 	 -2.00000001048230e+01   -1.85000000000000e+01 	-2.00000000000000e+03	 3.98892095943146e-04	0.00000000000000e+00		2.00000025000002e+03
2.01000000000000e+01    	-2.00999974875014e+01 	 -2.00000000828748e+01   -1.85000000000000e+01 	-2.00000000000000e+03	 4.76201294425819e-04	0.00000000000000e+00		2.00000025000004e+03
2.02000000000000e+01    	-2.01999974750013e+01 	 -2.00000000575113e+01   -1.85000000000000e+01 	-2.00000000000000e+03	 5.35027824593185e-04	0.00000000000000e+00		2.00000025000006e+03
2.03000000000000e+01    	-2.02999974625012e+01 	 -2.00000000297220e+01   -1.85000000000000e+01 	-2.00000000000000e+03	 5.72885318555901e-04	0.00000000000000e+00		2.00000025000007e+03
2.04000000000000e+01    	-2.03999974500011e+01 	 -2.00000000006004e+01   -1.85000000000000e+01 	-2.00000000000000e+03	 5.88116788616443e-04	0.00000000000000e+00		2.00000025000007e+03
2.05000000000000e+01    	-2.04999974375010e+01 	 -1.99999999713006e+01   -1.85000000000000e+01 	-2.00000000000000e+03	 5.79967120209688e-04	0.00000000000000e+00		2.00000025000007e+03
2.06000000000000e+01    	-2.05999974250009e+01 	 -1.99999999429909e+01   -1.85000000000000e+01 	-2.00000000000000e+03	 5.48619273600540e-04	0.00000000000000e+00		2.00000025000006e+03
2.07000000000000e+01    	-2.06999974125008e+01 	 -1.99999999168071e+01   -1.85000000000000e+01 	-2.00000000000000e+03	 4.95192501585773e-04	0.00000000000000e+00		2.00000025000005e+03
2.08000000000000e+01    	-2.07999974000007e+01 	 -1.99999998938065e+01   -1.85000000000000e+01 	-2.00000000000000e+03	 4.21702443154507e-04	0.00000000000000e+00		2.00000025000003e+03
2.09000000000000e+01    	-2.08999973875006e+01 	 -1.99999998749244e+01   -1.85000000000000e+01 	-2.00000000000000e+03	 3.30984519330180e-04	0.00000000000000e+00		2.00000025000001e+03
2.10000000000000e+01    	-2.09999973750005e+01 	 -1.99999998609364e+01   -1.85000000000000e+01 	-2.00000000000000e+03	 2.26583572282903e-04	0.00000000000000e+00		2.00000025000000e+03
2.11000000000000e+01    	-2.10999973625004e+01 	 -1.99999998524257e+01   -1.85000000000000e+01 	-2.00000000000000e+03	 1.12614089207037e-04	0.00000000000000e+00		2.00000024999999e+03
2.12000000000000e+01    	-2.11999973500003e+01 	 -1.99999998497592e+01   -1.85000000000000e+01 	-2.00000000000000e+03	 -6.40342012488724e-06	0.00000000000000e+00		2.00000024999998e+03
2.13000000000000e+01    	-2.12999973375002e+01 	 -1.99999998530711e+01   -1.85000000000000e+01 	-2.00000000000000e+03	 -1.25723320355118e-04	0.00000000000000e+00		2.00000024999999e+03
2.14000000000000e+01    	-2.13999973250001e+01 	 -1.99999998622568e+01   -1.85000000000000e+01 	-2.00000000000000e+03	 -2.40565714386811e-04	0.00000000000000e+00		2.00000025000000e+03
2.15000000000000e+01    	-2.14999973125000e+01 	 -1.99999998769758e+01   -1.85000000000000e+01 	-2.00000000000000e+03	 -3.46309528638865e-04	0.00000000000000e+00		2.00000025000001e+03
2.16000000000000e+01    	-2.15999972999999e+01 	 -1.99999998966646e+01   -1.85000000000000e+01 	-2.00000000000000e+03	 -4.38679954016339e-04	0.00000000000000e+00		2.00000025000003e+03
2.17000000000000e+01    	-2.16999972874998e+01 	 -1.99999999205580e+01   -1.85000000000000e+01 	-2.00000000000000e+03	 -5.13922579871915e-04	0.00000000000000e+00		2.00000025000005e+03
2.18000000000000e+01    	-2.17999972749997e+01 	 -1.99999999477195e+01   -1.85000000000000e+01 	-2.00000000000000e+03	 -5.68957077005692e-04	0.00000000000000e+00		2.00000025000007e+03
2.19000000000000e+01    	-2.18999972624996e+01 	 -1.99999999770784e+01   -1.85000000000000e+01 	-2.00000000000000e+03	 -6.01504099721543e-04	0.00000000000000e+00		2.00000025000007e+03
2.20000000000000e+01    	-2.19999972499995e+01 	 -2.00000000074716e+01   -1.85000000000000e+01 	-2.00000000000000e+03	 -6.10180153191078e-04	0.00000000000000e+00		2.00000025000008e+03
2.21000000000000e+01    	-2.20999972374994e+01 	 -2.00000000376908e+01   -1.85000000000000e+01 	-2.00000000000000e+03	 -5.94556467080325e-04	0.00000000000000e+00		2.00000025000007e+03
2.22000000000000e+01    	-2.21999972249993e+01 	 -2.00000000665308e+01   -1.85000000000000e+01 	-2.00000000000000e+03	 -5.55179376523312e-04	0.00000000000000e+00		2.00000025000006e+03
2.23000000000000e+01    	-2.22999972124992e+01 	 -2.00000000928374e+01   -1.85000000000000e+01 	-2.00000000000000e+03	 -4.93551277250842e-04	0.00000000000000e+00		2.00000025000005e+03
2.24000000000000e+01    	-2.23999971999991e+01 	 -2.00000001155546e+01   -1.85000000000000e+01 	-2.00000000000000e+03	 -4.12072828669718e-04	0.00000000000000e+00		2.00000025000003e+03
2.25000000000000e+01    	-2.24999971874990e+01 	 -2.00000001337669e+01   -1.85000000000000e+01 	-2.00000000000000e+03	 -3.13948660828490e-04	0.00000000000000e+00		2.00000025000001e+03
2.26000000000000e+01    	-2.25999971749989e+01 	 -2.00000001467364e+01   -1.85000000000000e+01 	-2.00000000000000e+03	 -2.03060333378603e-04	0.00000000000000e+00		2.00000024999999e+03
2.27000000000000e+01    	-2.26999971624988e+01 	 -2.00000001539334e+01   -1.85000000000000e+01 	-2.00000000000000e+03	 -8.38116354992124e-05	0.00000000000000e+00		2.00000024999999e+03
2.28000000000000e+01    	-2.27999971499987e+01 	 -2.00000001550573e+01   -1.85000000000000e+01 	-2.00000000000000e+03	 3.90475500584094e-05	0.00000000000000e+00		2.00000024999998e+03
2.29000000000000e+01    	-2.28999971374986e+01 	 -2.00000001500502e+01   -1.85000000000000e+01 	-2.00000000000000e+03	 1.60611714565100e-04	0.00000000000000e+00		2.00000024999999e+03
2.30000000000000e+01    	-2.29999971249985e+01 	 -2.00000001390990e+01   -1.85000000000000e+01 	-2.00000000000000e+03	 2.76016826781075e-04	0.00000000000000e+00		2.00000025000000e+03
2.31000000000000e+01    	-2.30999971124984e+01 	 -2.00000001226286e+01   -1.85000000000000e+01 	-2.00000000000000e+03	 3.80636098719634e-04	0.00000000000000e+00		2.00000025000002e+03
2.32000000000000e+01    	-2.31999970999983e+01 	 -2.00000001012855e+01   -1.85000000000000e+01 	-2.00000000000000e+03	 4.70266487428698e-04	0.00000000000000e+00		2.00000025000004e+03
2.33000000000000e+01    	-2.32999970874982e+01 	 -2.00000000759123e+01   -1.85000000000000e+01 	-2.00000000000000e+03	 5.41298376830269e-04	0.00000000000000e+00		2.00000025000006e+03
2.34000000000000e+01    	-2.33999970749981e+01 	 -2.00000000475140e+01   -1.85000000000000e+01 	-2.00000000000000e+03	 5.90861561936372e-04	0.00000000000000e+00		2.00000025000007e+03
2.35000000000000e+01    	-2.34999970624980e+01 	 -2.00000000172180e+01   -1.85000000000000e+01 	-2.00000000000000e+03	 6.16941615668968e-04	0.00000000000000e+00		2.00000025000008e+03
2.36000000000000e+01    	-2.35999970499979e+01 	 -1.99999999862297e+01   -1.85000000000000e+01 	-2.00000000000000e+03	 6.18461917177516e-04	0.00000000000000e+00		2.00000025000008e+03
2.37000000000000e+01    	-2.36999970374978e+01 	 -1.99999999557833e+01   -1.85000000000000e+01 	-2.00000000000000e+03	 5.95328010398685e-04	0.00000000000000e+00		2.00000025000007e+03
2.38000000000000e+01    	-2.37999970249977e+01 	 -1.99999999270935e+01   -1.85000000000000e+01 	-2.00000000000000e+03	 5.48432486024990e-04	0.00000000000000e+00		2.00000025000006e+03
2.39000000000000e+01    	-2.38999970124976e+01 	 -1.99999999013058e+01   -1.85000000000000e+01 	-2.00000000000000e+03	 4.79620176640307e-04	0.00000000000000e+00		2.00000025000004e+03
2.40000000000000e+01    	-2.39999969999975e+01 	 -1.99999998794517e+01   -1.85000000000000e+01 	-2.00000000000000e+03	 3.91615058446161e-04	0.00000000000000e+00		2.00000025000002e+03
2.41000000000000e+01    	-2.40999969874974e+01 	 -1.99999998624063e+01   -1.85000000000000e+01 	-2.00000000000000e+03	 2.87911798603684e-04	0.00000000000000e+00		2.00000025000001e+03
2.42000000000000e+01    	-2.41999969749973e+01 	 -1.99999998508537e+01   -1.85000000000000e+01 	-2.00000000000000e+03	 1.72636311979592e-04	0.00000000000000e+00		2.00000024999999e+03
2.43000000000000e+01    	-2.42999969624972e+01 	 -1.99999998452592e+01   -1.85000000000000e+01 	-2.00000000000000e+03	 5.03809375213545e-05	0.00000000000000e+00		2.00000024999999e+03
2.44000000000000e+01    	-2.43999969499971e+01 	 -1.99999998458507e+01   -1.85000000000000e+01 	-2.00000000000000e+03	 -7.39791375692681e-05	0.00000000000000e+00		2.00000024999999e+03
2.45000000000000e+01    	-2.44999969374970e+01 	 -1.99999998526094e+01   -1.85000000000000e+01 	-2.00000000000000e+03	 -1.95480828929735e-04	0.00000000000000e+00		2.00000024999999e+03
2.46000000000000e+01    	-2.45999969249969e+01 	 -1.99999998652701e+01   -1.85000000000000e+01 	-2.00000000000000e+03	 -3.09271654400397e-04	0.00000000000000e+00		2.00000025000001e+03
2.47000000000000e+01    	-2.46999969124968e+01 	 -1.99999998833320e+01   -1.85000000000000e+01 	-2.00000000000000e+03	 -4.10803820809711e-04	0.00000000000000e+00		2.00000025000003e+03
2.48000000000000e+01    	-2.47999968999967e+01 	 -1.99999999060781e+01   -1.85000000000000e+01 	-2.00000000000000e+03	 -4.96016124043497e-04	0.00000000000000e+00		2.00000025000005e+03
2.49000000000000e+01    	-2.48999968874966e+01 	 -1.99999999326043e+01   -1.85000000000000e+01 	-2.00000000000000e+03	 -5.61496387055007e-04	0.00000000000000e+00		2.00000025000006e+03
2.50000000000000e+01    	-2.49999968749965e+01 	 -1.99999999618546e+01   -1.85000000000000e+01 	-2.00000000000000e+03	 -6.04617950356763e-04	0.00000000000000e+00		2.00000025000008e+03
2.51000000000000e+01    	-2.50999968624964e+01 	 -1.99999999926640e+01   -1.85000000000000e+01 	-2.00000000000000e+03	 -6.23644773936635e-04	0.00000000000000e+00		2.00000025000008e+03
2.52000000000000e+01    	-2.51999968499963e+01 	 -2.00000000238041e+01   -1.85000000000000e+01 	-2.00000000000000e+03	 -6.17801045334018e-04	0.00000000000000e+00		2.00000025000008e+03
2.53000000000000e+01    	-2.52999968374962e+01 	 -2.00000000540326e+01   -1.85000000000000e+01 	-2.00000000000000e+03	 -5.87302896193444e-04	0.00000000000000e+00		2.00000025000007e+03
2.54000000000000e+01    	-2.53999968249961e+01 	 -2.00000000821429e+01   -1.85000000000000e+01 	-2.00000000000000e+03	 -5.33350795247607e-04	0.00000000000000e+00		2.00000025000006e+03
2.55000000000000e+01    	-2.54999968124960e+01 	 -2.00000001070119e+01   -1.85000000000000e+01 	-2.00000000000000e+03	 -4.58082603031622e-04	0.00000000000000e+00		2.00000025000004e+03
2.56000000000000e+01    	-2.55999967999958e+01 	 -2.00000001276453e+01   -1.85000000000000e+01 	-2.00000000000000e+03	 -3.64489069216514e-04	0.00000000000000e+00		2.00000025000002e+03
2.57000000000000e+01    	-2.56999967874957e+01 	 -2.00000001432172e+01   -1.85000000000000e+01 	-2.00000000000000e+03	 -2.56295081410412e-04	0.00000000000000e+00		2.00000025000000e+03
2.58000000000000e+01    	-2.57999967749956e+01 	 -2.00000001531031e+01   -1.85000000000000e+01 	-2.00000000000000e+03	 -1.37811358574115e-04	0.00000000000000e+00		2.00000024999999e+03
2.59000000000000e+01    	-2.58999967624955e+01 	 -2.00000001569054e+01   -1.85000000000000e+01 	-2.00000000000000e+03	 -1.37624825371253e-05	0.00000000000000e+00		2.00000024999998e+03
2.60000000000000e+01    	-2.59999967499954e+01 	 -2.00000001544690e+01   -1.85000000000000e+01 	-2.00000000000000e+03	 1.10901871951074e-04	0.00000000000000e+00		2.00000024999999e+03
2.61000000000000e+01    	-2.60999967374953e+01 	 -2.00000001458880e+01   -1.85000000000000e+01 	-2.00000000000000e+03	 2.31204954871077e-04	0.00000000000000e+00		2.00000025000000e+03
2.62000000000000e+01    	-2.61999967249952e+01 	 -2.00000001315015e+01   -1.85000000000000e+01 	-2.00000000000000e+03	 3.42342262005336e-04	0.00000000000000e+00		2.00000025000001e+03
2.63000000000000e+01    	-2.62999967124951e+01 	 -2.00000001118808e+01   -1.85000000000000e+01 	-2.00000000000000e+03	 4.39874144514250e-04	0.00000000000000e+00		2.00000025000003e+03
2.64000000000000e+01    	-2.63999966999950e+01 	 -2.00000000878062e+01   -1.85000000000000e+01 	-2.00000000000000e+03	 5.19903945622062e-04	0.00000000000000e+00		2.00000025000005e+03
2.65000000000000e+01    	-2.64999966874949e+01 	 -2.00000000602359e+01   -1.85000000000000e+01 	-2.00000000000000e+03	 5.79234471385714e-04	0.00000000000000e+00		2.00000025000007e+03
2.66000000000000e+01    	-2.65999966749948e+01 	 -2.00000000302677e+01   -1.85000000000000e+01 	-2.00000000000000e+03	 6.15496464036734e-04	0.00000000000000e+00		2.00000025000008e+03
2.67000000000000e+01    	-2.66999966624947e+01 	 -1.99999999990953e+01   -1.85000000000000e+01 	-2.00000000000000e+03	 6.27243866722495e-04	0.00000000000000e+00		2.00000025000008e+03
2.68000000000000e+01    	-2.67999966499946e+01 	 -1.99999999679602e+01   -1.85000000000000e+01 	-2.00000000000000e+03	 6.14012003133688e-04	0.00000000000000e+00		2.00000025000008e+03
2.69000000000000e+01    	-2.68999966374945e+01 	 -1.99999999381021e+01   -1.85000000000000e+01 	-2.00000000000000e+03	 5.76336290473248e-04	0.00000000000000e+00		2.00000025000007e+03
2.70000000000000e+01    	-2.69999966249944e+01 	 -1.99999999107093e+01   -1.85000000000000e+01 	-2.00000000000000e+03	 5.15730699187512e-04	0.00000000000000e+00		2.00000025000005e+03
2.71000000000000e+01    	-2.70999966124943e+01 	 -1.99999998868712e+01   -1.85000000000000e+01 	-2.00000000000000e+03	 4.34626802920480e-04	0.00000000000000e+00		2.00000025000003e+03
2.72000000000000e+01    	-2.71999965999942e+01 	 -1.99999998675345e+01   -1.85000000000000e+01 	-2.00000000000000e+03	 3.36275860759764e-04	0.00000000000000e+00		2.00000025000001e+03
2.73000000000000e+01    	-2.72999965874941e+01 	 -1.99999998534656e+01   -1.85000000000000e+01 	-2.00000000000000e+03	 2.24617875636310e-04	0.00000000000000e+00		2.00000025000000e+03
2.74000000000000e+01    	-2.73999965749940e+01 	 -1.99999998452201e+01   -1.85000000000000e+01 	-2.00000000000000e+03	 1.04122916048864e-04	0.00000000000000e+00		2.00000024999999e+03
2.75000000000000e+01    	-2.74999965624939e+01 	 -1.99999998431204e+01   -1.85000000000000e+01 	-2.00000000000000e+03	 -2.03888821509392e-05	0.00000000000000e+00		2.00000024999998e+03
2.76000000000000e+01    	-2.75999965499938e+01 	 -1.99999998472430e+01   -1.85000000000000e+01 	-2.00000000000000e+03	 -1.43941348125340e-04	0.00000000000000e+00		2.00000024999999e+03
2.77000000000000e+01    	-2.76999965374937e+01 	 -1.99999998574162e+01   -1.85000000000000e+01 	-2.00000000000000e+03	 -2.61602484022581e-04	0.00000000000000e+00		2.00000025000000e+03
2.78000000000000e+01    	-2.77999965249936e+01 	 -1.99999998732267e+01   -1.85000000000000e+01 	-2.00000000000000e+03	 -3.68682737775983e-04	0.00000000000000e+00		2.00000025000002e+03
2.79000000000000e+01    	-2.78999965124935e+01 	 -1.99999998940368e+01   -1.85000000000000e+01 	-2.00000000000000e+03	 -4.60923308748251e-04	0.00000000000000e+00		2.00000025000004e+03
2.80000000000000e+01    	-2.79999964999934e+01 	 -1.99999999190103e+01   -1.85000000000000e+01 	-2.00000000000000e+03	 -5.34666861187294e-04	0.00000000000000e+00		2.00000025000006e+03
2.81000000000000e+01    	-2.80999964874933e+01 	 -1.99999999471462e+01   -1.85000000000000e+01 	-2.00000000000000e+03	 -5.87003739328299e-04	0.00000000000000e+00		2.00000025000007e+03
2.82000000000000e+01    	-2.81999964749932e+01 	 -1.99999999773192e+01   -1.85000000000000e+01 	-2.00000000000000e+03	 -6.15887779125430e-04	0.00000000000000e+00		2.00000025000008e+03
2.83000000000000e+01    	-2.82999964624931e+01 	 -2.00000000083252e+01   -1.85000000000000e+01 	-2.00000000000000e+03	 -6.20217054320747e-04	0.00000000000000e+00		2.00000025000008e+03
2.84000000000000e+01    	-2.83999964499930e+01 	 -2.00000000389292e+01   -1.85000000000000e+01 	-2.00000000000000e+03	 -5.99876327487604e-04	0.00000000000000e+00		2.00000025000007e+03
2.85000000000000e+01    	-2.84999964374929e+01 	 -2.00000000679156e+01   -1.85000000000000e+01 	-2.00000000000000e+03	 -5.55739541201073e-04	0.00000000000000e+00		2.00000025000006e+03
2.86000000000000e+01    	-2.85999964249928e+01 	 -2.00000000941365e+01   -1.85000000000000e+01 	-2.00000000000000e+03	 -4.89632315928008e-04	0.00000000000000e+00		2.00000025000004e+03
2.87000000000000e+01    	-2.86999964124927e+01 	 -2.00000001165573e+01   -1.85000000000000e+01 	-2.00000000000000e+03	 -4.04256052512654e-04	0.00000000000000e+00		2.00000025000003e+03
2.88000000000000e+01    	-2.87999963999926e+01 	 -2.00000001342983e+01   -1.85000000000000e+01 	-2.00000000000000e+03	 -3.03076801120715e-04	0.00000000000000e+00		2.00000025000001e+03
2.89000000000000e+01    	-2.88999963874925e+01 	 -2.00000001466695e+01   -1.85000000000000e+01 	-2.00000000000000e+03	 -1.90183490659899e-04	0.00000000000000e+00		2.00000024999999e+03
2.90000000000000e+01    	-2.89999963749924e+01 	 -2.00000001531971e+01   -1.85000000000000e+01 	-2.00000000000000e+03	 -7.01213542891305e-05	0.00000000000000e+00		2.00000024999999e+03
2.91000000000000e+01    	-2.90999963624923e+01 	 -2.00000001536424e+01   -1.85000000000000e+01 	-2.00000000000000e+03	 5.22926134606969e-05	0.00000000000000e+00		2.00000024999999e+03
2.92000000000000e+01    	-2.91999963499922e+01 	 -2.00000001480102e+01   -1.85000000000000e+01 	-2.00000000000000e+03	 1.72164614845108e-04	0.00000000000000e+00		2.00000024999999e+03
2.93000000000000e+01    	-2.92999963374921e+01 	 -2.00000001365480e+01   -1.85000000000000e+01 	-2.00000000000000e+03	 2.84721463548214e-04	0.00000000000000e+00		2.00000025000000e+03
2.94000000000000e+01    	-2.93999963249920e+01 	 -2.00000001197346e+01   -1.85000000000000e+01 	-2.00000000000000e+03	 3.85502418867238e-04	0.00000000000000e+00		2.00000025000002e+03
2.95000000000000e+01    	-2.94999963124919e+01 	 -2.00000000982606e+01   -1.85000000000000e+01 	-2.00000000000000e+03	 4.70537654841396e-04	0.00000000000000e+00		2.00000025000004e+03
2.96000000000000e+01    	-2.95999962999918e+01 	 -2.00000000729991e+01   -1.85000000000000e+01 	-2.00000000000000e+03	 5.36506151229417e-04	0.00000000000000e+00		2.00000025000006e+03
2.97000000000000e+01    	-2.96999962874917e+01 	 -2.00000000449706e+01   -1.85000000000000e+01 	-2.00000000000000e+03	 5.80866659463594e-04	0.00000000000000e+00		2.00000025000007e+03
2.98000000000000e+01    	-2.97999962749916e+01 	 -2.00000000153008e+01   -1.85000000000000e+01 	-2.00000000000000e+03	 6.01956521084087e-04	0.00000000000000e+00		2.00000025000007e+03
2.99000000000000e+01    	-2.98999962624915e+01 	 -1.99999999851754e+01   -1.85000000000000e+01 	-2.00000000000000e+03	 5.99054451546688e-04	0.00000000000000e+00		2.00000025000007e+03
3.00000000000000e+01    	-2.99999962499914e+01 	 -1.99999999557917e+01   -1.85000000000000e+01 	-2.00000000000000e+03	 5.72404892611299e-04	0.00000000000000e+00		2.00000025000007e+03
3.01000000000000e+01    	-3.00999962374913e+01 	 -1.99999999283112e+01   -1.85000000000000e+01 	-2.00000000000000e+03	 5.23203119795748e-04	0.00000000000000e+00		2.00000025000005e+03
3.02000000000000e+01    	-3.01999962249912e+01 	 -1.99999999038128e+01   -1.85000000000000e+01 	-2.00000000000000e+03	 4.53541901707742e-04	0.00000000000000e+00		2.00000025000004e+03
3.03000000000000e+01    	-3.02999962124911e+01 	 -1.99999998832501e+01   -1.85000000000000e+01 	-2.00000000000000e+03	 3.66322078636290e-04	0.00000000000000e+00		2.00000025000002e+03
3.04000000000000e+01    	-3.03999961999910e+01 	 -1.99999998674138e+01   -1.85000000000000e+01 	-2.00000000000000e+03	 2.65130893889336e-04	0.00000000000000e+00		2.00000025000000e+03
3.05000000000000e+01    	-3.04999961874909e+01 	 -1.99999998569013e+01   -1.85000000000000e+01 	-2.00000000000000e+03	 1.54093212639165e-04	0.00000000000000e+00		2.00000024999999e+03
3.06000000000000e+01    	-3.05999961749908e+01 	 -1.99999998520938e+01   -1.85000000000000e+01 	-2.00000000000000e+03	 3.77018463845796e-05	0.00000000000000e+00		2.00000024999998e+03
3.07000000000000e+01    	-3.06999961624907e+01 	 -1.99999998531424e+01   -1.85000000000000e+01 	-2.00000000000000e+03	 -7.93659773182289e-05	0.00000000000000e+00		2.00000024999999e+03
3.08000000000000e+01    	-3.07999961499906e+01 	 -1.99999998599637e+01   -1.85000000000000e+01 	-2.00000000000000e+03	 -1.92438433135866e-04	0.00000000000000e+00		2.00000024999999e+03
3.09000000000000e+01    	-3.08999961374905e+01 	 -1.99999998722448e+01   -1.85000000000000e+01 	-2.00000000000000e+03	 -2.97037425413478e-04	0.00000000000000e+00		2.00000025000001e+03
3.10000000000000e+01    	-3.09999961249904e+01 	 -1.99999998894575e+01   -1.85000000000000e+01 	-2.00000000000000e+03	 -3.89057755615945e-04	0.00000000000000e+00		2.00000025000002e+03
3.11000000000000e+01    	-3.10999961124903e+01 	 -1.99999999108811e+01   -1.85000000000000e+01 	-2.00000000000000e+03	 -4.64929885974399e-04	0.00000000000000e+00		2.00000025000004e+03
3.12000000000000e+01    	-3.11999960999902e+01 	 -1.99999999356327e+01   -1.85000000000000e+01 	-2.00000000000000e+03	 -5.21759776903422e-04	0.00000000000000e+00		2.00000025000005e+03
3.13000000000000e+01    	-3.12999960874901e+01 	 -1.99999999627040e+01   -1.85000000000000e+01 	-2.00000000000000e+03	 -5.57440261501494e-04	0.00000000000000e+00		2.00000025000006e+03
3.14000000000000e+01    	-3.13999960749900e+01 	 -1.99999999910030e+01   -1.85000000000000e+01 	-2.00000000000000e+03	 -5.70729627950699e-04	0.00000000000000e+00		2.00000025000007e+03
3.15000000000000e+01    	-3.14999960624899e+01 	 -2.00000000193977e+01   -1.85000000000000e+01 	-2.00000000000000e+03	 -5.61294458351947e-04	0.00000000000000e+00		2.00000025000006e+03
3.16000000000000e+01    	-3.15999960499898e+01 	 -2.00000000467628e+01   -1.85000000000000e+01 	-2.00000000000000e+03	 -5.29715262076329e-04	0.00000000000000e+00		2.00000025000005e+03
3.17000000000000e+01    	-3.16999960374897e+01 	 -2.00000000720241e+01   -1.85000000000000e+01 	-2.00000000000000e+03	 -4.77454980485067e-04	0.00000000000000e+00		2.00000025000004e+03
3.18000000000000e+01    	-3.17999960249896e+01 	 -2.00000000942012e+01   -1.85000000000000e+01 	-2.00000000000000e+03	 -4.06791963614275e-04	0.00000000000000e+00		2.00000025000003e+03
3.19000000000000e+01    	-3.18999960124895e+01 	 -2.00000001124461e+01   -1.85000000000000e+01 	-2.00000000000000e+03	 -3.20720464912183e-04	0.00000000000000e+00		2.00000025000001e+03
3.20000000000000e+01    	-3.19999959999894e+01 	 -2.00000001260759e+01   -1.85000000000000e+01 	-2.00000000000000e+03	 -2.22823007937086e-04	0.00000000000000e+00		2.00000025000000e+03
3.21000000000000e+01    	-3.20999959874893e+01 	 -2.00000001345982e+01   -1.85000000000000e+01 	-2.00000000000000e+03	 -1.17120095811842e-04	0.00000000000000e+00		2.00000024999999e+03
3.22000000000000e+01    	-3.21999959749892e+01 	 -2.00000001377293e+01   -1.85000000000000e+01 	-2.00000000000000e+03	 -7.90361547293617e-06	0.00000000000000e+00		2.00000024999998e+03
3.23000000000000e+01    	-3.22999959624891e+01 	 -2.00000001354032e+01   -1.85000000000000e+01 	-2.00000000000000e+03	 1.00439100886881e-04	0.00000000000000e+00		2.00000024999999e+03
3.24000000000000e+01    	-3.23999959499890e+01 	 -2.00000001277719e+01   -1.85000000000000e+01 	-2.00000000000000e+03	 2.03603277069416e-04	0.00000000000000e+00		2.00000024999999e+03
3.25000000000000e+01    	-3.24999959374889e+01 	 -2.00000001151969e+01   -1.85000000000000e+01 	-2.00000000000000e+03	 2.97539463867601e-04	0.00000000000000e+00		2.00000025000001e+03
3.26000000000000e+01    	-3.25999959249888e+01 	 -2.00000000982326e+01   -1.85000000000000e+01 	-2.00000000000000e+03	 3.78614075241206e-04	0.00000000000000e+00		2.00000025000002e+03
3.27000000000000e+01    	-3.26999959124887e+01 	 -2.00000000776015e+01   -1.85000000000000e+01 	-2.00000000000000e+03	 4.43751260549525e-04	0.00000000000000e+00		2.00000025000003e+03
3.28000000000000e+01    	-3.27999958999886e+01 	 -2.00000000541635e+01   -1.85000000000000e+01 	-2.00000000000000e+03	 4.90550519485361e-04	0.00000000000000e+00		2.00000025000004e+03
3.29000000000000e+01    	-3.28999958874885e+01 	 -2.00000000288798e+01   -1.85000000000000e+01 	-2.00000000000000e+03	 5.17375524643661e-04	0.00000000000000e+00		2.00000025000005e+03
3.30000000000000e+01    	-3.29999958749884e+01 	 -2.00000000027729e+01   -1.85000000000000e+01 	-2.00000000000000e+03	 5.23410851636028e-04	0.00000000000000e+00		2.00000025000005e+03
3.31000000000000e+01    	-3.30999958624883e+01 	 -1.99999999768852e+01   -1.85000000000000e+01 	-2.00000000000000e+03	 5.08684674670066e-04	0.00000000000000e+00		2.00000025000005e+03
3.32000000000000e+01    	-3.31999958499882e+01 	 -1.99999999522366e+01   -1.85000000000000e+01 	-2.00000000000000e+03	 4.74056908772336e-04	0.00000000000000e+00		2.00000025000004e+03
3.33000000000000e+01    	-3.32999958374881e+01 	 -1.99999999297842e+01   -1.85000000000000e+01 	-2.00000000000000e+03	 4.21173708388892e-04	0.00000000000000e+00		2.00000025000003e+03
3.34000000000000e+01    	-3.33999958249880e+01 	 -1.99999999103845e+01   -1.85000000000000e+01 	-2.00000000000000e+03	 3.52390606200037e-04	0.00000000000000e+00		2.00000025000002e+03
3.35000000000000e+01    	-3.34999958124879e+01 	 -1.99999998947611e+01   -1.85000000000000e+01 	-2.00000000000000e+03	 2.70667838998783e-04	0.00000000000000e+00		2.00000025000000e+03
3.36000000000000e+01    	-3.35999957999878e+01 	 -1.99999998834763e+01   -1.85000000000000e+01 	-2.00000000000000e+03	 1.79442508169166e-04	0.00000000000000e+00		2.00000024999999e+03
3.37000000000000e+01    	-3.36999957874877e+01 	 -1.99999998769124e+01   -1.85000000000000e+01 	-2.00000000000000e+03	 8.24831163253451e-05	0.00000000000000e+00		2.00000024999999e+03
3.38000000000000e+01    	-3.37999957749876e+01 	 -1.99999998752579e+01   -1.85000000000000e+01 	-2.00000000000000e+03	 -1.62673252266730e-05	0.00000000000000e+00		2.00000024999998e+03
3.39000000000000e+01    	-3.38999957624875e+01 	 -1.99999998785030e+01   -1.85000000000000e+01 	-2.00000000000000e+03	 -1.12853036180194e-04	0.00000000000000e+00		2.00000024999999e+03
3.40000000000000e+01    	-3.39999957499874e+01 	 -1.99999998864434e+01   -1.85000000000000e+01 	-2.00000000000000e+03	 -2.03465362788511e-04	0.00000000000000e+00		2.00000024999999e+03
3.41000000000000e+01    	-3.40999957374873e+01 	 -1.99999998986912e+01   -1.85000000000000e+01 	-2.00000000000000e+03	 -2.84594307931625e-04	0.00000000000000e+00		2.00000025000000e+03
3.42000000000000e+01    	-3.41999957249872e+01 	 -1.99999999146933e+01   -1.85000000000000e+01 	-2.00000000000000e+03	 -3.53165612821436e-04	0.00000000000000e+00		2.00000025000002e+03
3.43000000000000e+01    	-3.42999957124871e+01 	 -1.99999999337561e+01   -1.85000000000000e+01 	-2.00000000000000e+03	 -4.06657992113575e-04	0.00000000000000e+00		2.00000025000003e+03
3.44000000000000e+01    	-3.43999956999870e+01 	 -1.99999999550761e+01   -1.85000000000000e+01 	-2.00000000000000e+03	 -4.43196023498517e-04	0.00000000000000e+00		2.00000025000003e+03
3.45000000000000e+01    	-3.44999956874869e+01 	 -1.99999999777733e+01   -1.85000000000000e+01 	-2.00000000000000e+03	 -4.61615265743063e-04	0.00000000000000e+00		2.00000025000004e+03
3.46000000000000e+01    	-3.45999956749868e+01 	 -2.00000000009283e+01   -1.85000000000000e+01 	-2.00000000000000e+03	 -4.61497378474074e-04	0.00000000000000e+00		2.00000025000004e+03
3.47000000000000e+01    	-3.46999956624867e+01 	 -2.00000000236192e+01   -1.85000000000000e+01 	-2.00000000000000e+03	 -4.43174290685836e-04	0.00000000000000e+00		2.00000025000003e+03
3.48000000000000e+01    	-3.47999956499866e+01 	 -2.00000000449595e+01   -1.85000000000000e+01 	-2.00000000000000e+03	 -4.07701758528128e-04	0.00000000000000e+00		2.00000025000003e+03
3.49000000000000e+01    	-3.48999956374865e+01 	 -2.00000000641320e+01   -1.85000000000000e+01 	-2.00000000000000e+03	 -3.56803911936957e-04	0.00000000000000e+00		2.00000025000002e+03
3.50000000000000e+01    	-3.49999956249864e+01 	 -2.00000000804210e+01   -1.85000000000000e+01 	-2.00000000000000e+03	 -2.92791561926593e-04	0.00000000000000e+00		2.00000025000001e+03
3.51000000000000e+01    	-3.50999956124863e+01 	 -2.00000000932389e+01   -1.85000000000000e+01 	-2.00000000000000e+03	 -2.18458078054906e-04	0.00000000000000e+00		2.00000025000000e+03
3.52000000000000e+01    	-3.51999955999862e+01 	 -2.00000001021473e+01   -1.85000000000000e+01 	-2.00000000000000e+03	 -1.36957507413057e-04	0.00000000000000e+00		2.00000024999999e+03
3.53000000000000e+01    	-3.52999955874861e+01 	 -2.00000001068715e+01   -1.85000000000000e+01 	-2.00000000000000e+03	 -5.16702591203563e-05	0.00000000000000e+00		2.00000024999999e+03
3.54000000000000e+01    	-3.53999955749860e+01 	 -2.00000001073090e+01   -1.85000000000000e+01 	-2.00000000000000e+03	 3.39379020113617e-05	0.00000000000000e+00		2.00000024999998e+03
3.55000000000000e+01    	-3.54999955624859e+01 	 -2.00000001035294e+01   -1.85000000000000e+01 	-2.00000000000000e+03	 1.16457636338840e-04	0.00000000000000e+00		2.00000024999999e+03
3.56000000000000e+01    	-3.55999955499858e+01 	 -2.00000000957685e+01   -1.85000000000000e+01 	-2.00000000000000e+03	 1.92672745170774e-04	0.00000000000000e+00		2.00000024999999e+03
3.57000000000000e+01    	-3.56999955374857e+01 	 -2.00000000844157e+01   -1.85000000000000e+01 	-2.00000000000000e+03	 2.59686301162562e-04	0.00000000000000e+00		2.00000025000000e+03
3.58000000000000e+01    	-3.57999955249856e+01 	 -2.00000000699947e+01   -1.85000000000000e+01 	-2.00000000000000e+03	 3.15031216567255e-04	0.00000000000000e+00		2.00000025000001e+03
3.59000000000000e+01    	-3.58999955124855e+01 	 -2.00000000531398e+01   -1.85000000000000e+01 	-2.00000000000000e+03	 3.56761013798373e-04	0.00000000000000e+00		2.00000025000002e+03
3.60000000000000e+01    	-3.59999954999854e+01 	 -2.00000000345685e+01   -1.85000000000000e+01 	-2.00000000000000e+03	 3.83517466671699e-04	0.00000000000000e+00		2.00000025000002e+03
3.61000000000000e+01    	-3.60999954874853e+01 	 -2.00000000150501e+01   -1.85000000000000e+01 	-2.00000000000000e+03	 3.94572806431459e-04	0.00000000000000e+00		2.00000025000002e+03
3.62000000000000e+01    	-3.61999954749852e+01 	 -1.99999999953746e+01   -1.85000000000000e+01 	-2.00000000000000e+03	 3.89845288554887e-04	0.00000000000000e+00		2.00000025000002e+03
3.63000000000000e+01    	-3.62999954624851e+01 	 -1.99999999763198e+01   -1.85000000000000e+01 	-2.00000000000000e+03	 3.69888046604977e-04	0.00000000000000e+00		2.00000025000002e+03
3.64000000000000e+01    	-3.63999954499850e+01 	 -1.99999999586207e+01   -1.85000000000000e+01 	-2.00000000000000e+03	 3.35852269808209e-04	0.00000000000000e+00		2.00000025000001e+03
3.65000000000000e+01    	-3.64999954374849e+01 	 -1.99999999429413e+01   -1.85000000000000e+01 	-2.00000000000000e+03	 2.89426785265798e-04	0.00000000000000e+00		2.00000025000001e+03
3.66000000000000e+01    	-3.65999954249848e+01 	 -1.99999999298490e+01   -1.85000000000000e+01 	-2.00000000000000e+03	 2.32757060866931e-04	0.00000000000000e+00		2.00000025000000e+03
3.67000000000000e+01    	-3.66999954124847e+01 	 -1.99999999197947e+01   -1.85000000000000e+01 	-2.00000000000000e+03	 1.68347434059036e-04	0.00000000000000e+00		2.00000024999999e+03
3.68000000000000e+01    	-3.67999953999846e+01 	 -1.99999999130975e+01   -1.85000000000000e+01 	-2.00000000000000e+03	 9.89509840797161e-05	0.00000000000000e+00		2.00000024999999e+03
3.69000000000000e+01    	-3.68999953874845e+01 	 -1.99999999099347e+01   -1.85000000000000e+01 	-2.00000000000000e+03	 2.74518792309979e-05	0.00000000000000e+00		2.00000024999998e+03
3.70000000000000e+01    	-3.69999953749844e+01 	 -1.99999999103390e+01   -1.85000000000000e+01 	-2.00000000000000e+03	 -4.32547673104902e-05	0.00000000000000e+00		2.00000024999998e+03
3.71000000000000e+01    	-3.70999953624843e+01 	 -1.99999999142004e+01   -1.85000000000000e+01 	-2.00000000000000e+03	 -1.10380513447191e-04	0.00000000000000e+00		2.00000024999999e+03
3.72000000000000e+01    	-3.71999953499841e+01 	 -1.99999999212744e+01   -1.85000000000000e+01 	-2.00000000000000e+03	 -1.71353880511462e-04	0.00000000000000e+00		2.00000024999999e+03
3.73000000000000e+01    	-3.72999953374840e+01 	 -1.99999999311954e+01   -1.85000000000000e+01 	-2.00000000000000e+03	 -2.23918947290176e-04	0.00000000000000e+00		2.00000025000000e+03
3.74000000000000e+01    	-3.73999953249839e+01 	 -1.99999999434948e+01   -1.85000000000000e+01 	-2.00000000000000e+03	 -2.66218465573184e-04	0.00000000000000e+00		2.00000025000000e+03
3.75000000000000e+01    	-3.74999953124838e+01 	 -1.99999999576226e+01   -1.85000000000000e+01 	-2.00000000000000e+03	 -2.96858456568093e-04	0.00000000000000e+00		2.00000025000001e+03
3.76000000000000e+01    	-3.75999952999837e+01 	 -1.99999999729713e+01   -1.85000000000000e+01 	-2.00000000000000e+03	 -3.14952096884645e-04	0.00000000000000e+00		2.00000025000001e+03
3.77000000000000e+01    	-3.76999952874836e+01 	 -1.99999999889024e+01   -1.85000000000000e+01 	-2.00000000000000e+03	 -3.20141623700115e-04	0.00000000000000e+00		2.00000025000001e+03
3.78000000000000e+01    	-3.77999952749835e+01 	 -2.00000000047729e+01   -1.85000000000000e+01 	-2.00000000000000e+03	 -3.12597939995136e-04	0.00000000000000e+00		2.00000025000001e+03
3.79000000000000e+01    	-3.78999952624834e+01 	 -2.00000000199610e+01   -1.85000000000000e+01 	-2.00000000000000e+03	 -2.92998541516454e-04	0.00000000000000e+00		2.00000025000001e+03
3.80000000000000e+01    	-3.79999952499833e+01 	 -2.00000000338907e+01   -1.85000000000000e+01 	-2.00000000000000e+03	 -2.62485277352556e-04	0.00000000000000e+00		2.00000025000000e+03
3.81000000000000e+01    	-3.80999952374832e+01 	 -2.00000000460533e+01   -1.85000000000000e+01 	-2.00000000000000e+03	 -2.22604259262292e-04	0.00000000000000e+00		2.00000025000000e+03
3.82000000000000e+01    	-3.81999952249831e+01 	 -2.00000000560261e+01   -1.85000000000000e+01 	-2.00000000000000e+03	 -1.75230919056925e-04	0.00000000000000e+00		2.00000024999999e+03
3.83000000000000e+01    	-3.82999952124830e+01 	 -2.00000000634867e+01   -1.85000000000000e+01 	-2.00000000000000e+03	 -1.22483752305500e-04	0.00000000000000e+00		2.00000024999999e+03
3.84000000000000e+01    	-3.83999951999829e+01 	 -2.00000000682227e+01   -1.85000000000000e+01 	-2.00000000000000e+03	 -6.66306612721605e-05	0.00000000000000e+00		2.00000024999999e+03
3.85000000000000e+01    	-3.84999951874828e+01 	 -2.00000000701367e+01   -1.85000000000000e+01 	-2.00000000000000e+03	 -9.99200854043585e-06	0.00000000000000e+00		2.00000024999998e+03
3.86000000000000e+01    	-3.85999951749827e+01 	 -2.00000000692468e+01   -1.85000000000000e+01 	-2.00000000000000e+03	 4.51554884100690e-05	0.00000000000000e+00		2.00000024999998e+03
3.87000000000000e+01    	-3.86999951624826e+01 	 -2.00000000656818e+01   -1.85000000000000e+01 	-2.00000000000000e+03	 9.66700483595179e-05	0.00000000000000e+00		2.00000024999999e+03
3.88000000000000e+01    	-3.87999951499825e+01 	 -2.00000000596726e+01   -1.85000000000000e+01 	-2.00000000000000e+03	 1.42627650980051e-04	0.00000000000000e+00		2.00000024999999e+03
3.89000000000000e+01    	-3.88999951374824e+01 	 -2.00000000515391e+01   -1.85000000000000e+01 	-2.00000000000000e+03	 1.81393209531469e-04	0.00000000000000e+00		2.00000024999999e+03
3.90000000000000e+01    	-3.89999951249823e+01 	 -2.00000000416748e+01   -1.85000000000000e+01 	-2.00000000000000e+03	 2.11677494803014e-04	0.00000000000000e+00		2.00000025000000e+03
3.91000000000000e+01    	-3.90999951124822e+01 	 -2.00000000305280e+01   -1.85000000000000e+01 	-2.00000000000000e+03	 2.32577894808678e-04	0.00000000000000e+00		2.00000025000000e+03
3.92000000000000e+01    	-3.91999950999821e+01 	 -2.00000000185819e+01   -1.85000000000000e+01 	-2.00000000000000e+03	 2.43601837157088e-04	0.00000000000000e+00		2.00000025000000e+03
3.93000000000000e+01    	-3.92999950874820e+01 	 -2.00000000063339e+01   -1.85000000000000e+01 	-2.00000000000000e+03	 2.44672470448855e-04	0.00000000000000e+00		2.00000025000000e+03
3.94000000000000e+01    	-3.93999950749819e+01 	 -1.99999999942753e+01   -1.85000000000000e+01 	-2.00000000000000e+03	 2.36116963856403e-04	0.00000000000000e+00		2.00000025000000e+03
3.95000000000000e+01    	-3.94999950624818e+01 	 -1.99999999828711e+01   -1.85000000000000e+01 	-2.00000000000000e+03	 2.18638507325996e-04	0.00000000000000e+00		2.00000025000000e+03
3.96000000000000e+01    	-3.95999950499817e+01 	 -1.99999999725430e+01   -1.85000000000000e+01 	-2.00000000000000e+03	 1.93273748730548e-04	0.00000000000000e+00		2.00000024999999e+03
3.97000000000000e+01    	-3.96999950374816e+01 	 -1.99999999636534e+01   -1.85000000000000e+01 	-2.00000000000000e+03	 1.61337962643358e-04	0.00000000000000e+00		2.00000024999999e+03
3.98000000000000e+01    	-3.97999950249815e+01 	 -1.99999999564933e+01   -1.85000000000000e+01 	-2.00000000000000e+03	 1.24360687090920e-04	0.00000000000000e+00		2.00000024999999e+03
3.99000000000000e+01    	-3.98999950124814e+01 	 -1.99999999512735e+01   -1.85000000000000e+01 	-2.00000000000000e+03	 8.40148742189070e-05	0.00000000000000e+00		2.00000024999999e+03
4.00000000000000e+01    	-3.99999949999813e+01 	 -1.99999999481190e+01   -1.85000000000000e+01 	-2.00000000000000e+03	 4.20427692199616e-05	0.00000000000000e+00		2.00000024999998e+03
4.01000000000000e+01    	-4.00999949874812e+01 	 -1.99999999470674e+01   -1.85000000000000e+01 	-2.00000000000000e+03	 1.81756237009470e-07	0.00000000000000e+00		2.00000024999998e+03
4.02000000000000e+01    	-4.01999949749811e+01 	 -1.99999999480712e+01   -1.85000000000000e+01 	-2.00000000000000e+03	 -3.99067057591409e-05	0.00000000000000e+00		2.00000024999998e+03
4.03000000000000e+01    	-4.02999949624810e+01 	 -1.99999999510030e+01   -1.85000000000000e+01 	-2.00000000000000e+03	 -7.67021804662625e-05	0.00000000000000e+00		2.00000024999999e+03
4.04000000000000e+01    	-4.03999949499809e+01 	 -1.99999999556643e+01   -1.85000000000000e+01 	-2.00000000000000e+03	 -1.08881870048307e-04	0.00000000000000e+00		2.00000024999999e+03
4.05000000000000e+01    	-4.04999949374808e+01 	 -1.99999999617962e+01   -1.85000000000000e+01 	-2.00000000000000e+03	 -1.35366691386609e-04	0.00000000000000e+00		2.00000024999999e+03
4.06000000000000e+01    	-4.05999949249807e+01 	 -1.99999999690926e+01   -1.85000000000000e+01 	-2.00000000000000e+03	 -1.55355284437749e-04	0.00000000000000e+00		2.00000024999999e+03
4.07000000000000e+01    	-4.06999949124806e+01 	 -1.99999999772149e+01   -1.85000000000000e+01 	-2.00000000000000e+03	 -1.68345000450747e-04	0.00000000000000e+00		2.00000024999999e+03
4.08000000000000e+01    	-4.07999948999805e+01 	 -1.99999999858070e+01   -1.85000000000000e+01 	-2.00000000000000e+03	 -1.74139513573726e-04	0.00000000000000e+00		2.00000024999999e+03
4.09000000000000e+01    	-4.08999948874804e+01 	 -1.99999999945105e+01   -1.85000000000000e+01 	-2.00000000000000e+03	 -1.72843288003726e-04	0.00000000000000e+00		2.00000024999999e+03
4.10000000000000e+01    	-4.09999948749803e+01 	 -2.00000000029794e+01   -1.85000000000000e+01 	-2.00000000000000e+03	 -1.64843688701142e-04	0.00000000000000e+00		2.00000024999999e+03
4.11000000000000e+01    	-4.10999948624802e+01 	 -2.00000000108937e+01   -1.85000000000000e+01 	-2.00000000000000e+03	 -1.50782023553999e-04	0.00000000000000e+00		2.00000024999999e+03
4.12000000000000e+01    	-4.11999948499801e+01 	 -2.00000000179708e+01   -1.85000000000000e+01 	-2.00000000000000e+03	 -1.31515228802498e-04	0.00000000000000e+00		2.00000024999999e+03
4.13000000000000e+01    	-4.12999948374800e+01 	 -2.00000000239755e+01   -1.85000000000000e+01 	-2.00000000000000e+03	 -1.08070241718584e-04	0.00000000000000e+00		2.00000024999999e+03
4.14000000000000e+01    	-4.13999948249799e+01 	 -2.00000000287273e+01   -1.85000000000000e+01 	-2.00000000000000e+03	 -8.15933337859240e-05	0.00000000000000e+00		2.00000024999999e+03
4.15000000000000e+01    	-4.14999948124798e+01 	 -2.00000000321045e+01   -1.85000000000000e+01 	-2.00000000000000e+03	 -5.32967978166097e-05	0.00000000000000e+00		2.00000024999999e+03
4.16000000000000e+01    	-4.15999947999797e+01 	 -2.00000000340471e+01   -1.85000000000000e+01 	-2.00000000000000e+03	 -2.44053925511446e-05	0.00000000000000e+00		2.00000024999998e+03
4.17000000000000e+01    	-4.16999947874796e+01 	 -2.00000000345550e+01   -1.85000000000000e+01 	-2.00000000000000e+03	 3.89514774024701e-06	0.00000000000000e+00		2.00000024999998e+03
4.18000000000000e+01    	-4.17999947749795e+01 	 -2.00000000336858e+01   -1.85000000000000e+01 	-2.00000000000000e+03	 3.05054248006755e-05	0.00000000000000e+00		2.00000024999998e+03
4.19000000000000e+01    	-4.18999947624794e+01 	 -2.00000000315489e+01   -1.85000000000000e+01 	-2.00000000000000e+03	 5.44536737082683e-05	0.00000000000000e+00		2.00000024999999e+03
4.20000000000000e+01    	-4.19999947499793e+01 	 -2.00000000282984e+01   -1.85000000000000e+01 	-2.00000000000000e+03	 7.49295581833735e-05	0.00000000000000e+00		2.00000024999999e+03
4.21000000000000e+01    	-4.20999947374792e+01 	 -2.00000000241244e+01   -1.85000000000000e+01 	-2.00000000000000e+03	 9.13093740859161e-05	0.00000000000000e+00		2.00000024999999e+03
4.22000000000000e+01    	-4.21999947249791e+01 	 -2.00000000192429e+01   -1.85000000000000e+01 	-2.00000000000000e+03	 1.03171999825408e-04	0.00000000000000e+00		2.00000024999999e+03
4.23000000000000e+01    	-4.22999947124790e+01 	 -2.00000000138861e+01   -1.85000000000000e+01 	-2.00000000000000e+03	 1.10305370800692e-04	0.00000000000000e+00		2.00000024999999e+03
4.24000000000000e+01    	-4.23999946999789e+01 	 -2.00000000082914e+01   -1.85000000000000e+01 	-2.00000000000000e+03	 1.12703683091373e-04	0.00000000000000e+00		2.00000024999999e+03
4.25000000000000e+01    	-4.24999946874788e+01 	 -2.00000000026916e+01   -1.85000000000000e+01 	-2.00000000000000e+03	 1.10555930525055e-04	0.00000000000000e+00		2.00000024999999e+03
4.26000000000000e+01    	-4.25999946749787e+01 	 -1.99999999973056e+01   -1.85000000000000e+01 	-2.00000000000000e+03	 1.04226732182757e-04	0.00000000000000e+00		2.00000024999999e+03
4.27000000000000e+01    	-4.26999946624786e+01 	 -1.99999999923301e+01   -1.85000000000000e+01 	-2.00000000000000e+03	 9.42307004323326e-05	0.00000000000000e+00		2.00000024999999e+03
4.28000000000000e+01    	-4.27999946499785e+01 	 -1.99999999879331e+01   -1.85000000000000e+01 	-2.00000000000000e+03	 8.12018220831552e-05	0.00000000000000e+00		2.00000024999999e+03
4.29000000000000e+01    	-4.28999946374784e+01 	 -1.99999999842485e+01   -1.85000000000000e+01 	-2.00000000000000e+03	 6.58594703729195e-05	0.00000000000000e+00		2.00000024999999e+03
4.30000000000000e+01    	-4.29999946249783e+01 	 -1.99999999813729e+01   -1.85000000000000e+01 	-2.00000000000000e+03	 4.89727301713912e-05	0.00000000000000e+00		2.00000024999999e+03
4.31000000000000e+01    	-4.30999946124782e+01 	 -1.99999999793639e+01   -1.85000000000000e+01 	-2.00000000000000e+03	 3.13247039127582e-05	0.00000000000000e+00		2.00000024999998e+03
4.32000000000000e+01    	-4.31999945999781e+01 	 -1.99999999782404e+01   -1.85000000000000e+01 	-2.00000000000000e+03	 1.36783758058734e-05	0.00000000000000e+00		2.00000024999998e+03
4.33000000000000e+01    	-4.32999945874780e+01 	 -1.99999999779841e+01   -1.85000000000000e+01 	-2.00000000000000e+03	 -3.25454535909316e-06	0.00000000000000e+00		2.00000024999998e+03
4.34000000000000e+01    	-4.33999945749779e+01 	 -1.99999999785433e+01   -1.85000000000000e+01 	-2.00000000000000e+03	 -1.88405983989875e-05	0.00000000000000e+00		2.00000024999998e+03
4.35000000000000e+01    	-4.34999945624778e+01 	 -1.99999999798368e+01   -1.85000000000000e+01 	-2.00000000000000e+03	 -3.25464083880377e-05	0.00000000000000e+00		2.00000024999998e+03
4.36000000000000e+01    	-4.35999945499777e+01 	 -1.99999999817596e+01   -1.85000000000000e+01 	-2.00000000000000e+03	 -4.39547308221603e-05	0.00000000000000e+00		2.00000024999998e+03
4.37000000000000e+01    	-4.36999945374776e+01 	 -1.99999999841890e+01   -1.85000000000000e+01 	-2.00000000000000e+03	 -5.27743427205264e-05	0.00000000000000e+00		2.00000024999999e+03
4.38000000000000e+01    	-4.37999945249775e+01 	 -1.99999999869911e+01   -1.85000000000000e+01 	-2.00000000000000e+03	 -5.88437243208060e-05	0.00000000000000e+00		2.00000024999999e+03
4.39000000000000e+01    	-4.38999945124774e+01 	 -1.99999999900269e+01   -1.85000000000000e+01 	-2.00000000000000e+03	 -6.21287629018912e-05	0.00000000000000e+00		2.00000024999999e+03
4.40000000000000e+01    	-4.39999944999773e+01 	 -1.99999999931590e+01   -1.85000000000000e+01 	-2.00000000000000e+03	 -6.27149709862464e-05	0.00000000000000e+00		2.00000024999999e+03
4.41000000000000e+01    	-4.40999944874772e+01 	 -1.99999999962566e+01   -1.85000000000000e+01 	-2.00000000000000e+03	 -6.07949338383868e-05	0.00000000000000e+00		2.00000024999999e+03
4.42000000000000e+01    	-4.41999944749771e+01 	 -1.99999999992014e+01   -1.85000000000000e+01 	-2.00000000000000e+03	 -5.66518772615668e-05	0.00000000000000e+00		2.00000024999999e+03
4.43000000000000e+01    	-4.42999944624770e+01 	 -2.00000000018907e+01   -1.85000000000000e+01 	-2.00000000000000e+03	 -5.06403703674142e-05	0.00000000000000e+00		2.00000024999999e+03
4.44000000000000e+01    	-4.43999944499769e+01 	 -2.00000000042410e+01   -1.85000000000000e+01 	-2.00000000000000e+03	 -4.31652462250111e-05	0.00000000000000e+00		2.00000024999998e+03
4.45000000000000e+01    	-4.44999944374768e+01 	 -2.00000000061900e+01   -1.85000000000000e+01 	-2.00000000000000e+03	 -3.46598359283049e-05	0.00000000000000e+00		2.00000024999998e+03
4.46000000000000e+01    	-4.45999944249767e+01 	 -2.00000000076972e+01   -1.85000000000000e+01 	-2.00000000000000e+03	 -2.55645711916750e-05	0.00000000000000e+00		2.00000024999998e+03
4.47000000000000e+01    	-4.46999944124766e+01 	 -2.00000000087437e+01   -1.85000000000000e+01 	-2.00000000000000e+03	 -1.63069221028051e-05	0.00000000000000e+00		2.00000024999998e+03
4.48000000000000e+01    	-4.47999943999765e+01 	 -2.00000000093317e+01   -1.85000000000000e+01 	-2.00000000000000e+03	 -7.28350723992913e-06	0.00000000000000e+00		2.00000024999998e+03
4.49000000000000e+01    	-4.48999943874764e+01 	 -2.00000000094819e+01   -1.85000000000000e+01 	-2.00000000000000e+03	 1.15494828140001e-06	0.00000000000000e+00		2.00000024999998e+03
4.50000000000000e+01    	-4.49999943749763e+01 	 -2.00000000092309e+01   -1.85000000000000e+01 	-2.00000000000000e+03	 8.71531525091652e-06	0.00000000000000e+00		2.00000024999998e+03
4.51000000000000e+01    	-4.50999943624762e+01 	 -2.00000000086288e+01   -1.85000000000000e+01 	-2.00000000000000e+03	 1.51701276277378e-05	0.00000000000000e+00		2.00000024999998e+03
4.52000000000000e+01    	-4.51999943499761e+01 	 -2.00000000077350e+01   -1.85000000000000e+01 	-2.00000000000000e+03	 2.03619163328984e-05	0.00000000000000e+00		2.00000024999998e+03
4.53000000000000e+01    	-4.52999943374760e+01 	 -2.00000000066151e+01   -1.85000000000000e+01 	-2.00000000000000e+03	 2.42039001966049e-05	0.00000000000000e+00		2.00000024999998e+03
4.54000000000000e+01    	-4.53999943249759e+01 	 -2.00000000053374e+01   -1.85000000000000e+01 	-2.00000000000000e+03	 2.66772961927558e-05	0.00000000000000e+00		2.00000024999998e+03
4.55000000000000e+01    	-4.54999943124758e+01 	 -2.00000000039695e+01   -1.85000000000000e+01 	-2.00000000000000e+03	 2.78256576388180e-05	0.00000000000000e+00		2.00000024999998e+03
4.56000000000000e+01    	-4.55999942999757e+01 	 -2.00000000025754e+01   -1.85000000000000e+01 	-2.00000000000000e+03	 2.77467647928204e-05	0.00000000000000e+00		2.00000024999998e+03
4.57000000000000e+01    	-4.56999942874756e+01 	 -2.00000000012129e+01   -1.85000000000000e+01 	-2.00000000000000e+03	 2.65826733074736e-05	0.00000000000000e+00		2.00000024999998e+03
4.58000000000000e+01    	-4.57999942749755e+01 	 -1.99999999999323e+01   -1.85000000000000e+01 	-2.00000000000000e+03	 2.45085704309821e-05	0.00000000000000e+00		2.00000024999998e+03
4.59000000000000e+01    	-4.58999942624754e+01 	 -1.99999999987740e+01   -1.85000000000000e+01 	-2.00000000000000e+03	 2.17210967812193e-05	0.00000000000000e+00		2.00000024999998e+03
4.60000000000000e+01    	-4.59999942499753e+01 	 -1.99999999977686e+01   -1.85000000000000e+01 	-2.00000000000000e+03	 1.84267649924751e-05	0.00000000000000e+00		2.00000024999998e+03
4.61000000000000e+01    	-4.60999942374752e+01 	 -1.99999999969363e+01   -1.85000000000000e+01 	-2.00000000000000e+03	 1.48310492552828e-05	0.00000000000000e+00		2.00000024999998e+03
4.62000000000000e+01    	-4.61999942249751e+01 	 -1.99999999962873e+01   -1.85000000000000e+01 	-2.00000000000000e+03	 1.11286368493169e-05	0.00000000000000e+00		2.00000024999998e+03
4.63000000000000e+01    	-4.62999942124750e+01 	 -1.99999999958223e+01   -1.85000000000000e+01 	-2.00000000000000e+03	 7.49523038017597e-06	0.00000000000000e+00		2.00000024999998e+03
4.64000000000000e+01    	-4.63999941999749e+01 	 -1.99999999955341e+01   -1.85000000000000e+01 	-2.00000000000000e+03	 4.08117439502922e-06	0.00000000000000e+00		2.00000024999998e+03
4.65000000000000e+01    	-4.64999941874748e+01 	 -1.99999999954085e+01   -1.85000000000000e+01 	-2.00000000000000e+03	 1.00705946450093e-06	0.00000000000000e+00		2.00000024999998e+03
4.66000000000000e+01    	-4.65999941749747e+01 	 -1.99999999954262e+01   -1.85000000000000e+01 	-2.00000000000000e+03	 -1.63866239263828e-06	0.00000000000000e+00		2.00000024999998e+03
4.67000000000000e+01    	-4.66999941624746e+01 	 -1.99999999955643e+01   -1.85000000000000e+01 	-2.00000000000000e+03	 -3.80012845634396e-06	0.00000000000000e+00		2.00000024999998e+03
4.68000000000000e+01    	-4.67999941499745e+01 	 -1.99999999957977e+01   -1.85000000000000e+01 	-2.00000000000000e+03	 -5.45275774487525e-06	0.00000000000000e+00		2.00000024999998e+03
4.69000000000000e+01    	-4.68999941374744e+01 	 -1.99999999961011e+01   -1.85000000000000e+01 	-2.00000000000000e+03	 -6.60044080077712e-06	0.00000000000000e+00		2.00000024999998e+03
4.70000000000000e+01    	-4.69999941249743e+01 	 -1.99999999964498e+01   -1.85000000000000e+01 	-2.00000000000000e+03	 -7.27154155621975e-06	0.00000000000000e+00		2.00000024999998e+03
4.71000000000000e+01    	-4.70999941124742e+01 	 -1.99999999968211e+01   -1.85000000000000e+01 	-2.00000000000000e+03	 -7.51406226362197e-06	0.00000000000000e+00		2.00000024999998e+03
4.72000000000000e+01    	-4.71999940999741e+01 	 -1.99999999971951e+01   -1.85000000000000e+01 	-2.00000000000000e+03	 -7.39033553289391e-06	0.00000000000000e+00		2.00000024999998e+03
4.73000000000000e+01    	-4.72999940874740e+01 	 -1.99999999975552e+01   -1.85000000000000e+01 	-2.00000000000000e+03	 -6.97159839225291e-06	0.00000000000000e+00		2.00000024999998e+03
4.74000000000000e+01    	-4.73999940749739e+01 	 -1.99999999978886e+01   -1.85000000000000e+01 	-2.00000000000000e+03	 -6.33277420992410e-06	0.00000000000000e+00		2.00000024999998e+03
4.75000000000000e+01    	-4.74999940624738e+01 	 -1.99999999981861e+01   -1.85000000000000e+01 	-2.00000000000000e+03	 -5.54774254249454e-06	0.00000000000000e+00		2.00000024999998e+03
4.76000000000000e+01    	-4.75999940499737e+01 	 -1.99999999984421e+01   -1.85000000000000e+01 	-2.00000000000000e+03	 -4.68531854652202e-06	0.00000000000000e+00		2.00000024999998e+03
4.77000000000000e+01    	-4.76999940374736e+01 	 -1.99999999986543e+01   -1.85000000000000e+01 	-2.00000000000000e+03	 -3.80609703077086e-06	0.00000000000000e+00		2.00000024999998e+03
4.78000000000000e+01    	-4.77999940249735e+01 	 -1.99999999988233e+01   -1.85000000000000e+01 	-2.00000000000000e+03	 -2.96024626049784e-06	0.00000000000000e+00		2.00000024999998e+03
4.79000000000000e+01    	-4.78999940124734e+01 	 -1.99999999989516e+01   -1.85000000000000e+01 	-2.00000000000000e+03	 -2.18626786186087e-06	0.00000000000000e+00		2.00000024999998e+03
4.80000000000000e+01    	-4.79999939999733e+01 	 -1.99999999990435e+01   -1.85000000000000e+01 	-2.00000000000000e+03	 -1.51067585271009e-06	0.00000000000000e+00		2.00000024999998e+03
4.81000000000000e+01    	-4.80999939874732e+01 	 -1.99999999991045e+01   -1.85000000000000e+01 	-2.00000000000000e+03	 -9.48493549801985e-07	0.00000000000000e+00		2.00000024999998e+03
4.82000000000000e+01    	-4.81999939749731e+01 	 -1.99999999991404e+01   -1.85000000000000e+01 	-2.00000000000000e+03	 -5.04424668495303e-07	0.00000000000000e+00		2.00000024999998e+03
4.83000000000000e+01    	-4.82999939624730e+01 	 -1.99999999991569e+01   -1.85000000000000e+01 	-2.00000000000000e+03	 -1.74526182311116e-07	0.00000000000000e+00		2.00000024999998e+03
4.84000000000000e+01    	-4.83999939499729e+01 	 -1.99999999991595e+01   -1.85000000000000e+01 	-2.00000000000000e+03	 5.18037229409115e-08	0.00000000000000e+00		2.00000024999998e+03
4.85000000000000e+01    	-4.84999939374728e+01 	 -1.99999999991532e+01   -1.85000000000000e+01 	-2.00000000000000e+03	 1.89709171098468e-07	0.00000000000000e+00		2.00000024999998e+03
4.86000000000000e+01    	-4.85999939249727e+01 	 -1.99999999991418e+01   -1.85000000000000e+01 	-2.00000000000000e+03	 2.56804881428403e-07	0.00000000000000e+00		2.00000024999998e+03
4.87000000000000e+01    	-4.86999939124726e+01 	 -1.99999999991284e+01   -1.85000000000000e+01 	-2.00000000000000e+03	 2.71298004939246e-07	0.00000000000000e+00		2.00000024999998e+03
4.88000000000000e+01    	-4.87999938999724e+01 	 -1.99999999991152e+01   -1.85000000000000e+01 	-2.00000000000000e+03	 2.50419203787271e-07	0.00000000000000e+00		2.00000024999998e+03
4.89000000000000e+01    	-4.88999938874723e+01 	 -1.99999999991037e+01   -1.85000000000000e+01 	-2.00000000000000e+03	 2.09240053430774e-07	0.00000000000000e+00		2.00000024999998e+03
4.90000000000000e+01    	-4.89999938749722e+01 	 -1.99999999990944e+01   -1.85000000000000e+01 	-2.00000000000000e+03	 1.59913005643987e-07	0.00000000000000e+00		2.00000024999998e+03
4.91000000000000e+01    	-4.90999938624721e+01 	 -1.99999999990877e+01   -1.85000000000000e+01 	-2.00000000000000e+03	 1.11330348043757e-07	0.00000000000000e+00		2.00000024999998e+03
4.92000000000000e+01    	-4.91999938499720e+01 	 -1.99999999990832e+01   -1.85000000000000e+01 	-2.00000000000000e+03	 6.91628492597717e-08	0.00000000000000e+00		2.00000024999998e+03
4.93000000000000e+01    	-4.92999938374719e+01 	 -1.99999999990806e+01   -1.85000000000000e+01 	-2.00000000000000e+03	 3.62096477592130e-08	0.00000000000000e+00		2.00000024999998e+03
4.94000000000000e+01    	-4.93999938249718e+01 	 -1.99999999990794e+01   -1.85000000000000e+01 	-2.00000000000000e+03	 1.29703605536996e-08	0.00000000000000e+00		2.00000024999998e+03
4.95000000000000e+01    	-4.94999938124717e+01 	 -1.99999999990792e+01   -1.85000000000000e+01 	-2.00000000000000e+03	 -1.66045769010565e-09	0.00000000000000e+00		2.00000024999998e+03
4.96000000000000e+01    	-4.95999937999716e+01 	 -1.99999999990795e+01   -1.85000000000000e+01 	-2.00000000000000e+03	 -9.67711011317418e-09	0.00000000000000e+00		2.00000024999998e+03
4.97000000000000e+01    	-4.96999937874715e+01 	 -1.99999999990801e+01   -1.85000000000000e+01 	-2.00000000000000e+03	 -1.33164851177391e-08	0.00000000000000e+00		2.00000024999998e+03
4.98000000000000e+01    	-4.97999937749714e+01 	 -1.99999999990808e+01   -1.85000000000000e+01 	-2.00000000000000e+03	 -1.45560188280092e-08	0.00000000000000e+00		2.00000024999998e+03
4.99000000000000e+01    	-4.98999937624713e+01 	 -1.99999999990815e+01   -1.85000000000000e+01 	-2.00000000000000e+03	 -1.48062544691370e-08	0.00000000000000e+00		2.00000024999998e+03
5.00000000000000e+01    	-4.99999937499712e+01 	 -1.99999999990822e+01   -1.85000000000000e+01 	-2.00000000000000e+03	 -1.48202436645537e-08	0.00000000000000e+00		2.00000024999998e+03
5.01000000000000e+01    	-5.00999937374711e+01 	 -1.99999999990830e+01   -1.85000000000000e+01 	-2.00000000000000e+03	 -1.48202436645537e-08	0.00000000000000e+00		2.00000024999998e+03
5.02000000000000e+01    	-5.01999937249710e+01 	 -1.99999999990837e+01   -1.85000000000000e+01 	-2.00000000000000e+03	 -1.48202436645537e-08	0.00000000000000e+00		2.00000024999998e+03
5.03000000000000e+01    	-5.02999937124709e+01 	 -1.99999999990844e+01   -1.85000000000000e+01 	-2.00000000000000e+03	 -1.48202436645537e-08	0.00000000000000e+00		2.00000024999998e+03
5.04000000000000e+01    	-5.03999936999708e+01 	 -1.99999999990851e+01   -1.85000000000000e+01 	-2.00000000000000e+03	 -1.48202436645537e-08	0.00000000000000e+00		2.00000024999998e+03
5.05000000000000e+01    	-5.04999936874707e+01 	 -1.99999999990858e+01   -1.85000000000000e+01 	-2.00000000000000e+03	 -1.48202436645537e-08	0.00000000000000e+00		2.00000024999998e+03
5.06000000000000e+01    	-5.05999936749706e+01 	 -1.99999999990865e+01   -1.85000000000000e+01 	-2.00000000000000e+03	 -1.48202436645537e-08	0.00000000000000e+00		2.00000024999998e+03
5.07000000000000e+01    	-5.06999936624705e+01 	 -1.99999999990872e+01   -1.85000000000000e+01 	-2.00000000000000e+03	 -1.48202436645537e-08	0.00000000000000e+00		2.00000024999998e+03
5.08000000000000e+01    	-5.07999936499704e+01 	 -1.99999999990879e+01   -1.85000000000000e+01 	-2.00000000000000e+03	 -1.48202436645537e-08	0.00000000000000e+00		2.00000024999998e+03
5.09000000000000e+01    	-5.08999936374703e+01 	 -1.99999999990886e+01   -1.85000000000000e+01 	-2.00000000000000e+03	 -1.48202436645537e-08	0.00000000000000e+00		2.00000024999998e+03
5.10000000000000e+01    	-5.09999936249702e+01 	 -1.99999999990893e+01   -1.85000000000000e+01 	-2.00000000000000e+03	 -1.48202436645537e-08	0.00000000000000e+00		2.00000024999998e+03
5.11000000000000e+01    	-5.10999936124701e+01 	 -1.99999999990901e+01   -1.85000000000000e+01 	-2.00000000000000e+03	 -1.48202436645537e-08	0.00000000000000e+00		2.00000024999998e+03
5.12000000000000e+01    	-5.11999935999700e+01 	 -1.99999999990908e+01   -1.85000000000000e+01 	-2.00000000000000e+03	 -1.48202436645537e-08	0.00000000000000e+00		2.00000024999998e+03
5.13000000000000e+01    	-5.12999935874699e+01 	 -1.99999999990915e+01   -1.85000000000000e+01 	-2.00000000000000e+03	 -1.48202436645537e-08	0.00000000000000e+00		2.00000024999998e+03
5.14000000000000e+01    	-5.13999935749698e+01 	 -1.99999999990922e+01   -1.85000000000000e+01 	-2.00000000000000e+03	 -1.48202436645537e-08	0.00000000000000e+00		2.00000024999998e+03
5.15000000000000e+01    	-5.14999935624697e+01 	 -1.99999999990929e+01   -1.85000000000000e+01 	-2.00000000000000e+03	 -1.48202436645537e-08	0.00000000000000e+00		2.00000024999998e+03
5.16000000000000e+01    	-5.15999935499696e+01 	 -1.99999999990936e+01   -1.85000000000000e+01 	-2.00000000000000e+03	 -1.48202436645537e-08	0.00000000000000e+00		2.00000024999998e+03
5.17000000000000e+01    	-5.16999935374695e+01 	 -1.99999999990943e+01   -1.85000000000000e+01 	-2.00000000000000e+03	 -1.48202436645537e-08	0.00000000000000e+00		2.00000024999998e+03
5.18000000000000e+01    	-5.17999935249694e+01 	 -1.99999999990950e+01   -1.85000000000000e+01 	-2.00000000000000e+03	 -1.48202436645537e-08	0.00000000000000e+00		2.00000024999998e+03
5.19000000000000e+01    	-5.18999935124693e+01 	 -1.99999999990957e+01   -1.85000000000000e+01 	-2.00000000000000e+03	 -1.48202436645537e-08	0.00000000000000e+00		2.00000024999998e+03
5.20000000000000e+01    	-5.19999934999692e+01 	 -1.99999999990965e+01   -1.85000000000000e+01 	-2.00000000000000e+03	 -1.48202436645537e-08	0.00000000000000e+00		2.00000024999998e+03
5.21000000000000e+01    	-5.20999934874691e+01 	 -1.99999999990972e+01   -1.85000000000000e+01 	-2.00000000000000e+03	 -1.48202436645537e-08	0.00000000000000e+00		2.00000024999998e+03
5.22000000000000e+01    	-5.21999934749690e+01 	 -1.99999999990979e+01   -1.85000000000000e+01 	-2.00000000000000e+03	 -1.48202436645537e-08	0.00000000000000e+00		2.00000024999998e+03
5.23000000000000e+01    	-5.22999934624689e+01 	 -1.99999999990986e+01   -1.85000000000000e+01 	-2.00000000000000e+03	 -1.48202436645537e-08	0.00000000000000e+00		2.00000024999998e+03
5.24000000000000e+01    	-5.23999934499688e+01 	 -1.99999999990993e+01   -1.85000000000000e+01 	-2.00000000000000e+03	 -1.48202436645537e-08	0.00000000000000e+00		2.00000024999998e+03
5.25000000000000e+01    	-5.24999934374687e+01 	 -1.99999999991000e+01   -1.85000000000000e+01 	-2.00000000000000e+03	 -1.48202436645537e-08	0.00000000000000e+00		2.00000024999998e+03
5.26000000000000e+01    	-5.25999934249686e+01 	 -1.99999999991007e+01   -1.85000000000000e+01 	-2.00000000000000e+03	 -1.48202436645537e-08	0.00000000000000e+00		2.00000024999998e+03
5.27000000000000e+01    	-5.26999934124685e+01 	 -1.99999999991014e+01   -1.85000000000000e+01 	-2.00000000000000e+03	 -1.48202436645537e-08	0.00000000000000e+00		2.00000024999998e+03
5.28000000000000e+01    	-5.27999933999684e+01 	 -1.99999999991021e+01   -1.85000000000000e+01 	-2.00000000000000e+03	 -1.48202436645537e-08	0.00000000000000e+00		2.00000024999998e+03
5.29000000000000e+01    	-5.28999933874683e+01 	 -1.99999999991028e+01   -1.85000000000000e+01 	-2.00000000000000e+03	 -1.48202436645537e-08	0.00000000000000e+00		2.00000024999998e+03
5.30000000000000e+01    	-5.29999933749682e+01 	 -1.99999999991036e+01   -1.85000000000000e+01 	-2.00000000000000e+03	 -1.48202436645537e-08	0.00000000000000e+00		2.00000024999998e+03
5.31000000000000e+01    	-5.30999933624681e+01 	 -1.99999999991043e+01   -1.85000000000000e+01 	-2.00000000000000e+03	 -1.48202436645537e-08	0.00000000000000e+00		2.00000024999998e+03
5.32000000000000e+01    	-5.31999933499680e+01 	 -1.99999999991050e+01   -1.85000000000000e+01 	-2.00000000000000e+03	 -1.48202436645537e-08	0.00000000000000e+00		2.00000024999998e+03
5.33000000000000e+01    	-5.32999933374679e+01 	 -1.99999999991057e+01   -1.85000000000000e+01 	-2.00000000000000e+03	 -1.48202436645537e-08	0.00000000000000e+00		2.00000024999998e+03
5.34000000000000e+01    	-5.33999933249678e+01 	 -1.99999999991064e+01   -1.85000000000000e+01 	-2.00000000000000e+03	 -1.48202436645537e-08	0.00000000000000e+00		2.00000024999998e+03
5.35000000000000e+01    	-5.34999933124677e+01 	 -1.99999999991071e+01   -1.85000000000000e+01 	-2.00000000000000e+