tfwhm	phi	r	period	raio_max	px_mean	x_f	eta
10	0.00000000000000e+00	1.00000000000000e+00	3.53723318008791e+02	1.94380715493030e+00	-4.08340545442018e-01	-4.94883464000000e+02	2.47689041399169e+01
20	0.00000000000000e+00	1.00000000000000e+00	3.21177527246022e+02	1.53569020919385e+00	-6.09197593755214e-01	-7.28438436000000e+02	2.66095714371127e+01
30	0.00000000000000e+00	1.00000000000000e+00	3.08721016916961e+02	1.35464797786444e+00	-6.89822884641631e-01	-8.40266453000000e+02	2.73833776390485e+01
40	0.00000000000000e+00	1.00000000000000e+00	3.00930083434492e+02	1.22774759825026e+00	-7.41400349223213e-01	-9.18772549000000e+02	2.78786472212939e+01
50	0.00000000000000e+00	1.00000000000000e+00	2.95951039498437e+02	1.12900116893389e+00	-7.74902007396861e-01	-9.72489152000000e+02	2.82216503018154e+01
60	0.00000000000000e+00	1.00000000000000e+00	2.92322199143397e+02	1.07655948076356e+00	-8.00211684596072e-01	-1.01471617000000e+03	2.84801124548122e+01
70	0.00000000000000e+00	1.00000000000000e+00	2.89575970418182e+02	1.02164087393951e+00	-8.19417582155120e-01	-1.04799303000000e+03	2.86708881602096e+01
80	0.00000000000000e+00	1.00000000000000e+00	2.87262902480756e+02	9.76934771302733e-01	-8.34636190442463e-01	-1.07508498000000e+03	2.68261964604751e+01
90	0.00000000000000e+00	1.00000000000000e+00	2.85491155179466e+02	9.38644854405073e-01	-8.47126180805457e-01	-1.09794082000000e+03	2.89723388999094e+01
100	0.00000000000000e+00	1.00000000000000e+00	2.83952385929149e+02	9.04098890379926e-01	-8.57486119285260e-01	-1.11728642000000e+03	2.91011768176463e+01
110	0.00000000000000e+00	1.00000000000000e+00	2.82736595085555e+02	8.76585350593624e-01	-8.66328449897013e-01	-1.13400859000000e+03	2.91920874919497e+01
120	0.00000000000000e+00	1.00000000000000e+00	2.81655314376513e+02	8.50728661274303e-01	-8.73982773576509e-01	-1.14871718000000e+03	2.92959443740659e+01
130	0.00000000000000e+00	1.00000000000000e+00	2.80692727923777e+02	8.27749039879513e-01	-8.80587530056306e-01	-1.16163101000000e+03	2.93498941219719e+01
140	0.00000000000000e+00	1.00000000000000e+00	2.79967482499449e+02	8.07242292021637e-01	-8.86474272659267e-01	-1.17318871000000e+03	2.94270120824755e+01
150	0.00000000000000e+00	1.00000000000000e+00	2.79174649856392e+02	7.87804177486402e-01	-8.91673906594119e-01	-1.18356519000000e+03	2.94987069965219e+01
160	0.00000000000000e+00	1.00000000000000e+00	3.18603319348334e+02	7.71020781968957e-01	-8.96354669042448e-01	-1.19294188000000e+03	3.38040657133434e+01
170	0.00000000000000e+00	1.00000000000000e+00	2.78020888453281e+02	7.54363338948697e-01	-9.00576680109344e-01	-1.20148501000000e+03	2.96183759625799e+01
180	0.00000000000000e+00	1.00000000000000e+00	2.77411118020307e+02	7.39466247161664e-01	-9.04429403814657e-01	-1.20930246000000e+03	2.96481705220648e+01
190	0.00000000000000e+00	1.00000000000000e+00	2.77035181090759e+02	7.26315866333589e-01	-9.07892871624881e-01	-1.21644714000000e+03	2.96953030666117e+01
200	0.00000000000000e+00	1.00000000000000e+00	2.76540139938503e+02	7.13259972321502e-01	-9.11100103663362e-01	-1.22306373000000e+03	2.97378675256408e+01
210	0.00000000000000e+00	1.00000000000000e+00	2.76182324127142e+02	7.01276692764507e-01	-9.14056212089297e-01	-1.22919459000000e+03	2.97852461163510e+01
220	0.00000000000000e+00	1.00000000000000e+00	2.75717970404280e+02	6.90296789228535e-01	-9.16774774200048e-01	-1.23487817000000e+03	2.97994424797849e+01
230	0.00000000000000e+00	1.00000000000000e+00	2.75701609306488e+02	6.79399539329689e-01	-9.19282651624160e-01	-1.24017780000000e+03	2.98820079876374e+01
240	0.00000000000000e+00	1.00000000000000e+00	2.75208428017888e+02	6.69109993565995e-01	-9.21655274871022e-01	-1.24515162000000e+03	2.98933543918053e+01
250	0.00000000000000e+00	1.00000000000000e+00	2.74965103663924e+02	6.59404071345906e-01	-9.23835789851323e-01	-1.24978828000000e+03	2.98994012736198e+01
260	0.00000000000000e+00	1.00000000000000e+00	2.74590247363458e+02	6.51040097461801e-01	-9.25895406657093e-01	-1.25417139000000e+03	2.99237172524765e+01
270	0.00000000000000e+00	1.00000000000000e+00	2.74409130976593e+02	6.42288903168406e-01	-9.27821296011297e-01	-1.25828509000000e+03	2.99543558672407e+01
280	0.00000000000000e+00	1.00000000000000e+00	2.74176355203795e+02	6.34325078164561e-01	-9.29627791848574e-01	-1.26215765000000e+03	2.99944297090111e+01
290	0.00000000000000e+00	1.00000000000000e+00	2.73969882463206e+02	6.26575399587449e-01	-9.31341760177295e-01	-1.26583941000000e+03	3.00046665381779e+01
300	0.00000000000000e+00	1.00000000000000e+00	2.73752435413583e+02	6.18922122099168e-01	-9.32945146031511e-01	-1.26931653000000e+03	3.00294091500876e+01
310	0.00000000000000e+00	1.00000000000000e+00	2.73584430642459e+02	6.12353479000566e-01	-9.34462734860481e-01	-1.27261116000000e+03	3.00439366286751e+01
320	0.00000000000000e+00	1.00000000000000e+00	2.73480234171275e+02	6.05051465276630e-01	-9.35900848893106e-01	-1.27575155000000e+03	3.00986003264744e+01
330	0.00000000000000e+00	1.00000000000000e+00	2.73250225036373e+02	5.98604898775299e-01	-9.37272671893995e-01	-1.27873689000000e+03	3.01064204826818e+01
340	0.00000000000000e+00	1.00000000000000e+00	2.73042542553231e+02	5.92330822967815e-01	-9.38571931827767e-01	-1.28158527000000e+03	3.01167205303898e+01
350	0.00000000000000e+00	1.00000000000000e+00	2.73082007213070e+02	5.85814120137013e-01	-9.39817496976581e-01	-1.28431198000000e+03	3.01347301399352e+01
360	0.00000000000000e+00	1.00000000000000e+00	2.72765377774599e+02	5.80985065875467e-01	-9.40994583516377e-01	-1.28691337000000e+03	3.01330418858018e+01
370	0.00000000000000e+00	1.00000000000000e+00	2.72619932372688e+02	5.75201414922977e-01	-9.42121261006930e-01	-1.28939872000000e+03	3.01502819209207e+01
380	0.00000000000000e+00	1.00000000000000e+00	2.72494610601204e+02	5.70206091672054e-01	-9.43196947279346e-01	-1.29178205000000e+03	3.01697881595059e+01
390	0.00000000000000e+00	1.00000000000000e+00	2.72370915416133e+02	5.64199140738818e-01	-9.44228738461713e-01	-1.29407397000000e+03	3.01895179298085e+01
400	0.00000000000000e+00	1.00000000000000e+00	2.72262937145515e+02	5.59316871926441e-01	-9.45212650760033e-01	-1.29626380000000e+03	3.02110354770338e+01
410	0.00000000000000e+00	1.00000000000000e+00	2.72143749359766e+02	5.55014308792029e-01	-9.46153971210277e-01	-1.29837473000000e+03	3.02094234937826e+01
420	0.00000000000000e+00	1.00000000000000e+00	2.71995058892812e+02	5.50251509327784e-01	-9.47058610166101e-01	-1.30040158000000e+03	3.02264710628553e+01
430	0.00000000000000e+00	1.00000000000000e+00	2.71933899370534e+02	5.45461957596117e-01	-9.47931429564025e-01	-1.30235878000000e+03	3.02532945898492e+01
440	0.00000000000000e+00	1.00000000000000e+00	2.71768562690588e+02	5.41362696966631e-01	-9.48762151404775e-01	-1.30424382000000e+03	3.02685750013316e+01
450	0.00000000000000e+00	1.00000000000000e+00	2.71716554567643e+02	5.37008668423300e-01	-9.49574881921116e-01	-1.30606187000000e+03	3.02627825294045e+01
460	0.00000000000000e+00	1.00000000000000e+00	2.71557022585748e+02	5.32618710563365e-01	-9.50344155136101e-01	-1.30781426000000e+03	3.02787377843231e+01
470	0.00000000000000e+00	1.00000000000000e+00	2.71479585958563e+02	5.28939008228696e-01	-9.51088996648916e-01	-1.30950609000000e+03	3.02701035633882e+01
480	0.00000000000000e+00	1.00000000000000e+00	2.71542528407393e+02	5.25151803623694e-01	-9.51813893905332e-01	-1.31114946000000e+03	3.03109184954763e+01
490	0.00000000000000e+00	1.00000000000000e+00	2.71284742964439e+02	5.20822536834124e-01	-9.52508485323967e-01	-1.31272947000000e+03	3.02917183525688e+01
500	0.00000000000000e+00	1.00000000000000e+00	2.71189922303257e+02	5.17328864877130e-01	-9.53176579151650e-01	-1.31426433000000e+03	3.03149804338054e+01
510	0.00000000000000e+00	1.00000000000000e+00	2.71061204759540e+02	5.13508603905213e-01	-9.53830915550254e-01	-1.31574952000000e+03	3.03345011749585e+01
520	0.00000000000000e+00	1.00000000000000e+00	2.71050770217435e+02	5.10243493841773e-01	-9.54460735067070e-01	-1.31719013000000e+03	3.03333334437444e+01
530	0.00000000000000e+00	1.00000000000000e+00	2.70896870410607e+02	5.06830463662384e-01	-9.55068914608653e-01	-1.31858808000000e+03	3.03500753086826e+01
540	0.00000000000000e+00	1.00000000000000e+00	2.70850574434161e+02	5.03390461225211e-01	-9.55650349962365e-01	-1.31993761000000e+03	3.03448885142781e+01
550	0.00000000000000e+00	1.00000000000000e+00	2.70748077687621e+02	5.00142845673575e-01	-9.56221297370984e-01	-1.32125463000000e+03	3.03674275459911e+01
560	0.00000000000000e+00	1.00000000000000e+00	2.70708109708768e+02	4.97119076771211e-01	-9.56777824279343e-01	-1.32253834000000e+03	3.03629446897790e+01
570	0.00000000000000e+00	1.00000000000000e+00	2.70591170330828e+02	4.93917897471382e-01	-9.57312635804433e-01	-1.32377663000000e+03	3.03839075829693e+01
580	0.00000000000000e+00	1.00000000000000e+00	2.70510131190369e+02	4.89986591651822e-01	-9.57838031086404e-01	-1.32498359000000e+03	3.03748079299714e+01
590	0.00000000000000e+00	1.00000000000000e+00	2.70405533363327e+02	4.87190771824373e-01	-9.58348206596875e-01	-1.32615958000000e+03	3.03706003381047e+01
600	0.00000000000000e+00	1.00000000000000e+00	3.02902949233414e+02	4.84332031648428e-01	-9.58839425328239e-01	-1.32730119000000e+03	3.40588010911229e+01
610	0.00000000000000e+00	1.00000000000000e+00	2.70190741993953e+02	4.82147661471518e-01	-9.59320651115561e-01	-1.32841595000000e+03	3.03805980150550e+01
620	0.00000000000000e+00	1.00000000000000e+00	2.70206179667992e+02	4.79378844599729e-01	-9.59787983354153e-01	-1.32950291000000e+03	3.04165345937944e+01
630	0.00000000000000e+00	1.00000000000000e+00	2.70122073920145e+02	4.76411031902624e-01	-9.60241015834263e-01	-1.33055752000000e+03	3.04070669887527e+01
640	0.00000000000000e+00	1.00000000000000e+00	2.93241998731491e+02	4.73810544394265e-01	-9.60686985591535e-01	-1.33159034000000e+03	3.30096277210583e+01
650	0.00000000000000e+00	1.00000000000000e+00	2.70000475111711e+02	4.71223317585818e-01	-9.61115720929067e-01	-1.33259277000000e+03	3.04276306058870e+01
660	0.00000000000000e+00	1.00000000000000e+00	2.69890639526246e+02	4.68976055123982e-01	-9.61538432832880e-01	-1.33357601000000e+03	3.04152527142535e+01
670	0.00000000000000e+00	1.00000000000000e+00	2.69912722406330e+02	4.66109652653108e-01	-9.61948684421528e-01	-1.33453289000000e+03	3.04177413384592e+01
680	0.00000000000000e+00	1.00000000000000e+00	2.69798710497868e+02	4.63826720570324e-01	-9.62345422784434e-01	-1.33546623000000e+03	3.04391961671271e+01
690	0.00000000000000e+00	1.00000000000000e+00	2.93448301800580e+02	4.61233496938344e-01	-9.62743621244458e-01	-1.33638469000000e+03	3.31073873812631e+01
700	0.00000000000000e+00	1.00000000000000e+00	2.69712760553864e+02	4.58608653748103e-01	-9.63115736833907e-01	-1.33726666000000e+03	3.04294991333597e+01
710	0.00000000000000e+00	1.00000000000000e+00	2.69692403945339e+02	4.56560337147421e-01	-9.63499647494961e-01	-1.33814734000000e+03	3.04615697765578e+01
720	0.00000000000000e+00	1.00000000000000e+00	2.69662616907153e+02	4.54424572717710e-01	-9.63859751476470e-01	-1.33899631000000e+03	3.04582053512760e+01
730	0.00000000000000e+00	1.00000000000000e+00	2.69510305443487e+02	4.51887484126155e-01	-9.64210282188320e-01	-1.33982663000000e+03	2.84474750826528e+01
740	0.00000000000000e+00	1.00000000000000e+00	2.69518279702496e+02	4.50052178888566e-01	-9.64561556285655e-01	-1.34064632000000e+03	3.04474035655597e+01
750	0.00000000000000e+00	1.00000000000000e+00	2.69391851260776e+02	4.47808064809136e-01	-9.64900592401129e-01	-1.34144262000000e+03	3.04675400739315e+01
760	0.00000000000000e+00	1.00000000000000e+00	2.69317360090321e+02	4.45545210331191e-01	-9.65230328278990e-01	-1.34222022000000e+03	3.04591153101150e+01
770	0.00000000000000e+00	1.00000000000000e+00	2.69338902310860e+02	4.43898457760066e-01	-9.65557750041734e-01	-1.34298990000000e+03	3.04615516810166e+01
780	0.00000000000000e+00	1.00000000000000e+00	2.69231081241670e+02	4.40948673563666e-01	-9.65870769192590e-01	-1.34373688000000e+03	3.04493573895747e+01
790	0.00000000000000e+00	1.00000000000000e+00	2.69247162781686e+02	4.39724948269392e-01	-9.66184146692086e-01	-1.34446890000000e+03	3.04856546791002e+01
800	0.00000000000000e+00	1.00000000000000e+00	2.97763387336163e+02	4.37650489098142e-01	-9.66485487283525e-01	-1.34518821000000e+03	3.37144195267520e+01
810	0.00000000000000e+00	1.00000000000000e+00	2.69164496479426e+02	4.35604153235975e-01	-9.66780232849949e-01	-1.34589386000000e+03	3.04762947426082e+01
820	0.00000000000000e+00	1.00000000000000e+00	2.68961730776479e+02	4.33779203245798e-01	-9.67069324313739e-01	-1.34657821000000e+03	3.04533364869410e+01
830	0.00000000000000e+00	1.00000000000000e+00	2.69004568936270e+02	4.31603720281870e-01	-9.67354070095876e-01	-1.34725760000000e+03	3.04927123980589e+01
840	0.00000000000000e+00	1.00000000000000e+00	2.69086063355006e+02	4.29912033033376e-01	-9.67629082426866e-01	-1.34792175000000e+03	3.05019501068547e+01
850	0.00000000000000e+00	1.00000000000000e+00	2.68935988076125e+02	4.27953100323508e-01	-9.67903225377620e-01	-1.34857403000000e+03	3.04849384912711e+01
860	0.00000000000000e+00	1.00000000000000e+00	2.68870841424874e+02	4.26205686116815e-01	-9.68171515208763e-01	-1.34921413000000e+03	3.04775538653960e+01
870	0.00000000000000e+00	1.00000000000000e+00	2.68888457253461e+02	4.24894948562233e-01	-9.68430548919551e-01	-1.34983863000000e+03	3.04795506879662e+01
880	0.00000000000000e+00	1.00000000000000e+00	2.68810148733101e+02	4.23044740992907e-01	-9.68686123028848e-01	-1.35045347000000e+03	3.05052530018780e+01
890	0.00000000000000e+00	1.00000000000000e+00	2.68772942994041e+02	4.21154527313783e-01	-9.68938963505309e-01	-1.35105919000000e+03	3.05010308008619e+01
900	0.00000000000000e+00	1.00000000000000e+00	2.68738059115708e+02	4.19453655950095e-01	-9.69186290447044e-01	-1.35165200000000e+03	3.04970720904513e+01
910	0.00000000000000e+00	1.00000000000000e+00	2.68677087046281e+02	4.17878719208313e-01	-9.69427328430199e-01	-1.35223605000000e+03	3.04901528263808e+01
920	0.00000000000000e+00	1.00000000000000e+00	2.68645378702062e+02	4.16147810325789e-01	-9.69665252425171e-01	-1.35280675000000e+03	3.05211906998347e+01
930	0.00000000000000e+00	1.00000000000000e+00	2.68567988853231e+02	4.14374475213715e-01	-9.69894879879370e-01	-1.35336909000000e+03	3.05123983269831e+01
940	0.00000000000000e+00	1.00000000000000e+00	2.68573462922786e+02	4.13180754516731e-01	-9.70120670796353e-01	-1.35392391000000e+03	3.05130202439563e+01
950	0.00000000000000e+00	1.00000000000000e+00	2.68525577819647e+02	4.11414793992374e-01	-9.70348036090540e-01	-1.35446912000000e+03	2.85210385363342e+01
960	0.00000000000000e+00	1.00000000000000e+00	2.68451961512362e+02	4.10131697687662e-01	-9.70566156671098e-01	-1.35500512000000e+03	2.85132194914818e+01
970	0.00000000000000e+00	1.00000000000000e+00	2.68453739501242e+02	4.08214300210223e-01	-9.70784457857061e-01	-1.35552928000000e+03	3.05028823553293e+01
980	0.00000000000000e+00	1.00000000000000e+00	2.68145612516860e+02	4.07153478592863e-01	-9.71000654717535e-01	-1.35604851000000e+03	3.05025299283680e+01
990	0.00000000000000e+00	1.00000000000000e+00	2.68385707722394e+02	4.05443092536094e-01	-9.71207529380187e-01	-1.35655263000000e+03	3.05298416233971e+01
1000	0.00000000000000e+00	1.00000000000000e+00	2.68321423388675e+02	4.03751300408568e-01	-9.71415775754341e-01	-1.35705594000000e+03	3.05225290487300e+01
1010	0.00000000000000e+00	1.00000000000000e+00	2.68461678240228e+02	4.02785177372807e-01	-9.71615676356328e-01	-1.35754513000000e+03	3.05384835436290e+01
1020	0.00000000000000e+00	1.00000000000000e+00	2.68286018071895e+02	4.01321049644591e-01	-9.71812393560691e-01	-1.35803146000000e+03	3.05185015663313e+01
1030	0.00000000000000e+00	1.00000000000000e+00	2.68240774466641e+02	3.99854891942163e-01	-9.72009258491000e-01	-1.35850891000000e+03	3.05481045131176e+01
1040	0.00000000000000e+00	1.00000000000000e+00	2.68160934866106e+02	3.98292467336948e-01	-9.72201346392056e-01	-1.35897852000000e+03	3.05390121278669e+01
1050	0.00000000000000e+00	1.00000000000000e+00	2.68225100971452e+02	3.97024368730340e-01	-9.72396443139246e-01	-1.35944460000000e+03	3.05463195661048e+01
1060	0.00000000000000e+00	1.00000000000000e+00	2.68210849783179e+02	3.95599548073087e-01	-9.72584960983645e-01	-1.35990040000000e+03	3.05446965958846e+01
1070	0.00000000000000e+00	1.00000000000000e+00	2.68188924153808e+02	3.93613843235865e-01	-9.72771567440548e-01	-1.36035219000000e+03	3.05421996361331e+01
1080	0.00000000000000e+00	1.00000000000000e+00	2.68151911263370e+02	3.92547690357872e-01	-9.72954276701229e-01	-1.36079521000000e+03	3.05379844915575e+01
1090	0.00000000000000e+00	1.00000000000000e+00	2.68205714183146e+02	3.91742035370472e-01	-9.73131458030270e-01	-1.36123065000000e+03	3.05441117375726e+01
1100	0.00000000000000e+00	1.00000000000000e+00	2.68148336679892e+02	3.90644194984927e-01	-9.73308613420636e-01	-1.36165800000000e+03	3.05375774067290e+01
1110	0.00000000000000e+00	1.00000000000000e+00	2.68194481194736e+02	3.88927234066964e-01	-9.73481054554063e-01	-1.36208156000000e+03	3.05776552866792e+01
1120	0.00000000000000e+00	1.00000000000000e+00	2.68196474605209e+02	3.87881830044985e-01	-9.73653519894837e-01	-1.36249832000000e+03	3.05778825613718e+01
1130	0.00000000000000e+00	1.00000000000000e+00	2.68147907949627e+02	3.86394660694448e-01	-9.73822894248898e-01	-1.36291173000000e+03	3.05723453316488e+01
1140	0.00000000000000e+00	1.00000000000000e+00	2.68172844108467e+02	3.85388855434728e-01	-9.73989878968130e-01	-1.36331823000000e+03	3.05751883777316e+01
1150	0.00000000000000e+00	1.00000000000000e+00	2.68297100348495e+02	3.84252721022051e-01	-9.74152955899854e-01	-1.36371685000000e+03	3.05893552034540e+01
1160	0.00000000000000e+00	1.00000000000000e+00	2.68231670357315e+02	3.83008510008459e-01	-9.74313664963331e-01	-1.36411054000000e+03	3.05818953343814e+01
1170	0.00000000000000e+00	1.00000000000000e+00	3.07196021866477e+02	3.81472705252967e-01	-9.74470531844391e-01	-1.36449599000000e+03	3.50243376382222e+01
1180	0.00000000000000e+00	1.00000000000000e+00	2.68256400430994e+02	3.80434257573774e-01	-9.74626054691815e-01	-1.36488252000000e+03	3.06196252350024e+01
1190	0.00000000000000e+00	1.00000000000000e+00	2.68332488540292e+02	3.79443076409204e-01	-9.74782053198092e-01	-1.36526157000000e+03	3.06283101699669e+01
1200	0.00000000000000e+00	1.00000000000000e+00	2.93857156580418e+02	3.78500121425951e-01	-9.74931019097021e-01	-1.36563296000000e+03	3.35417756767762e+01
1210	0.00000000000000e+00	1.00000000000000e+00	2.68030389997640e+02	3.77096910551531e-01	-9.75082288230724e-01	-1.36600135000000e+03	3.05938276966869e+01
1220	0.00000000000000e+00	1.00000000000000e+00	2.68407717819290e+02	3.76244629561163e-01	-9.75228994893022e-01	-1.36636280000000e+03	3.06368970753526e+01
1230	0.00000000000000e+00	1.00000000000000e+00	2.68372607142205e+02	3.75157243379363e-01	-9.75373036218410e-01	-1.36672247000000e+03	3.06328894327676e+01
1240	0.00000000000000e+00	1.00000000000000e+00	2.68471538190156e+02	3.74130038153882e-01	-9.75513091591982e-01	-1.36707602000000e+03	3.06441817322523e+01
1250	0.00000000000000e+00	1.00000000000000e+00	2.68579269832422e+02	3.72835045283278e-01	-9.75653030578741e-01	-1.36742314000000e+03	3.06564785591196e+01
1260	0.00000000000000e+00	1.00000000000000e+00	2.68639250117719e+02	3.71937107234897e-01	-9.75792697354507e-01	-1.36776847000000e+03	3.06633248966323e+01
1270	0.00000000000000e+00	1.00000000000000e+00	2.68661323082708e+02	3.70786496992898e-01	-9.75930638905694e-01	-1.36810936000000e+03	3.07008873277361e+01
1280	0.00000000000000e+00	1.00000000000000e+00	2.68734600214619e+02	3.69807045506950e-01	-9.76065856557313e-01	-1.36844405000000e+03	3.07092609668767e+01
1290	0.00000000000000e+00	1.00000000000000e+00	2.68801755144175e+02	3.68706795276165e-01	-9.76193996737718e-01	-1.36877603000000e+03	3.07169350001246e+01
1300	0.00000000000000e+00	1.00000000000000e+00	2.68861244139758e+02	3.67880916193870e-01	-9.76326901004534e-01	-1.36910456000000e+03	3.07237330197640e+01
1310	0.00000000000000e+00	1.00000000000000e+00	2.97019648662362e+02	3.66730186493489e-01	-9.76455090303211e-01	-1.36942718000000e+03	3.39414943061965e+01
1320	0.00000000000000e+00	1.00000000000000e+00	2.69156198494867e+02	3.65811482334203e-01	-9.76586333176180e-01	-1.36974719000000e+03	3.07574385056118e+01
1330	0.00000000000000e+00	1.00000000000000e+00	2.69151254008548e+02	3.64694777128402e-01	-9.76709606442995e-01	-1.37006286000000e+03	3.07568734815300e+01
1340	0.00000000000000e+00	1.00000000000000e+00	3.00449556744297e+02	3.63462691831025e-01	-9.76835385351887e-01	-1.37037471000000e+03	3.43334421324027e+01
1350	0.00000000000000e+00	1.00000000000000e+00	3.10382049754954e+02	3.62649365681838e-01	-9.76953259110892e-01	-1.37068290000000e+03	3.54701253815429e+01
1360	0.00000000000000e+00	1.00000000000000e+00	2.69506577724562e+02	3.61863914301205e-01	-9.77076482872217e-01	-1.37098626000000e+03	3.07989205902465e+01
1370	0.00000000000000e+00	1.00000000000000e+00	2.69573981468423e+02	3.60985067497811e-01	-9.77198842708569e-01	-1.37128793000000e+03	3.08418691722339e+01
1380	0.00000000000000e+00	1.00000000000000e+00	2.69710941946961e+02	3.59939590627544e-01	-9.77316476830391e-01	-1.37158484000000e+03	3.08575387748337e+01
1390	0.00000000000000e+00	1.00000000000000e+00	2.69627760114580e+02	3.58552246466266e-01	-9.77430229213960e-01	-1.37187834000000e+03	3.08480219691768e+01
1400	0.00000000000000e+00	1.00000000000000e+00	2.69966640180086e+02	3.57962416338161e-01	-9.77550842927601e-01	-1.37217192000000e+03	3.08867931242729e+01
1410	0.00000000000000e+00	1.00000000000000e+00	2.70130201317685e+02	3.57262170731894e-01	-9.77663511051069e-01	-1.37245979000000e+03	3.09055060993903e+01
1420	0.00000000000000e+00	1.00000000000000e+00	2.70253770549133e+02	3.56270816096570e-01	-9.77778348447040e-01	-1.37274324000000e+03	3.09196436138836e+01
1430	0.00000000000000e+00	1.00000000000000e+00	2.70360186298595e+02	3.55001143350977e-01	-9.77893352617718e-01	-1.37302814000000e+03	3.09318186042327e+01
1440	0.00000000000000e+00	1.00000000000000e+00	2.98131014568086e+02	3.54318278820897e-01	-9.78002646787994e-01	-1.37330707000000e+03	3.41090697900729e+01
1450	0.00000000000000e+00	1.00000000000000e+00	2.70738592068168e+02	3.53482667691420e-01	-9.78110794756121e-01	-1.37358046000000e+03	3.09751118819282e+01
1460	0.00000000000000e+00	1.00000000000000e+00	2.70827968846275e+02	3.52699238177818e-01	-9.78220906931825e-01	-1.37385257000000e+03	3.10208282752652e+01
1470	0.00000000000000e+00	1.00000000000000e+00	2.71128450679318e+02	3.51587798659006e-01	-9.78328253544068e-01	-1.37412127000000e+03	3.10552456782475e+01
1480	0.00000000000000e+00	1.00000000000000e+00	2.71329931986549e+02	3.51056303971604e-01	-9.78433122876709e-01	-1.37438534000000e+03	3.10783234905536e+01
1490	0.00000000000000e+00	1.00000000000000e+00	3.13012668142192e+02	3.50021036876463e-01	-9.78538186356683e-01	-1.37464924000000e+03	3.58526937516300e+01
1500	0.00000000000000e+00	1.00000000000000e+00	2.71713801749660e+02	3.49241369553005e-01	-9.78643856320107e-01	-1.37491236000000e+03	3.11222922063855e+01